0 0.8052202748004561 0.8639416966932726 0.8347422941847206 0.9094556681870012 0.8653233420752565 0.8973108722919042 0.83464734663626 0.8427866431014823 0.8052202748004561 0.8639416966932726
0 0.680312677309008 0.9665112485746864 0.6556321527936146 0.9368110250855188 0.611123150513113 0.9610778472063854 0.6306541847206385 0.9963699817559862 0.680312677309008 0.9665112485746864
0 0.5148022690992018 0.3656850570125428 0.44638677993158493 0.40018573888255415 0.46359625085518813 0.4347203352337514 0.5303972713797035 0.3998107251995439 0.5148022690992018 0.3656850570125428
0 0.6244609384264538 0.20907797263397945 0.5702234686431015 0.22790291334093501 0.589781889395667 0.26468496465222346 0.6368124036488026 0.2450584629418472 0.6244609384264538 0.20907797263397945
0 0.47774849030786776 0.28333722006841505 0.5001167890535918 0.32061335689851767 0.567639046750285 0.28188538312428735 0.5480220592930445 0.24777763511972634 0.47774849030786776 0.28333722006841505
0 0.451327535917902 0.15947371379703537 0.4237172337514253 0.18016060775370582 0.4414221630558723 0.20758745153933864 0.4716595233751425 0.19184585860889394 0.451327535917902 0.15947371379703537
0 0.46087149486887113 0.06550274458380843 0.4696705872291904 0.1012363968072976 0.5060618950969213 0.08473472862029648 0.49297793614595214 0.05703424857468643 0.46087149486887113 0.06550274458380843
0 0.3024891060433295 0.1960867069555302 0.32083864994298744 0.23129622462941848 0.3486255176738882 0.21657367502850627 0.3350113945267959 0.18169372405929304 0.3024891060433295 0.1960867069555302
0 0.2837439030786773 0.09001916989737742 0.2582820558722919 0.04597951197263398 0.223653070695553 0.06498677993158494 0.2544932873432155 0.11714012770809579 0.2837439030786773 0.09001916989737742
0 0.19689050057012542 0.35416966476624856 0.1682613717217788 0.3724029509692133 0.187246086659065 0.40706325085518813 0.2194516488027366 0.3834240889395667 0.19689050057012542 0.35416966476624856
0 0.21329383010262257 0.5957790136830102 0.19127065336374002 0.6216166316989737 0.20608745381984037 0.6393198859749145 0.2337171402508552 0.6129799475484606 0.21329383010262257 0.5957790136830102
0 0.9344534036488027 0.6825130296465223 0.9177549578107184 0.6492045678449259 0.887133834663626 0.6619448928164196 0.903926118586089 0.7024007491448119 0.9344534036488027 0.6825130296465223
0 0.8589761938426455 0.2397616738882554 0.8732780182440136 0.2818305461801596 0.9245172269099202 0.2633911448118586 0.9055339612314709 0.2287325131128848 0.8589761938426455 0.2397616738882554
0 0.7592169407069556 0.4333681858608894 0.7466075222348917 0.3926096237172178 0.6965834446978335 0.40220599657924744 0.7053107058152794 0.4474562565564424 0.7592169407069556 0.4333681858608894
0 0.804910441277081 0.4091857582668187 0.7865608950969213 0.37397624059293044 0.7486729087799315 0.38858608437856323 0.7673389714937286 0.42887850057012544 0.804910441277081 0.4091857582668187
0 0.1912379464082098 0.09484835689851767 0.20892469555302165 0.13953629190421893 0.24301513797035348 0.12823053135689852 0.21953584036488025 0.08135194070695553 0.1912379464082098 0.09484835689851767
0 0.8048927069555302 0.24787282098061575 0.7845193021664766 0.21609297947548461 0.7386600205245154 0.24264618015963513 0.7592672246294184 0.2765255701254276 0.8048927069555302 0.24787282098061575
0 0.6481725678449259 0.09108991106043329 0.6155980741163055 0.097740078677309 0.6312321071835804 0.15478210604332954 0.6638480182440136 0.14753963397947548 0.6481725678449259 0.09108991106043329
0 0.7021921619156215 0.06689136830102622 0.6685158973774231 0.07227409350057012 0.6764343192702394 0.1121125621436716 0.714405361459521 0.09631499201824402 0.7021921619156215 0.06689136830102622
0 1 0.32202187913340935 0.9827545849486887 0.26388133409350056 0.9452392485746864 0.27316200342075253 0.9636261527936146 0.33337253021664764 1 0.3257932337514253 1 0.32202187913340935
0 0.22000309920182443 0.20221175712656783 0.2323944230330673 0.237599834663626 0.24947303990877995 0.23462768871151654 0.23504516989737742 0.19969240136830102 0.22000309920182443 0.20221175712656783
0 0.2109734606613455 0.15277395210946407 0.19766532383124286 0.156009755986317 0.20005632725199543 0.1728425473204105 0.2166141197263398 0.16894118244013684 0.2109734606613455 0.15277395210946407
0 0.21585603192702393 0.22751536031927022 0.20133432383124286 0.23959429988597492 0.20850038882554162 0.2561673637400228 0.22749321208665907 0.24291150741163056 0.21585603192702393 0.22751536031927022
0 0.21540605245153935 0.20843749828962374 0.19280697605473202 0.21697561459521095 0.20077243443557583 0.2306285781071836 0.2145997331812999 0.2232611117445838 0.21540605245153935 0.20843749828962374