0 0.5900904789053593 0.9020727411630559 0.551993929304447 0.9070239407069556 0.5585492063854047 0.9411445074116306 0.5953093215507411 0.9357543318129989 0.5900904789053593 0.9020727411630559
0 0.7578688905359179 0.7471664549600913 0.7246796316989738 0.7621857605473205 0.7373165872291905 0.7951560467502851 0.7715364367160776 0.7823346328392247 0.7578688905359179 0.7471664549600913
0 0.7138414287343215 0.734777716077537 0.745602992018244 0.7219964355758267 0.7319569304446979 0.6653377765108324 0.7006119646522235 0.6790583740022804 0.7138414287343215 0.734777716077537
0 0.9670605518814139 0.8396018084378564 0.9571723397947549 0.7860247080957811 0.9353820832383125 0.7977644424173318 0.9496608403648803 0.8461313135689851 0.9670605518814139 0.8396018084378564
0 1 0.3706006590649943 0.9776482748004561 0.378617582668187 0.9903727616875713 0.42473151995439 1 0.42086117217787916 1 0.3706006590649943
0 0.8201790068415052 0.12027357582668188 0.8147445393386545 0.08686468985176739 0.7779212542759407 0.09672744925883695 0.7892575849486887 0.1286639338654504 0.8201790068415052 0.12027357582668188
0 0.7551366670467503 0.18866193956670468 0.722908897377423 0.2001986054732041 0.7298027537058153 0.2254025929304447 0.7643039133409351 0.2129092565564424 0.7551366670467503 0.18866193956670468
0 0.5423257491448119 0.11375523033067275 0.509196770809578 0.11684046180159637 0.5179248700114025 0.17567038540478905 0.5526395781071836 0.16737863740022804 0.5423257491448119 0.11375523033067275
0 0.3363813124287343 0.13808175142531356 0.37786438882554163 0.18602429760547318 0.4059935769669328 0.15674011402508553 0.37235681527936143 0.1126073511972634 0.3363813124287343 0.13808175142531356
0 0.3202216088939567 0.4223577080957811 0.2870323511972634 0.43737701368301024 0.29839587799315853 0.4654372930444698 0.3336264526795895 0.4470504150513113 0.3202216088939567 0.4223577080957811
0 0.3409974264538198 0.49140763511972635 0.3065030444697834 0.5074838084378563 0.32336442645381985 0.5570192246294184 0.35909986659064996 0.5365942668187 0.3409974264538198 0.49140763511972635
0 0.37205385404789054 0.649898709236032 0.33833593158494873 0.6529220387685291 0.33849422348916763 0.6911479908779932 0.3707889236031927 0.6891691151653363 0.37205385404789054 0.649898709236032
0 0.4215501083238313 0.7351017274800457 0.3809705496009122 0.7409859942987457 0.38584637514253134 0.7683643876852907 0.4270357366020524 0.7667233591790193 0.4215501083238313 0.7351017274800457
0 0.48352790649942984 0.8037059931584948 0.4508016795895097 0.8086246157354617 0.4483511174458381 0.8489660193842645 0.4902676522234891 0.8459072964652223 0.48352790649942984 0.8037059931584948
0 0.656846228050171 0.3634091356898518 0.6489274275940707 0.3422765678449259 0.6128949270239453 0.35998213911060434 0.6224759749144811 0.37830431356898514 0.656846228050171 0.3634091356898518
0 0.5030181733181299 0.6523202234891676 0.4849783318129988 0.6593794675028507 0.502042229190422 0.6913224925883694 0.5149420570125427 0.6864096031927024 0.5030181733181299 0.6523202234891676