0 0.24176970809578108 0.8468213090079817 0.23131554618015962 0.7992546237172179 0.19623794526795893 0.8009316818700114 0.20610592588369442 0.8591990045610034 0.24176970809578108 0.8468213090079817
0 0.5340004823261117 0.3139870068415051 0.5187897434435575 0.2637157274800456 0.483802165336374 0.25781450057012545 0.5024592873432155 0.31648881641961235 0.5340004823261117 0.3139870068415051
0 0.5506515724059293 0.37789175142531356 0.5384816408209806 0.3246099475484607 0.5090092884834664 0.3354785370581528 0.5212793181299886 0.38844004446978336 0.5506515724059293 0.37789175142531356
0 0.6286395769669327 0.5925803740022805 0.6196418449258837 0.5556181208665907 0.56978482668187 0.5595631448118586 0.5790174914481185 0.6046453819840365 0.6286395769669327 0.5925803740022805
0 0.6353653272519953 0.7080131778791334 0.6237963363740023 0.6733653169897378 0.5810124184720639 0.6825889623717218 0.588412952109464 0.7213738369441277 0.6353653272519953 0.7080131778791334
0 0.6492822485746864 0.7609554025085519 0.6420315062713797 0.7236535689851767 0.5974678437856328 0.7392717936145952 0.6025549236031926 0.7754820421892816 0.6492822485746864 0.7609554025085519
0 0.6651058129988597 0.8050605222348918 0.6537958631698974 0.7655218118586089 0.6026883637400228 0.7754561037628279 0.61697261345496 0.821673433295325 0.6651058129988597 0.8050605222348918
0 0.6711010478905359 0.347825251995439 0.6576533774230331 0.29418536031927023 0.6292166431014823 0.3012266510832383 0.6360510296465222 0.35403342303306723 0.6711010478905359 0.347825251995439
0 0.6772791915621437 0.21173829304446978 0.6559769714937286 0.21406443671607753 0.671770551881414 0.26422242303306726 0.6870372189281643 0.25883543101482326 0.6772791915621437 0.21173829304446978
0 0.7189658893956671 0.24899994754846067 0.7134309179019384 0.2174132337514253 0.6936722120866591 0.2179271904218928 0.7051047993158495 0.2522991345496009 0.7189658893956671 0.24899994754846067
0 0.7644174948688711 0.25589149030786773 0.7550141892816419 0.20751567616875713 0.7381813112884834 0.2138119703534778 0.7479851448118586 0.26150506727480044 0.7644174948688711 0.25589149030786773
0 0.9379746431014823 0.13928916191562143 0.9278768950969213 0.09891155302166475 0.885469055872292 0.11078238768529076 0.8972321767388826 0.1526524629418472 0.9379746431014823 0.13928916191562143
0 0.300342984036488 0.6134494914481186 0.3737104139110604 0.5991883078677309 0.3489961972633979 0.4751564378563284 0.2773281607753706 0.4981602383124287 0.300342984036488 0.6134494914481186