0 0.22881447776510833 0.7753922622576966 0.19865615051311286 0.7699759931584949 0.18356620638540477 0.7992126978335233 0.22718165336374005 0.8099753021664766 0.22881447776510833 0.7753922622576966
0 0.007186546180159635 0.7143328289623717 0.08115062143671607 0.7124705735461802 0.07563272405929304 0.680039685290764 0.03693989965792475 0.6766545017103763 0.028955705815279363 0.6565116716077537 0.002338053591790194 0.6583487810718358 0.007186546180159635 0.7143328289623717
0 0.2588848289623717 0.6863492303306727 0.2215742234891676 0.6830849760547321 0.213152511972634 0.715684401368301 0.25701082782212087 0.7236889270239453 0.2588848289623717 0.6863492303306727
0 0.769240054732041 0.8532302770809579 0.7627014982896237 0.8165458084378564 0.7250290604332954 0.8174173181299886 0.729461732041049 0.8622523876852908 0.769240054732041 0.8532302770809579
0 0.816302401368301 0.21980446750285063 0.791196779931585 0.18843920068415052 0.758023543899658 0.2174834857468643 0.7795855142531357 0.2415935438996579 0.816302401368301 0.21980446750285063
0 0.6547236316989739 0.2681716259977195 0.6655276761687572 0.3038427491448119 0.7308475815279362 0.2734435142531357 0.718783393386545 0.23627404789053594 0.6547236316989739 0.2681716259977195
0 0.6931115484606614 0.672946708095781 0.7051757377423034 0.7101161744583808 0.747475629418472 0.704094 0.7367919703534778 0.6670468814139111 0.6931115484606614 0.672946708095781
0 0.673573394526796 0.514283834663626 0.6777093420752566 0.5465906818700114 0.715502298745724 0.544341621436716 0.7158734230330673 0.5082601037628278 0.673573394526796 0.514283834663626
0 0.6366480741163056 0.23603331698973773 0.6481201014823261 0.24814958836944126 0.7105566031927024 0.21888618129988596 0.701069669327252 0.19999997263397948 0.6366480741163056 0.23603331698973773
0 0.511049921322691 0.5097878095781072 0.5014410478905359 0.4922774583808438 0.45228715621436716 0.5129800068415051 0.4555880741163056 0.5229917366020524 0.511049921322691 0.5097878095781072
0 0.5162946852907639 0.2588384196123147 0.5261447366020525 0.2735921140250855 0.5741575838084378 0.2500119794754846 0.5669528734321551 0.2368793865450399 0.5162946852907639 0.2588384196123147
0 0.45758746522234894 0.27731549714937287 0.4617896727480046 0.2929631630558723 0.5170089236031927 0.28251420182440135 0.5086614766248575 0.2665054424173318 0.45758746522234894 0.27731549714937287
0 0.3770618312428734 0.13137155302166476 0.35176128962371717 0.14999357696693272 0.36527267160775373 0.1706215416191562 0.39333751767388825 0.15224293044469786 0.3770618312428734 0.13137155302166476
0 0.6202608882554161 0.18459684720638542 0.6317330513112885 0.19671156328392247 0.660402598631699 0.1714391094640821 0.6529548836944128 0.16106615051311288 0.6202608882554161 0.18459684720638542
0 0.6442904389965793 0.1964220969213227 0.6545025940706956 0.20703691220068415 0.6828071972633979 0.18589995096921322 0.6729599874572406 0.17114964310148234 0.6442904389965793 0.1964220969213227
0 0.2227602805017104 0.3512223842645382 0.21854878221208665 0.3675204732041049 0.25862382668187 0.3710265849486887 0.2589298415051311 0.3516090535917902 0.2227602805017104 0.3512223842645382