0 0.03684043329532497 0.6247163067274801 0.03217437742303307 0.6635880364880274 0.10346533751425314 0.6653128494868872 0.10998963397947549 0.6307468449258837 0.03684043329532497 0.6247163067274801
0 0.12935649258836945 0.5496246168757126 0.19878513797035346 0.5466312132269099 0.20296429304446978 0.513886102622577 0.13520264196123147 0.5103181630558723 0.12935649258836945 0.5496246168757126
0 0.629510969213227 0.8976346590649943 0.6248032109464082 0.9342067662485747 0.6639863044469783 0.9335228221208666 0.6633747616875713 0.8984875347776511 0.629510969213227 0.8976346590649943
0 0.7801033523375142 0.815665849486887 0.8311580752565564 0.8147746864310148 0.8354616339794755 0.789156614595211 0.7820219099201824 0.7894955689851767 0.7801033523375142 0.815665849486887
0 0.849881488027366 0.9178370524515393 0.850195629418472 0.9528447137970354 0.8846589977194983 0.9540262371721779 0.891172905359179 0.9188650125427594 0.849881488027366 0.9178370524515393
0 0.5872682257696693 0.5189048392246294 0.580133779931585 0.552446961231471 0.597965881413911 0.5533249429874573 0.6039260433295325 0.5205503078677309 0.5872682257696693 0.5189048392246294
0 0.6112958950969213 0.5175946738882554 0.6062341037628278 0.5508052588369442 0.6300545860889395 0.5545463546180159 0.6312846339794754 0.5230419646522235 0.6112958950969213 0.5175946738882554
0 1 0.8821168779931584 0.9650233888255416 0.880198378563284 0.965100511972634 0.9015377833523375 1 0.901954850627138 1 0.8821168779931584
0 1 0.9126050342075256 0.9860502314709236 0.9110079771949828 0.9857513534777651 0.9279063922462942 1 0.9270871641961231 1 0.9126050342075256
0 1 0.9369602690992018 0.9847091619156214 0.9362414754846066 0.9879884127708095 0.9540041368301025 1 0.9532716761687572 1 0.9369602690992018
0 0.5063822770809578 0.9540952759407069 0.5214960843785632 0.935416157354618 0.5052806989737743 0.9250069452679589 0.4955201904218928 0.9441864595210946 0.5063822770809578 0.9540952759407069
0 0.5273629566704675 0.8972970239452679 0.5180583181299886 0.8915616624857469 0.5032198802736602 0.9090060992018244 0.5158525849486887 0.9182901676168757 0.5273629566704675 0.8972970239452679
0 0.5695938734321551 0.7991434811858609 0.5686853340935005 0.7811144036488027 0.5342362805017103 0.7807530672748005 0.5374429680729761 0.7943585496009122 0.5695938734321551 0.7991434811858609
0 0.6420210661345496 0.559683606613455 0.6693278437856329 0.5592069646522235 0.6763628734321551 0.5198797582668188 0.648512685290764 0.5233350877993158 0.6420210661345496 0.559683606613455