0 0.1009380102622577 0.08890475940706956 0.07268460091220068 0.1136558677309008 0.1252351425313569 0.18192596807297604 0.15467887913340936 0.16426419954389967 0.1009380102622577 0.08890475940706956
0 0 0.1518023614595211 0.004874928164196123 0.16296023717217786 0.04478038882554162 0.14849624629418473 0.014473980615735462 0.11450196579247433 0 0.12798212314709237 0 0.1518023614595211
0 0.18008887913340935 0.6196563785632838 0.12950092246294184 0.6344949749144811 0.13948516989737744 0.692072229190422 0.19524103990877995 0.6791341208665906 0.18008887913340935 0.6196563785632838
0 0.45204008209806157 0.13665087229190423 0.38836049942987455 0.16798609578107182 0.40673169669327247 0.2041794982896237 0.47104982896237174 0.17044552793614595 0.45204008209806157 0.13665087229190423
0 0.37039099543899656 0.31714314709236036 0.39984217217787915 0.36067308437856327 0.4473818631698974 0.34356448802736606 0.41407869327251995 0.2918514994298746 0.37039099543899656 0.31714314709236036
0 0.6800183603192702 0.3003896031927024 0.6474969087799316 0.3050883842645382 0.6605678426453819 0.3530520592930445 0.6953892508551881 0.3491625655644242 0.6800183603192702 0.3003896031927024
0 0.8204745461801597 0.6977000957810718 0.7553356818700114 0.7213628244013682 0.7736452143671607 0.7839963603192702 0.8464749760547321 0.7615503397947548 0.8204745461801597 0.6977000957810718
0 0.49580764310148234 1 0.4702981995438997 0.9487630775370581 0.4205092303306727 0.9695133283922464 0.4358540353477765 1 0.49580764310148234 1
0 0.2729669737742303 0.8457417673888254 0.2199401755986317 0.8588831938426453 0.22597583694412773 0.8975867537058153 0.28033220752565563 0.8864782896237172 0.2729669737742303 0.8457417673888254
0 0.24002171835803876 0.770251803876853 0.22391266362599774 0.768437897377423 0.23785484150513111 0.8294416077537058 0.24981104675028504 0.8293211448118587 0.24002171835803876 0.770251803876853
0 0.8213470718358038 0.8248095758266818 0.7894812280501711 0.8312693637400228 0.8089009726339795 0.9003993614595212 0.8427438848346636 0.8929793660205245 0.8213470718358038 0.8248095758266818
0 0.936938378563284 0.8504801984036487 0.8994478597491449 0.8660465188141391 0.9167679201824401 0.9195074367160775 0.9586814823261117 0.911508551881414 0.936938378563284 0.8504801984036487
0 0.6482736442417332 0.9452215416191562 0.6709717947548461 0.9943343055872292 0.7095529657924744 0.9929870216647662 0.6812100649942988 0.9301097457240592 0.6482736442417332 0.9452215416191562
0 0.5953020171037628 0.1548184196123147 0.5618010604332953 0.16549409007981755 0.5714295952109464 0.1993192884834664 0.6072915883694413 0.19182878563283923 0.5953020171037628 0.1548184196123147
0 0.5527573249714938 0.07669155302166478 0.5113395176738882 0.09893181071835805 0.5326966681870011 0.13650622234891677 0.5765970627137971 0.1126939897377423 0.5527573249714938 0.07669155302166478
0 0.5538496396807298 0 0.562025725199544 0.032106555302166474 0.6112147662485746 0.03187411630558723 0.5973976419612315 0 0.5538496396807298 0
0 0.5104635644241733 0.10787407981755986 0.477252763968073 0.12685874686431015 0.4855071345496009 0.14201740820980616 0.5224041550741163 0.12646868643101483 0.5104635644241733 0.10787407981755986
0 0.1838290022805017 0.011983797035347778 0.14822720524515393 0.01358350741163056 0.1896958836944128 0.06085256556442417 0.2175025188141391 0.04027584264538198 0.1838290022805017 0.011983797035347778
0 0.29170536944127706 0.6335820022805018 0.25932907867730903 0.6424376248574686 0.26734388939566706 0.6677045553021665 0.30041717559863174 0.6617951505131129 0.29170536944127706 0.6335820022805018