0 0.6105833990877992 0.4421875142531357 0.6016536624857468 0.4149185051311289 0.5658895051311289 0.41764108665906496 0.5752551402508552 0.4502643580387685 0.6105833990877992 0.4421875142531357
0 0.7748091128848347 0.43443591448118585 0.7661396100342076 0.40228219270239457 0.7036286670467503 0.41987208095781076 0.7133228323831242 0.45107373318129984 0.7748091128848347 0.43443591448118585
0 0.9872015324971494 0.392547740022805 0.97656244013683 0.33781435461801596 0.9082296362599772 0.35532617331813 0.9224790672748004 0.4099626408209806 0.9872015324971494 0.392547740022805
0 0.7856409726339795 0.8293418198403648 0.8263265610034207 0.82082848004561 0.8173680992018244 0.7778529407069554 0.7713236488027365 0.7868030752565565 0.7856409726339795 0.8293418198403648
0 0.8430196385404789 0.8133544082098062 0.9250869475484607 0.7967972759407069 0.9138934412770809 0.7578821801596352 0.8343837844925884 0.7751502896237172 0.8430196385404789 0.8133544082098062
0 0.9728138597491448 0.7996062223489168 0.9667341231470924 0.7621133797035348 0.9243960353477766 0.7745723352337515 0.9343443740022805 0.8086374766248575 0.9728138597491448 0.7996062223489168
0 1 0.7770222109464082 0.9756993397947548 0.7833332291904219 0.9909683454960092 0.8338796955530217 1 0.8313836875712657 1 0.7770222109464082
0 0.26047062257696696 0.97795448004561 0.24545716305587229 0.9349461870011403 0.1915925188141391 0.9472294104903078 0.20446595324971495 0.9885716795895096 0.26047062257696696 0.97795448004561
0 0.4510393717217788 0.7572099874572407 0.4608424424173318 0.7951872223489167 0.500619322690992 0.785110740022805 0.49452770467502855 0.7475485781071836 0.4510393717217788 0.7572099874572407
0 0.6725195290763968 0.6519181995438996 0.6588322770809579 0.6219479635119726 0.6238618084378563 0.6287455336374003 0.6380770649942987 0.6614321163055872 0.6725195290763968 0.6519181995438996
0 0.08270127137970354 0.2843529315849487 0.07030843443557583 0.2517148175598632 0.02787402622576967 0.2605665028506271 0.037404970353477764 0.2924843329532497 0.08270127137970354 0.2843529315849487
0 0.018655629418472066 0.22247720980615737 0.0662053409350057 0.21504748004561006 0.05695270011402509 0.18300551539338653 0.0121887582668187 0.1923116077537058 0.018655629418472066 0.22247720980615737
0 0.25627647092360323 0.2500100604332953 0.2455071117445838 0.1977182645381984 0.20878812086659065 0.20485571379703532 0.2216803261117446 0.26028923489167616 0.25627647092360323 0.2500100604332953
0 0.28596706499429875 0.45875824401368304 0.32407649144811856 0.4525586556442417 0.31846261687571265 0.4361247730900798 0.2840749897377423 0.44280905017103767 0.28596706499429875 0.45875824401368304
0 0.7988748643101482 0.7325015074116306 0.795462385404789 0.7180575758266818 0.7616575997719498 0.7246285610034208 0.767049818700114 0.7414779977194983 0.7988748643101482 0.7325015074116306
0 0.7732363842645381 0.7779727445838085 0.811477314709236 0.7693297354618016 0.8049243420752565 0.7542881197263398 0.769953873432155 0.7610856898517675 0.7732363842645381 0.7779727445838085
0 0.9053756134549601 0.5740247936145952 0.8962464823261117 0.561296929304447 0.8487776488027367 0.5753580649942988 0.8528847274800456 0.590271842645382 0.9053756134549601 0.5740247936145952