0 0.4108852143671608 0.875149969213227 0.49569839794754844 0.8976019076396807 0.5201555849486887 0.8190956887115165 0.4382108597491448 0.8013061265678448 0.4108852143671608 0.875149969213227
0 0.5315428244013682 0.7661770912200685 0.5149418551881414 0.8140586921322691 0.6190365233751426 0.8381265005701254 0.6320051755986318 0.7923130809578107 0.5315428244013682 0.7661770912200685
0 0.6135601915621437 0.6468793055872292 0.6009180262257696 0.6773470558722919 0.6749919908779932 0.6954988814139111 0.6832828050171037 0.6621303409350057 0.6135601915621437 0.6468793055872292
0 0.6902009338654504 0.8917283694412771 0.6722067217787914 0.9484065701254276 0.7407043911060434 0.9638005541619157 0.7600164298745724 0.9063929657924743 0.6902009338654504 0.8917283694412771
0 0.8969114561003422 1 0.9049088460661345 0.9708321744583808 0.8360513204104902 0.953914701254276 0.8272020421892816 0.9946047696693272 0.8642442269099202 1 0.8969114561003422 1
0 0.8473520763968073 0.7079606761687571 0.834950858608894 0.7559047194982896 0.9003531448118586 0.7699668323831242 0.9143006556442418 0.7179631402508552 0.8473520763968073 0.7079606761687571
0 0.7609783021664767 0.6004739395667047 0.7458577605473204 0.6503950524515394 0.8119412519954391 0.6620639509692132 0.8220609395667047 0.6095473272519955 0.7609783021664767 0.6004739395667047
0 0.8385985074116306 0.5051332371721778 0.7987845758266819 0.4946176898517674 0.7908643717217788 0.5294418152793614 0.825410046750285 0.5371723751425314 0.8385985074116306 0.5051332371721778
0 0.8825639122006842 0.5463702006841505 0.8754172120866591 0.5801161151653365 0.9322379019384265 0.5933252690992018 0.9380623420752565 0.5527556830102622 0.8825639122006842 0.5463702006841505
0 0.6677528836944128 0.3692339475484607 0.7203191140250855 0.375155015963512 0.7265380387685291 0.34727683124287345 0.6737280022805018 0.33530405473204106 0.6677528836944128 0.3692339475484607
0 0.21264031128848349 0.6579431448118586 0.20258925541619155 0.6948343808437856 0.26373700684150514 0.7015989042189281 0.2747100638540479 0.6683751801596352 0.21264031128848349 0.6579431448118586
0 0.043774033067274794 0.5740705917901938 0.07923907981755986 0.5778842497149372 0.08110471607753707 0.5547285142531357 0.04795474458380844 0.5476746214367161 0.043774033067274794 0.5740705917901938
0 0.022220029646522234 0.32832799201824403 0.08103036716077537 0.33884335461801596 0.08870676510832383 0.29796751995438997 0.03348852793614595 0.2898229623717218 0.022220029646522234 0.32832799201824403
0 0.585431850627138 0.24375025085518814 0.6254041927023944 0.2494800969213227 0.6292061277080957 0.23685219270239452 0.5920455028506272 0.2285619236031927 0.585431850627138 0.24375025085518814
0 0.5873072497149372 0.25847807753705815 0.57813317331813 0.2708546875712657 0.618192511972634 0.27982079817559863 0.6234807605473205 0.2654097001140251 0.5873072497149372 0.25847807753705815
0 1 0.24084914367160773 0.9742498563283922 0.2331742668187001 0.9667726567844925 0.25002927594070695 1 0.2590251436716078 1 0.24084914367160773
0 0.2123831527936146 0.32176557582668186 0.17864698631698975 0.3146172565564424 0.16968017673888255 0.35035610490307867 0.20631360889395667 0.35628166590649946 0.2123831527936146 0.32176557582668186