0 0.06927187457240594 0.6807812497149374 0.03186562485746864 0.6531062497149372 0.018009375142531356 0.6863156248574687 0.04294687457240593 0.7029187502850627 0.06927187457240594 0.6807812497149374
0 0.2950953124287343 0.14528906271379705 0.2798546875712657 0.18403281299885973 0.3061796875712657 0.18818281299885975 0.3186484378563284 0.15774218700114026 0.2950953124287343 0.14528906271379705
0 0.3352734378563284 0.1660437502850627 0.32695937514253137 0.22830937514253133 0.40454375028506273 0.22415937514253137 0.4156265621436716 0.17157968757126565 0.3352734378563284 0.1660437502850627
0 0.48351406271379704 0.846825 0.47935624971493723 0.870346874572406 0.569410937286203 0.8911031254275941 0.5777218745724059 0.8606609372862029 0.48351406271379704 0.846825
0 0.6594624994298746 0.5465609372862029 0.6428374994298747 0.5728515621436716 0.6816296875712656 0.5880718745724058 0.6927125005701255 0.5576312497149373 0.6594624994298746 0.5465609372862029
0 0.6927125005701255 0.44001562485746865 0.6719312497149373 0.4676906248574686 0.7065671870011402 0.48706250057012546 0.7259624994298746 0.45662187457240594 0.6927125005701255 0.44001562485746865
0 0.8270984378563283 0.6005250000000001 0.7993906248574686 0.6295843751425313 0.843725 0.6641750000000001 0.8658906248574686 0.6392687502850627 0.8270984378563283 0.6005250000000001
0 0.9531718745724059 0.5354921870011402 0.9282343751425314 0.5631656248574687 0.9462453124287343 0.5853046875712657 0.9781093751425314 0.5576312497149373 0.9531718745724059 0.5354921870011402
0 0.9323921870011402 0.37636562485746866 0.9573296875712657 0.3224015621436716 0.924078125427594 0.30856562485746863 0.8977562497149373 0.35976249942987454 0.9323921870011402 0.37636562485746866
0 0.05264531242873432 0.765185937286203 0.08451093728620296 0.777639062713797 0.1039062497149373 0.7471984378563284 0.06927187457240594 0.7305937502850628 0.05264531242873432 0.765185937286203
0 0.19811562485746864 0.7361281254275941 0.14685468757126569 0.731978125427594 0.13854218700114024 0.7638015621436716 0.18426249942987455 0.7679546875712657 0.19811562485746864 0.7361281254275941
0 0.840953125427594 0.9187765621436716 0.8257125005701254 0.9533703124287344 0.8866718745724059 0.9699734378563284 0.8977562497149373 0.9367640627137971 0.840953125427594 0.9187765621436716
0 0.5749515621436716 0.19648593728620295 0.583264062713797 0.15774218700114026 0.550014062713797 0.14667187457240594 0.534775 0.17849687457240596 0.5749515621436716 0.19648593728620295
0 0.2992515621436716 0.5603984378563284 0.3117203124287343 0.545178125427594 0.24799062485746864 0.5064343751425313 0.2396781254275941 0.520271874572406 0.2992515621436716 0.5603984378563284
0 0.30063749942987456 0.5285734378563284 0.3117203124287343 0.513353125427594 0.2826265621436716 0.4898296875712657 0.27431406271379705 0.5092015621436716 0.30063749942987456 0.5285734378563284