0 0.2591734378563284 0.12587500000000001 0.2657046875712657 0.16660624971493732 0.3114234378563284 0.15650937514253135 0.3037046875712657 0.1184984378563284 0.2591734378563284 0.12587500000000001
0 0.15764218700114024 0.09559531242873433 0.16357812542759406 0.1380984378563284 0.21523593728620297 0.1303765621436716 0.20632968757126566 0.09295937514253136 0.15764218700114024 0.09559531242873433
0 0.11400156214367162 0.5498156248574687 0.11310937514253136 0.6316406248574687 0.18673593728620297 0.6316406248574687 0.18673593728620297 0.5532437502850627 0.11400156214367162 0.5498156248574687
0 0.22176718700114026 0.704785937286203 0.22057968757126567 0.7201343751425314 0.2930171870011402 0.7278546875712657 0.2959859372862029 0.7136015621436717 0.22176718700114026 0.704785937286203
0 0.037109375142531355 0.7242921870011403 0.09351562485746864 0.7219171870011402 0.0929234378563284 0.6874687502850627 0.03948437514253136 0.6898453124287343 0.037109375142531355 0.7242921870011403
0 0.06145312542759407 0.7947390627137971 0.05848437514253135 0.8311968745724059 0.09886093728620296 0.8288203124287343 0.09767187457240592 0.8003125005701254 0.06145312542759407 0.7947390627137971
0 0.835410937286203 0.2986578129988598 0.8279906248574687 0.33884218700114027 0.8938968745724059 0.34002812542759403 0.8956765621436715 0.30379999999999996 0.835410937286203 0.2986578129988598
0 0.7695046875712657 0.3823781254275941 0.7668328129988597 0.43030468757126566 0.8178953124287343 0.428521874572406 0.8149265621436717 0.37507031242873434 0.7695046875712657 0.3823781254275941
0 0.7727703124287343 0.5716562497149373 0.7374421870011403 0.572971874572406 0.732989062713797 0.6061031254275941 0.7709890627137971 0.6061031254275941 0.7727703124287343 0.5716562497149373
0 0.9823656248574687 0.5284406248574687 0.981178125427594 0.57225 0.998753125427594 0.5692812497149373 0.998753125427594 0.5271124994298746 0.9823656248574687 0.5284406248574687
0 0.9779125005701255 0.5765343751425314 0.9704906248574686 0.6357984378563284 0.998753125427594 0.6369859372862029 0.998753125427594 0.5728437502850627 0.9779125005701255 0.5765343751425314
0 0.05314062485746865 0.28598281299885975 0.11014062485746864 0.275885937286203 0.10360937514253135 0.23906406271379704 0.04957812542759407 0.24856562485746864 0.05314062485746865 0.28598281299885975
0 0.04957812542759407 0.3447812497149373 0.09410937514253136 0.34002812542759403 0.09351562485746864 0.30261250057012545 0.041265624857468645 0.3138968745724059 0.04957812542759407 0.3447812497149373
0 0.20306406271379704 0.286189062713797 0.20870468757126567 0.32042968757126566 0.2449234378563284 0.3138968745724059 0.2377984378563284 0.2800437502850627 0.20306406271379704 0.286189062713797
0 0.12439218700114026 0.4053593751425314 0.15823593728620297 0.3970453124287343 0.15645312542759407 0.36794218700114023 0.11786093728620296 0.3721015621436716 0.12439218700114026 0.4053593751425314
0 0.2921265621436716 0.5159718745724059 0.28411093728620296 0.5247375005701255 0.2971734378563284 0.5372078129988598 0.30786093728620295 0.5271124994298746 0.2921265621436716 0.5159718745724059
0 0.11400156214367162 0.4723312497149373 0.11370312542759407 0.5081078129988598 0.15348437514253135 0.5033546875712657 0.15348437514253135 0.47306562485746867 0.11400156214367162 0.4723312497149373
0 0.11934375028506271 0.8383796875712657 0.12201562485746865 0.8579234378563284 0.15586093728620298 0.8525765621436716 0.15407812542759408 0.8306015621436716 0.11934375028506271 0.8383796875712657
0 0.2520484378563284 0.8472875005701255 0.25026718700114026 0.8662375005701254 0.2847046875712657 0.8662375005701254 0.2870796875712657 0.8496078129988597 0.2520484378563284 0.8472875005701255
0 0.24403281299885973 0.8846937502850628 0.2443296875712657 0.9030593751425313 0.2757984378563284 0.9048421870011403 0.27757968757126567 0.8894 0.24403281299885973 0.8846937502850628
0 0.8250218745724059 0.6286718745724059 0.8974593751425314 0.6310468745724058 0.9045828129988597 0.5716562497149373 0.8273953124287343 0.5704671870011402 0.8250218745724059 0.6286718745724059
0 0.656989062713797 0.7670531254275941 0.694989062713797 0.7670531254275941 0.7044890627137971 0.7118187502850627 0.6617375005701255 0.70885 0.656989062713797 0.7670531254275941