0 0.3199531208665906 0.28620832611174457 0.3055835541619156 0.23366559179019383 0.256234685290764 0.2503948722919042 0.26259728848346636 0.2956671436716078 0.3199531208665906 0.28620832611174457
0 0.11597536031927023 0.9724231778791333 0.09849957696693273 0.9077257046750284 0.06775561801596351 0.9176431402508552 0.08034891904218928 0.9774301470923603 0.11597536031927023 0.9724231778791333
0 0.4180462748004561 0.9145810535917902 0.3997780273660205 0.8541920501710377 0.29758985062713794 0.8727507582668187 0.3089855393386545 0.943899385404789 0.4180462748004561 0.9145810535917902
0 0.5260042428734322 1 0.5319375610034207 0.9991661265678449 0.5214827183580388 0.9546062554161916 0.46684622006841503 0.9734782212086659 0.46842831584948685 1 0.5260042428734322 1
0 0.6783632702394526 0.3309722896237172 0.654097945267959 0.2378477765108324 0.6010234697833523 0.25789819498289623 0.6255026031927025 0.342596889395667 0.6783632702394526 0.3309722896237172
0 0.6709087753705815 0.5264859179019384 0.6378230980615736 0.440197677309008 0.6176543990877993 0.44582974116305585 0.6444686442417331 0.5371964686431014 0.6709087753705815 0.5264859179019384
0 0.7055712246294185 0.5146197947548461 0.6742814070695553 0.41129077879133413 0.6539198232611175 0.41555039338654504 0.68735186659065 0.524174992018244 0.7055712246294185 0.5146197947548461
0 0.7332514640820981 0.4729557274800456 0.712455220068415 0.4045262417331813 0.6922865222348916 0.4101583055872292 0.7185648278221209 0.4778173375142531 0.7332514640820981 0.4729557274800456
0 0.8580183261117446 0.6051167810718358 0.8422794036488027 0.552766496009122 0.8232873922462942 0.5568352075256556 0.8431390216647662 0.608607489167617 0.8580183261117446 0.6051167810718358
0 0.8300161733181299 0.6146488802736602 0.8099716590649944 0.5615041493728621 0.7952852394526796 0.56636730672748 0.8137659657924743 0.6183322565564424 0.8300161733181299 0.6146488802736602
0 0.690990740022805 0.7489087765108324 0.6552451619156214 0.62382251995439 0.6313524036488027 0.632775503990878 0.66572707981756 0.7580544298745724 0.690990740022805 0.7489087765108324
0 0.18146251311288486 0.9011640763968073 0.20822198175598633 0.9807456100342075 0.2219793055872292 0.9806108996579248 0.1980101835803877 0.8910422690992018 0.18146251311288486 0.9011640763968073
0 0.15862771151653363 0.909168401368301 0.16788124743443558 0.9366479874572406 0.18030844241733182 0.9313039486887115 0.1669519486887115 0.9002054777651083 0.15862771151653363 0.909168401368301
0 0.7154898814139111 0.7499625359179019 0.7351318152793614 0.744803701254276 0.7221978084378563 0.7124451049030787 0.7041263774230331 0.717383220068415 0.7154898814139111 0.7499625359179019