0 0.27148919954389966 0.7994180410490307 0.36816242075256556 0.7923844777651083 0.35546439794754847 0.7112265393386545 0.26172682554161913 0.7164273409350057 0.27148919954389966 0.7994180410490307
0 0.351280535917902 0.6756597662485747 0.3448994994298746 0.616369913340935 0.27134791448118584 0.6212183660205245 0.2773960353477765 0.6785356043329532 0.351280535917902 0.6756597662485747
0 0.60302144013683 0.5708784481185861 0.5080773591790194 0.5749110649942988 0.5042126214367161 0.60865865336374 0.6030305233751425 0.6053304116305588 0.60302144013683 0.5708784481185861
0 0.5349125997719498 0.7514571151653363 0.6291800672748005 0.7426824583808439 0.6256121516533638 0.708292614595211 0.5301350501710377 0.7158991402508551 0.5349125997719498 0.7514571151653363
0 0.7770329749144811 0.8779117286202964 0.7695519509692132 0.7895350798175599 0.709623448118586 0.792364220068415 0.7230928802736603 0.8836055427594071 0.7770329749144811 0.8779117286202964
0 0.7744595575826683 0.7645018677309008 0.7705791003420752 0.7122960148232611 0.7047347263397948 0.7164160969213227 0.7133540718358039 0.7679438289623717 0.7744595575826683 0.7645018677309008
0 0.5136821117445838 0.9300282713797036 0.5391887753705815 0.9283969338654504 0.5439097787913341 0.8926731619156214 0.5130912930444698 0.8961803033067274 0.5136821117445838 0.9300282713797036
0 0.2755269600912201 0.9626990034207525 0.27079088711516536 0.9295172303306727 0.20901920524515394 0.9288139384264539 0.21389557924743444 0.9700335496009123 0.2755269600912201 0.9626990034207525
0 0.14996701482326114 0.9138047548460662 0.20391749828962372 0.9087061619156214 0.19626778107183582 0.8446861687571265 0.14227584606613455 0.8474101220068415 0.14996701482326114 0.9138047548460662
0 0.3191289042189282 0.9090705017103763 0.31489320296465223 0.8705338677309008 0.2733785085518814 0.8736354344355758 0.2805928722919042 0.9127139156214368 0.3191289042189282 0.9090705017103763
0 0.29941492930444696 0.3920373740022805 0.29444044127708097 0.34519674458380845 0.2202848061573546 0.34946033751425315 0.2244133637400228 0.3988692474344356 0.29941492930444696 0.3920373740022805
0 0.5614945188141391 0.47121613911060434 0.4997850364880274 0.4740763660205245 0.5047501163055872 0.5373884184720639 0.5697083443557582 0.5334432029646522 0.5614945188141391 0.47121613911060434
0 0.8842074948688712 0.5879486750285062 0.8806276545039909 0.5529651984036488 0.8177204652223489 0.5552509281641961 0.8231657730900798 0.5949541288483466 0.8842074948688712 0.5879486750285062
0 0.8202072770809578 0.4595726419612315 0.8938537126567845 0.460068661345496 0.8926588722919043 0.4256373945267959 0.8179080444697833 0.42991293956670473 0.8202072770809578 0.4595726419612315
0 0.642728771949829 0 0.6479896476624858 0.017074922462941847 0.691283755986317 0.01394229646522235 0.6879453021664766 0 0.642728771949829 0
0 0.5747847833523375 0.10982915051311289 0.5694431242873432 0.07606410718358039 0.5233346180159635 0.08815502850627138 0.531283189281642 0.11826464310148233 0.5747847833523375 0.10982915051311289
0 0.5580228939566705 0.0001581071835803877 0.5111237867730901 0.0009767343215507413 0.5163511231470924 0.028281851767388826 0.5625425564424174 0.020941768529076397 0.5580228939566705 0.0001581071835803877
0 0 0.34688885290763966 0.03129222576966933 0.3408808437856328 0.024923115165336376 0.2821846225769669 0 0.2867438141391106 0 0.34688885290763966
0 0.6564989350057012 0.36857682554161914 0.6550229509692131 0.35197036830102624 0.5898432109464082 0.36023573318129987 0.5891285074116306 0.3702325416191562 0.6564989350057012 0.36857682554161914
0 0.6548570980615736 0.3424686909920182 0.6563996875712657 0.3287803090079817 0.592355456100342 0.33405665108323834 0.590488275940707 0.3461598301026226 0.6548570980615736 0.3424686909920182
0 0.3995923101482326 0.34751975712656785 0.3217798677309008 0.346501054732041 0.3265242850627138 0.38016087913340935 0.40314103648802735 0.38072069327251995 0.3995923101482326 0.34751975712656785
0 0.5870304025085519 0.3691955632839225 0.5790581174458381 0.3206273010262257 0.5416041641961231 0.31831029760547325 0.5507892998859749 0.3682310353477765 0.5870304025085519 0.3691955632839225
0 0.5055435518814139 0.3617071892816419 0.5034930969213227 0.34630000342075257 0.43708612428734317 0.3522098643101483 0.4366790421892816 0.3629092234891676 0.5055435518814139 0.3617071892816419
0 0.40430662941847206 0.5155396328392247 0.40324936830102626 0.45496917217787913 0.36354676852907636 0.45982219270239455 0.3637419281641961 0.5220345131128848 0.40430662941847206 0.5155396328392247
0 0.005197446978335234 0.6490300672748005 0.02656919156214367 0.6486570228050171 0.027738600912200685 0.6135890855188141 0.003419310148232611 0.6152028244013683 0.005197446978335234 0.6490300672748005
0 0.9993648962371722 0.5306958061573547 0.9983076351197263 0.4701253443557583 0.969435054732041 0.46944163740022804 0.9763459863169898 0.5251576351197264 0.9993648962371722 0.5306958061573547
0 1 0.700839763968073 0.9664261448118586 0.705314449258837 0.9707254127708096 0.7474927160775371 1 0.7479832143671608 1 0.700839763968073