0 0.13700925655644242 0.6681295199543898 0.11484616533637401 0.7015134503990879 0.14731582782212085 0.71790769327252 0.16911115393386547 0.6838648460661345 0.13700925655644242 0.6681295199543898
0 0.21901479361459522 0.5054351014823262 0.16835912542759407 0.47791524059293045 0.12972119270239452 0.5476657924743443 0.17246356898517676 0.5737691197263398 0.21901479361459522 0.5054351014823262
0 0.153604070695553 0.43407993044469784 0.12352192018244013 0.4205204025085519 0.1065476259977195 0.45216492702394523 0.13737849942987457 0.46999301254275944 0.153604070695553 0.43407993044469784
0 0 0.47651800000000005 0.01630902166476625 0.48540451881413915 0.035563649942987455 0.4584300307867731 0.007813184720638541 0.4386536567844926 0 0.4484782907639681 0 0.47651800000000005
0 1 0.8391141197263399 0.9909334503990878 0.8345709828962372 0.9653182862029647 0.8862330695553021 1 0.9024809407069555 1 0.8391141197263399
0 1 0.5935225142531356 0.9863353352337514 0.5806528141391106 0.967710046750285 0.6164551915621437 1 0.6372937206385405 1 0.5935225142531356
0 0.9585978825541619 0.447409748004561 0.927119795895097 0.4262341014823261 0.8995467856328392 0.4763093340935005 0.9281042713797035 0.4952436123147092 0.9585978825541619 0.447409748004561
0 0.570561748004561 0.36815986773090076 0.540945968072976 0.35335728164196123 0.5125312919042189 0.4238259589509692 0.5390083945267958 0.4371673717217788 0.570561748004561 0.36815986773090076
0 0.4580839418472064 0.6385639270239453 0.44469014937286205 0.6304161995438996 0.3967602132269099 0.6856177046750286 0.4173272326111745 0.6966910262257696 0.4580839418472064 0.6385639270239453
0 0.5184260718358039 0.5026321208665907 0.485547322690992 0.4851858118586089 0.4685123534777651 0.5162381220068415 0.49893459179019384 0.5358735096921323 0.5184260718358039 0.5026321208665907
0 0.4230082063854048 0.31618619498289624 0.4129365347776511 0.33396605929304446 0.45258931356898513 0.35906024515393387 0.4666116738882554 0.34762719042189283 0.4230082063854048 0.31618619498289624
0 0.09244951995438996 0.11922092702394527 0.025499636259977195 0.186574 0.05275749828962372 0.22723973774230333 0.12209440820980616 0.16268686659064993 0.09244951995438996 0.11922092702394527