0 0.27223593728620293 0.020503125427594072 0.03770312542759407 0.16779375028506274 0.04720312542759407 0.19630156214367162 0.29123593728620295 0.05376249942987457 0.27223593728620293 0.020503125427594072
0 0.2752046875712657 0.08642812542759407 0.07392343785632839 0.20699218700114025 0.08757812542759406 0.22896562485746863 0.2876734378563284 0.10543281299885976 0.2752046875712657 0.08642812542759407
0 0.5842531254275941 0.20425156214367163 0.5815828129988597 0.24559531242873434 0.6368 0.25094062485746865 0.6373937502850627 0.21055624971493728 0.5842531254275941 0.20425156214367163
0 0.5878171870011403 0.286189062713797 0.5904875005701254 0.3127093751425314 0.626114062713797 0.31152187457240593 0.6255203124287343 0.28538906271379705 0.5878171870011403 0.286189062713797
0 0.6376921870011402 0.28440781299885975 0.6350203124287344 0.30973906271379703 0.6848953124287344 0.30973906271379703 0.6848953124287344 0.2824187502850627 0.6376921870011402 0.28440781299885975
0 0.29123593728620295 0.17135624971493726 0.1825796875712657 0.23550000000000001 0.19623593728620298 0.25628750057012545 0.2965796875712657 0.19511406271379705 0.29123593728620295 0.17135624971493726
0 0.20573593728620296 0.2640078129988597 0.21345312542759406 0.2782625005701254 0.31439218700114024 0.2159 0.3060796875712657 0.19986562485746864 0.20573593728620296 0.2640078129988597
0 0.17723593728620296 0.2977687502850627 0.18614218700114027 0.2919218745724059 0.17604687457240595 0.27291718700114026 0.16120468757126566 0.28063750057012543 0.17723593728620296 0.2977687502850627
0 0.1831734378563284 0.2687593751425314 0.1968296875712657 0.28479531242873435 0.19771875028506272 0.28797031242873433 0.20632968757126566 0.2824187502850627 0.19326718700114026 0.2628203124287343 0.1831734378563284 0.2687593751425314
0 0.16654687457240594 0.2594703124287343 0.17961093728620295 0.25331718700114025 0.1689234378563284 0.23728124971493728 0.1546734378563284 0.24143906271379703 0.16654687457240594 0.2594703124287343
0 0.782864062713797 0.608596874572406 0.8386765621436717 0.5799703124287343 0.8321453124287342 0.5657171870011403 0.773364062713797 0.5918484378563283 0.782864062713797 0.608596874572406
0 0.7383328129988598 0.48123750057012543 0.8078015621436716 0.47603437514253133 0.806614062713797 0.45940624971493726 0.7365515621436717 0.4641578129988597 0.7383328129988598 0.48123750057012543