0 0.06290402508551882 0.8356659144811859 0.11223317103762827 0.8475553261117446 0.12788333523375142 0.7995716374002281 0.07915855074116306 0.7855142896237172 0.06290402508551882 0.8356659144811859
0 0.1495579566704675 0.825026149372862 0.17952955074116306 0.8303192348916761 0.20086787229190423 0.7750568301026225 0.16074193956670468 0.7650284515393386 0.1495579566704675 0.825026149372862
0 0.2770660296465222 0.7621116191562144 0.30497866020524517 0.7652646773090079 0.31264373204104906 0.730225614595211 0.2800118939566705 0.7258573751425313 0.2770660296465222 0.7621116191562144
0 0.4380630581527936 0.6795317297605473 0.47562195667046747 0.6832950022805018 0.4855427457240593 0.6276382930444697 0.4493056636259977 0.6249091391106043 0.4380630581527936 0.6795317297605473
0 0.04481376282782212 0.1230242645381984 0.05403461801596351 0.1835060353477765 0.1078934732041049 0.17180979703534777 0.09633671151653364 0.10891975142531357 0.04481376282782212 0.1230242645381984
0 0.2383421755986317 0.2859031596351197 0.277031354618016 0.2793580992018244 0.2680877537058153 0.22601922006841504 0.23524947434435578 0.2297521482326112 0.2383421755986317 0.2859031596351197
0 0.5327022702394527 0.256340582668187 0.5834913648802736 0.24113133181299887 0.5584471619156214 0.17361771607753704 0.5057820125427595 0.1821763409350057 0.5327022702394527 0.256340582668187
0 0.4833014230330673 0.40956722234891674 0.4976758323831243 0.40481122120866586 0.48626310034207526 0.3362220809578107 0.47086917901938424 0.33631601596351196 0.4833014230330673 0.40956722234891674
0 0.6927772029646522 0.19062376282782212 0.7094357947548461 0.2190870022805017 0.7387135724059293 0.20412617331813 0.7250857673888256 0.1711017628278221 0.6927772029646522 0.19062376282782212
0 0.6243095610034208 0.2714138152793614 0.639923779931585 0.30598737742303306 0.6505453534777651 0.2998991140250855 0.6355202690992018 0.26525164196123147 0.6243095610034208 0.2714138152793614
0 0.5674765324971494 0.3543661470923603 0.5783976100342075 0.34584512542759405 0.5653473238312429 0.3175370501710376 0.5556233352337514 0.32501220068415054 0.5674765324971494 0.3543661470923603
0 0.03378084606613455 0.481509685290764 0.12647448118586088 0.471326330672748 0.1146281527936146 0.3651016898517674 0.018947605473204104 0.3828318734321551 0.03378084606613455 0.481509685290764
0 0.6737681847206385 0.7570719737742304 0.7083820114025086 0.7611968551881414 0.7145499669327251 0.7042078836944128 0.678971488027366 0.7010987594070696 0.6737681847206385 0.7570719737742304
0 0.6463465484606613 0.6653237023945268 0.6364151242873433 0.7257658152793615 0.6708118722919042 0.728122724059293 0.6762562269099203 0.6652405096921323 0.6463465484606613 0.6653237023945268
0 0.6849915484606613 0.9118280307867731 0.7187989726339795 0.914257298745724 0.7285647867730901 0.8622104458380844 0.6949885792474345 0.8534715940706956 0.6849915484606613 0.9118280307867731
0 0.8257021071835804 0.742006086659065 0.8529619475484607 0.7398554184720638 0.8622107970353478 0.6884702497149373 0.8310171505131129 0.6824298996579248 0.8257021071835804 0.742006086659065
0 0.9113221003420752 0.9519946704675029 0.9254689851767389 0.9502576522234891 0.936463282782212 0.8887278996579248 0.9187302428734321 0.885220684150513 0.9113221003420752 0.9519946704675029
0 0.8576780832383124 0.9585813283922463 0.8768714925883695 0.9540711208665906 0.8864701459521094 0.9104197183580387 0.8675364264538198 0.9067623968072976 0.8576780832383124 0.9585813283922463
0 1 0.889872701254276 0.9934052770809577 0.8895130182440137 0.9844184720638541 0.9430195644241732 1 0.9411063933865451 1 0.889872701254276
0 0.5198267058152793 1 0.5293329612314709 0.9988970399087799 0.5437483090079818 0.9895896237172178 0.48867953363740024 0.9748156966932725 0.4783173511972634 1 0.5198267058152793 1
0 0.11664896237172179 0.6837020889395666 0.1325638198403649 0.6817479908779931 0.13521441163055872 0.6497174640820981 0.11801034549600913 0.6488388129988598 0.11664896237172179 0.6837020889395666
0 0.14743641847206385 0.6518044697833524 0.14374319270239452 0.6899466795895097 0.15869803192702395 0.6899050832383123 0.16165721322690993 0.6506565849486887 0.14743641847206385 0.6518044697833524