0 0.4483534321550741 0.10406399543899657 0.4420642132269099 0.15528557924743444 0.49060724401368305 0.1594528620296465 0.4888612622576967 0.1054516259977195 0.4483534321550741 0.10406399543899657
0 0.8567585724059292 0.21510751311288484 0.8072347206385404 0.29932953933865447 0.8416654675028507 0.31610689737742304 0.8894100570125427 0.22933653819840363 0.8567585724059292 0.21510751311288484
0 0.7844506510832383 0.0951292189281642 0.8288556545039909 0.0940090410490308 0.8302857502850628 0.04338567388825542 0.7968498118586088 0.04286636145952109 0.7844506510832383 0.0951292189281642
0 0.6658397582668187 0.059924274800456104 0.6691314960091219 0.09890033409350056 0.712645740022805 0.09527794754846067 0.7073276031927025 0.05577916191562144 0.6658397582668187 0.059924274800456104
0 0.6178656670467503 0.7356551242873431 0.6658791664766249 0.7343782303306727 0.6662939737742304 0.6579324047890536 0.6177006157354618 0.6639190501710377 0.6178656670467503 0.7356551242873431
0 0.23265062713797036 0.9692425324971494 0.24966561801596351 0.8745147388825542 0.20220839338654503 0.8615170889395667 0.18961893728620297 0.9591779566704676 0.23265062713797036 0.9692425324971494
0 0.32987008551881414 0.6208074846066135 0.36110427251995436 0.6246425610034207 0.3749838985176739 0.5749511698973774 0.3341744435575827 0.5711352428734321 0.32987008551881414 0.6208074846066135
0 0.4336255678449259 0.6478914777651084 0.4700915028506271 0.6529655655644242 0.4736114891676169 0.6145535393386544 0.43825203306727484 0.6102119441277082 0.4336255678449259 0.6478914777651084
0 0 0.5585897833523376 0.0012092383124287344 0.5643186807297605 0.026900586088939565 0.5597043375142531 0.02630669897377423 0.5255649908779931 0 0.525747283922463 0 0.5585897833523376
0 0.6688689509692133 0.2691104948688712 0.6645445256556443 0.2824060205245154 0.7189084389965793 0.2878862269099202 0.7221836214367161 0.27095605017103763 0.6688689509692133 0.2691104948688712
0 0.6614152611174459 0.2932885895096921 0.6612192063854048 0.3094885724059293 0.7204422428734322 0.31437056100342076 0.7225387765108324 0.2972956647662486 0.6614152611174459 0.2932885895096921
0 0.8648737115165336 0.14171979133409351 0.8492966545039908 0.17600353363740023 0.8808421220068415 0.1870474652223489 0.895644196123147 0.15420344583808437 0.8648737115165336 0.14171979133409351
0 0.9300779589509692 0.8164990159635119 0.9195006351197264 0.8563602098061573 0.957148410490308 0.8693482554161915 0.9637990501710376 0.8151831505131129 0.9300779589509692 0.8164990159635119
0 0.8907120421892816 0.610917582668187 0.8826544161915622 0.6546175883694412 0.9400593443557583 0.6694348722919042 0.9470936237172177 0.6218893010262257 0.8907120421892816 0.610917582668187
0 0.6787041527936145 0.6104518494868871 0.6741500467502851 0.6475420581527936 0.7141297058152793 0.6434872531356898 0.7177332576966934 0.6092666533637401 0.6787041527936145 0.6104518494868871
0 0.4600870262257697 0.5298206111744583 0.48359865450399087 0.5380866328392246 0.5051820091220068 0.5084649372862029 0.4779787001140251 0.4961611014823261 0.4600870262257697 0.5298206111744583