0 0.9679658152793614 0.9413891596351197 0.9484198928164196 0.7787232086659065 0.8882843511972635 0.7846365199543899 0.9104245895096921 0.9564118814139111 0.9679658152793614 0.9413891596351197
0 0.7652621402508553 0.8129363614595211 0.6451450091220069 0.8384649122006841 0.6623846636259977 0.9235936088939566 0.7778509897377422 0.8974438084378563 0.7652621402508553 0.8129363614595211
0 0.8904994367160775 0.46754674686431014 0.826137282782212 0.4695948722919042 0.8323022519954391 0.5259747559863169 0.8891736716077536 0.5168571961231472 0.8904994367160775 0.46754674686431014
0 0.30003560661345496 0.3655471060433295 0.3554254914481186 0.35573231356898516 0.3429664640820981 0.2688531448118586 0.2850822223489168 0.2817702474344356 0.30003560661345496 0.3655471060433295
0 0.4145825496009122 0.4961697491448119 0.3652015290763968 0.5135486887115166 0.3769192725199544 0.5500800649942987 0.4285209783352338 0.5373204104903079 0.4145825496009122 0.4961697491448119
0 0.5392259794754846 0.7715367787913341 0.5167941334093501 0.7777057901938426 0.5280489942987457 0.846347157354618 0.5491088540478906 0.8403782428734321 0.5392259794754846 0.7715367787913341
0 0.017304540478905357 0.2529254435575827 0.013162750285062714 0.31215580843785634 0.0384612748004561 0.2966640570125427 0.025330045610034206 0.24634424287343215 0.017304540478905357 0.2529254435575827
0 0.3448697993158495 0.18357505587229192 0.3156912337514253 0.20117628848346636 0.3255078129988597 0.23936032269099203 0.36179623489167617 0.2291010581527936 0.3448697993158495 0.18357505587229192
0 0.07787998859749144 0 0.09027713340935005 0.03185066362599772 0.16273130102622577 0.0026931596351197264 0.16176446408209808 0 0.07787998859749144 0
0 0.13432786659064994 0.5753756123147092 0.09496512884834664 0.5940518631698973 0.10574454732041048 0.6263512280501711 0.1467190820980616 0.6107652497149373 0.13432786659064994 0.5753756123147092
0 0.3205211277080958 0.5657794846066134 0.36673520980615737 0.5511535256556442 0.3548947696693272 0.5163991676168758 0.3165900570125427 0.5312790376282782 0.3205211277080958 0.5657794846066134