0 0.7980662462941847 0.9252823523375142 0.8072520581527937 0.9660291037628279 0.8388382884834663 0.962150802736602 0.8301822075256556 0.9143588540478905 0.7980662462941847 0.9252823523375142
0 0.7666239669327252 0.9417053671607754 0.8047411208665907 0.9342324777651083 0.7891962006841505 0.8984539897377424 0.7551981128848347 0.9054211208665905 0.7666239669327252 0.9417053671607754
0 0.8076494070695553 0.6854187400228051 0.8286890011402509 0.720522566704675 0.847070794754846 0.7112869863169897 0.8328997400228051 0.6753382337514252 0.8076494070695553 0.6854187400228051
0 0.7895718893956671 0.6290139007981755 0.8064674652223489 0.6757925917901939 0.8318867012542759 0.6670876944127707 0.8124119167616876 0.6220220353477766 0.7895718893956671 0.6290139007981755
0 0.2709421607753706 0.35629711402508557 0.2847086887115165 0.4230041197263398 0.34961777423033064 0.4066593614595211 0.322138929304447 0.3304715473204105 0.2709421607753706 0.35629711402508557
0 0.2501748631698974 0.18716104561003422 0.26326596807297603 0.2483671755986317 0.30309498403648805 0.2434767867730901 0.2943150604332953 0.17197004104903077 0.2501748631698974 0.18716104561003422
0 0.714849945267959 0.5954150877993158 0.7043872394526796 0.6026818358038768 0.7137195005701255 0.6365312029646523 0.7297163523375142 0.6288856248574687 0.714849945267959 0.5954150877993158
0 0.7363439817559864 0.5903846909920183 0.7255918358038768 0.595294141391106 0.7380417525655644 0.6236743568985177 0.7523779794754847 0.6156328962371721 0.7363439817559864 0.5903846909920183
0 0.6766858802736603 0.5133607468643101 0.663941338654504 0.5215058779931585 0.6738081733181299 0.5531958757126568 0.6884131698973774 0.5472151448118586 0.6766858802736603 0.5133607468643101
0 0.7152674139110605 0.5355429327251996 0.703263464082098 0.5059099669327252 0.6889061140250855 0.5106638722919042 0.7000947662485747 0.5433879897377423 0.7152674139110605 0.5355429327251996
0 0.7284437685290764 0.4968361254275941 0.7145929372862029 0.5057153010262257 0.725059542759407 0.532545984036488 0.7406415553021665 0.5273426043329532 0.7284437685290764 0.4968361254275941
0 0.7508268232611175 0.48930215963511975 0.7385357810718358 0.4914095188141391 0.7486196955530218 0.5248674891676168 0.7668029600912201 0.5214384481185861 0.7508268232611175 0.48930215963511975
0 0.7819680775370582 0.48009461345496013 0.7660718312428735 0.48204642759407074 0.7750511984036489 0.5162398027366021 0.7957358791334094 0.5089127970353478 0.7819680775370582 0.48009461345496013
0 0.8044234937286203 0.47314997263397945 0.7875656784492588 0.4770144789053592 0.804136401368301 0.5048902987457241 0.8160671949828963 0.49983612656784493 0.8044234937286203 0.47314997263397945