0 0.6627774526795894 0 0.6769184697833524 0.08928286887115165 0.7281682542759407 0.08297073660205245 0.7165314538198404 0 0.6627774526795894 0
0 0.7805894903078677 0.4708282303306727 0.7480820524515394 0.4627515769669327 0.7431451562143672 0.5567135176738882 0.7732735336374003 0.5573504298745724 0.7805894903078677 0.4708282303306727
0 0.7201211755986318 0.4638738141391106 0.6719395347776511 0.4597825883694413 0.672275724059293 0.552907771949829 0.7154794446978335 0.5526776385404789 0.7201211755986318 0.4638738141391106
0 0.9514407970353478 0.3947742212086659 0.9590021801596351 0.44076698289623717 0.9796004002280502 0.43810569669327254 0.969641322690992 0.3903886636259977 0.9514407970353478 0.3947742212086659
0 0.9736928312428734 0.5069714458380844 0.9659544036488028 0.46190845267958947 0.9681113112884835 0.4603645290763968 0.9502288403648802 0.46500028848346636 0.9514297194982896 0.5104975769669327 0.9736928312428734 0.5069714458380844
0 1 0.5389083044469783 0.9896251596351197 0.5393147799315849 1 0.59729934663626 1 0.5389083044469783
0 0.9876104127708095 0.6117736066134549 0.9643822930444699 0.6112445210946409 0.9660545872291905 0.6710947730900798 0.9872753876852908 0.6761498449258837 0.9876104127708095 0.6117736066134549
0 0.048389868871151646 0.8188431904218929 0.04560427936145953 0.7519538722919041 0.03511460433295325 0.7464030410490308 0.04550522234891676 0.8186989224629418 0.048389868871151646 0.8188431904218929
0 0.6877952713797035 0.9478138038768529 0.6662914446978335 0.9512196750285062 0.6699404675028506 0.978054220068415 0.6933191870011403 0.9739907035347777 0.6877952713797035 0.9478138038768529
0 0.6907993511972634 0.8075687753705815 0.673669913340935 0.8081793648802738 0.6857446989737742 0.8844165575826682 0.6987269144811858 0.8829615279361459 0.6907993511972634 0.8075687753705815
0 0.652743165336374 0.8117928301026226 0.6368523295324972 0.8146102656784492 0.6433683808437856 0.8785041322690992 0.6593725940706956 0.8771716168757127 0.652743165336374 0.8117928301026226
0 0.6259369053591791 0.835876511972634 0.6070148141391106 0.8385729019384265 0.6137955142531357 0.8813845610034207 0.6328506202964652 0.8765614937286202 0.6259369053591791 0.835876511972634
0 0.6581581755986317 0.6810865233751424 0.6436756271379703 0.6794712690992019 0.6440960022805018 0.7124695849486887 0.6565862029646522 0.7116936339794755 0.6581581755986317 0.6810865233751424