0 0.7615381311288483 0.2175553204104903 0.7722885347776511 0.17885912656784492 0.6986002873432156 0.16222611516533636 0.6901547822120867 0.1981242976054732 0.7615381311288483 0.2175553204104903
0 0.5355270684150513 0.4268452120866591 0.5445417217787913 0.37579851995439 0.49745883694412774 0.36502288711516534 0.4869281698973774 0.4180813956670467 0.5355270684150513 0.4268452120866591
0 0.39827574116305586 0.37176556100342073 0.3991584127708096 0.3524484754846066 0.3273169327251995 0.3361570798175598 0.32425541163055877 0.35278088027366017 0.39827574116305586 0.37176556100342073
0 0.40466244127708095 0.3318838916761687 0.407299929304447 0.316520433295325 0.3584606795895097 0.30179138768529074 0.3512851220068415 0.31899495781071835 0.40466244127708095 0.3318838916761687
0 0.38324765678449263 0.2947102953249715 0.40254945610034204 0.29979536602052453 0.4060241470923603 0.28611142417331814 0.3883943124287343 0.2843904618015964 0.38324765678449263 0.2947102953249715
0 0.39479152337514256 0.8418613477765109 0.3697381083238312 0.8171939874572406 0.327687669327252 0.8464923443557583 0.35597644241733184 0.8728603557582668 0.39479152337514256 0.8418613477765109
0 0.4444803204104903 0.8882553204104903 0.4291383717217788 0.8772158848346636 0.38951335461801595 0.9109732063854048 0.4027169863169897 0.9238515735461802 0.4444803204104903 0.8882553204104903
0 0.22990649942987457 0.9400030798175598 0.203327755986317 0.9215475176738883 0.18330855416191563 0.9369554766248576 0.21343783010262257 0.9657424446978335 0.22990649942987457 0.9400030798175598
0 0.1651768905359179 0.8591372189281642 0.14413769669327253 0.8800863717217787 0.16846253021664764 0.9145015610034207 0.19484058038768529 0.8867557377423033 0.1651768905359179 0.8591372189281642
0 0.06751145381984038 0.8254833534777651 0.04109859521094641 0.8273951049030787 0.046026192702394525 0.8624567844925883 0.07214026339794755 0.8584190513112886 0.06751145381984038 0.8254833534777651
0 0.21788720980615736 0.756368409350057 0.20427355530216648 0.7234962793614595 0.15310271835803876 0.7390836408209805 0.16212038084378563 0.766995574686431 0.21788720980615736 0.756368409350057
0 0.6202537343215507 0.1252575724059293 0.6256031413911061 0.0993152976054732 0.5762510022805016 0.08945817103762826 0.5711795256556442 0.11951114595210946 0.6202537343215507 0.1252575724059293
0 0.4814598757126568 0.046403415051311285 0.4863666157354618 0.030121449258836943 0.43717974572405927 0.021440266818700114 0.4353387548460661 0.03607168871151653 0.4814598757126568 0.046403415051311285
0 0.311463921322691 0.02284236031927024 0.24737346180159636 0.03184968643101482 0.2526194526795895 0.07344312086659065 0.3179213352337514 0.06878925085518814 0.311463921322691 0.02284236031927024
0 0.21413922462941845 0.36705595324971496 0.21859695781071836 0.32624778905359175 0.160930582668187 0.3169595678449259 0.15689160433295327 0.3522147856328392 0.21413922462941845 0.36705595324971496
0 0.2741210969213227 0.5805356602052452 0.27543600570125426 0.5557615598631699 0.19819176282782214 0.5522227537058153 0.1961747525655644 0.5805336750285063 0.2741210969213227 0.5805356602052452
0 0.5044540022805017 0.2782754401368301 0.5553128369441277 0.290320732041049 0.5642240148232611 0.24280404332953248 0.5251361379703535 0.22918807753705814 0.5044540022805017 0.2782754401368301
0 0 0.3693472018244014 0.02296611402508552 0.3549410820980616 0.015090351197263397 0.34156481185860893 0 0.3482685598631699 0 0.3693472018244014