0 0.7721770410490307 0.33248074914481185 0.7709449817559862 0.38149122805017105 0.8246255313568985 0.3779080957810719 0.8279256374002281 0.33642765108323835 0.7721770410490307 0.33248074914481185
0 0.3588481254275941 0.556308251995439 0.35513547776510834 0.5183242291904219 0.2607296362599772 0.5222908050171038 0.2597678700114025 0.5544838700114025 0.3588481254275941 0.556308251995439
0 0.3137608950969213 0.4558002668187001 0.2616093671607754 0.4517897001140251 0.2614640684150513 0.48707720866590654 0.31110177423033064 0.4871882884834664 0.3137608950969213 0.4558002668187001
0 0.1284237993158495 0.6644073443557583 0.12965006043329533 0.6300601448118586 0.04856979361459521 0.6326702759407069 0.04944971949828962 0.6644928380843785 0.1284237993158495 0.6644073443557583
0 0.19517468072976055 0.7784878825541619 0.1990550843785633 0.712780385404789 0.10228014025085518 0.71166882668187 0.10439888255416192 0.7723653968072977 0.19517468072976055 0.7784878825541619
0 0.09424808095781072 0.8988980433295325 0.09757618700114025 0.8182005678449259 0.033493264538198404 0.8139230022805017 0.03263423261117446 0.893999566704675 0.09424808095781072 0.8988980433295325
0 0.16673310262257696 0.09662201368301025 0.16448695781071837 0.08323442645381984 0.12656337970353476 0.0851598677309008 0.12342018700114024 0.09614305131128849 0.16673310262257696 0.09662201368301025
0 0.15919542303306727 0.05326302280501711 0.1211269338654504 0.05636866590649943 0.12189019156214367 0.06962770125427593 0.15783026795895097 0.06925334207525655 0.15919542303306727 0.05326302280501711
0 0.15862544583808438 0.02866017331812999 0.12356587343215508 0.02674823489167617 0.11984516191562145 0.04244775370581528 0.161087417331813 0.04272599543899658 0.15862544583808438 0.02866017331812999
0 0.10769341049030787 0.22666338084378562 0.10742620410490308 0.19231226909920182 0.07575611630558723 0.19201449828962372 0.07259202622576967 0.22752798061573545 0.10769341049030787 0.22666338084378562
0 0.09206347662485748 0.3539589760547321 0.15998788939566705 0.35374623147092366 0.15832206727480047 0.3331962930444698 0.09248316875712656 0.3334887924743444 0.09206347662485748 0.3539589760547321
0 0.029395576966932728 0.4404822371721779 0.031275669327251995 0.3642698494868871 0.013914285062713798 0.3663271755986317 0.004794458380843786 0.44060219612314705 0.029395576966932728 0.4404822371721779
0 0.02460317787913341 0.2792731242873432 0.05155163854047891 0.27221564766248574 0.04837788027366021 0.23472755872291903 0.029910397947548458 0.23604928962371724 0.02460317787913341 0.2792731242873432
0 0.6234100285062714 0.6013547571265678 0.6130745553021665 0.5661531049030787 0.5882004663625998 0.5738682862029647 0.5933472805017103 0.6050183375142532 0.6234100285062714 0.6013547571265678
0 0.5485081379703535 0.6437912656784494 0.5587520467502851 0.6821490342075256 0.5997274994298746 0.6602529133409349 0.5861097730900798 0.6298589646522235 0.5485081379703535 0.6437912656784494
0 0.788376274800456 0.719418803876853 0.7870186636259977 0.6988075313568985 0.7366571676168756 0.7045912462941847 0.7365536567844926 0.724922362599772 0.788376274800456 0.719418803876853