0 0.023190044469783355 0.7219553238312428 0.022037864310148234 0.7570137662485746 0.060056159635119725 0.7568743625997719 0.060045445838084376 0.7225413204104902 0.023190044469783355 0.7219553238312428
0 0.157670661345496 0.932119732041049 0.15520049144811857 0.9464490444697833 0.23801273888255414 0.9530551493728621 0.24039080615735461 0.9360883842645382 0.157670661345496 0.932119732041049
0 0.015835366020524516 0.9026470718358038 0.016477079817559866 0.921023369441277 0.060429256556442414 0.9206767502850627 0.061958957810718356 0.9049356499429875 0.015835366020524516 0.9026470718358038
0 0.42217152565564425 0.9015154549600912 0.425681913340935 0.8829925974914481 0.3585063774230331 0.8817768745724059 0.35857684264538203 0.9008078836944128 0.42217152565564425 0.9015154549600912
0 0.6901088472063854 0.9693183797035347 0.6871126841505131 0.9516168483466363 0.5962828859749145 0.9536020353477765 0.5971495324971494 0.9699129760547321 0.6901088472063854 0.9693183797035347
0 0.6878043409350056 0.9883916761687571 0.6877958415051312 0.9711799247434435 0.6367452873432154 0.9723685381984036 0.6379172645381984 0.988961181299886 0.6878043409350056 0.9883916761687571
0 0.426255850627138 0.7802912542759407 0.42339920068415055 0.7495268962371723 0.36209236716077536 0.7463270250855188 0.36604860661345495 0.7830597696693272 0.426255850627138 0.7802912542759407
0 0.6580022941847206 0.5092617537058153 0.6198391664766248 0.5052536864310149 0.6194805803876853 0.58005082668187 0.6604657628278221 0.5798062542759407 0.6580022941847206 0.5092617537058153
0 0.910765534777651 0.6529748643101482 0.9065564446978335 0.6175079669327251 0.8561184389965792 0.6192693010262258 0.8596652155074116 0.6527831231470924 0.910765534777651 0.6529748643101482
0 0.9191505188141391 0.6888869224629418 0.9583969236031927 0.6898897286202964 0.9561405074116305 0.6252744264538198 0.9139063854047891 0.6237802793614595 0.9191505188141391 0.6888869224629418
0 0.3368254618015964 1 0.33758474458380844 0.9632300855188142 0.2973352166476625 0.9590212725199544 0.296889251995439 1 0.3368254618015964 1
0 0.6870865872291904 0.9338116009122006 0.686872597491448 0.9106705963511972 0.6554644606613456 0.9129556180159635 0.6592604287343216 0.9365922269099202 0.6870865872291904 0.9338116009122006
0 0.7780131482326113 0.9686235792474345 0.8137613329532497 0.9715293169897378 0.8153205712656785 0.9311143432155073 0.777178110604333 0.9276981026225769 0.7780131482326113 0.9686235792474345
0 0.8596025826681869 0.5318976077537058 0.8631299315849488 0.49675778563283923 0.8025819885974915 0.49827649144811853 0.8046775210946409 0.5327649931584949 0.8596025826681869 0.5318976077537058
0 0.6820873660205244 0.26329010832383126 0.6821784971493728 0.23182869897377423 0.6319819942987457 0.22349264082098064 0.6302334823261116 0.2584874811858609 0.6820873660205244 0.26329010832383126
0 0.7137656807297605 0.1155789441277081 0.7107020877993159 0.07888851083238313 0.6549028654503991 0.08024295096921323 0.6537180228050171 0.11436602508551881 0.7137656807297605 0.1155789441277081
0 0.5354853135689851 0.08025744697833523 0.5938651402508552 0.08474931927023946 0.5927058232611174 0.05155080501710377 0.5348987708095782 0.04644794526795895 0.5354853135689851 0.08025744697833523
0 0.46009788483466363 0.21821778449258836 0.5137719407069555 0.22405908323831245 0.5190571163055873 0.18826220068415053 0.45746327594070696 0.1853053078677309 0.46009788483466363 0.21821778449258836
0 0.2713921972633979 0.3096826738882554 0.2732482018244014 0.2947791334093501 0.195224503990878 0.2891940319270239 0.19615969555302165 0.30746783808437855 0.2713921972633979 0.3096826738882554
0 0.35678664766248575 0.373175503990878 0.3526589361459521 0.34008377537058154 0.3140281470923603 0.33965201938426454 0.3125737856328392 0.3746084458380844 0.35678664766248575 0.373175503990878
0 0.2876219486887115 0.21296359407069554 0.2888622827822121 0.19748744355758266 0.16342963055872292 0.19533867046750286 0.16432430672748005 0.21245224743443555 0.2876219486887115 0.21296359407069554
0 0.2596413135689852 0.19435220524515395 0.29053894868871155 0.19446145838084378 0.2876478460661345 0.1797236921322691 0.259737929304447 0.18010577879133408 0.2596413135689852 0.19435220524515395
0 0.9574225165336374 0.2026315974914481 0.9527512497149373 0.1879559954389966 0.9190936704675029 0.19387798517673888 0.9184865541619156 0.21051868529076398 0.9574225165336374 0.2026315974914481
0 0.9536481436716078 0.17961336259977195 0.9496117069555302 0.16610381527936147 0.9124336807297606 0.17333696579247432 0.9147950661345495 0.18987400342075256 0.9536481436716078 0.17961336259977195
0 0.9451682143671607 0.15795079817559865 0.9417251128848346 0.14441896807297605 0.9087421927023945 0.15269228278221209 0.9112532041049031 0.16500746408209807 0.9451682143671607 0.15795079817559865
0 0.6916036624857469 0.21250674572405928 0.6834686271379703 0.18370748574686432 0.6308847867730901 0.19207273090079818 0.6349739589509692 0.21559903990877993 0.6916036624857469 0.21250674572405928
0 0.8076266396807297 0.26840258950969215 0.858623929304447 0.3847358643101482 0.8926264002280502 0.37167717787913346 0.8403550513112885 0.25293064766248574 0.8076266396807297 0.26840258950969215
0 0.9119672565564425 0.5342246488027366 0.9091780923603193 0.5224507537058153 0.8777078449258837 0.5229571710376283 0.8761029828962371 0.536501118586089 0.9119672565564425 0.5342246488027366
0 0.9057971550741163 0.5106990889395667 0.9087379452679589 0.4927886716077537 0.8689395952109464 0.49299336374002284 0.8661156385404788 0.5056980946408209 0.9057971550741163 0.5106990889395667
0 0.7551399657924743 0.9260943717217788 0.7564646921322691 0.9129901562143672 0.7172166704675028 0.9119858426453821 0.7176007833523375 0.9229853876852907 0.7551399657924743 0.9260943717217788
0 0.7465357080957811 0.9008714777651083 0.7472670467502851 0.8877879840364881 0.7306315074116305 0.887776362599772 0.7312227810718358 0.904708228050171 0.7465357080957811 0.9008714777651083
0 0.7535733899657925 0.8472072383124288 0.7530351744583808 0.8317947582668187 0.7375864116305587 0.8317416921322691 0.7345453751425313 0.8467366442417331 0.7535733899657925 0.8472072383124288
0 0.8153961197263397 0.8141857901938426 0.8177212919042189 0.7957043215507411 0.8000645302166477 0.8004750034207525 0.8001529851767388 0.8115145781071836 0.8153961197263397 0.8141857901938426
0 0.7940617445838084 0.8327353990877993 0.7931992485746865 0.8250498802736602 0.7807174275940706 0.8248932063854048 0.7813472485746864 0.8344223443557583 0.7940617445838084 0.8327353990877993