0 0.26301507297605475 0.44120037514253135 0.2741101858608894 0.4940781060433295 0.3227962029646522 0.48142993044469784 0.30645268871151654 0.4248389783352337 0.26301507297605475 0.44120037514253135
0 0.1530563432155074 0.38518778221208666 0.07843641961231472 0.4021663557582668 0.0931233181299886 0.4441646339794755 0.16153445381984036 0.4221650604332953 0.1530563432155074 0.38518778221208666
0 0.3282316020524515 0.23344936488027368 0.2874432964652224 0.23796524857468643 0.31076961915621437 0.2973289247434436 0.34528871265678446 0.2866092063854048 0.3282316020524515 0.23344936488027368
0 0.28459010034207527 0.058728311288483465 0.20700549486887115 0.07586225655644242 0.21866865564424173 0.10554409464082098 0.2890448848346636 0.0870057936145952 0.28459010034207527 0.058728311288483465
0 0.728491740022805 0.34909110034207524 0.7353835131128849 0.3671442166476625 0.8239203968072976 0.35478267616875714 0.8271494298745724 0.33698147320410493 0.728491740022805 0.34909110034207524
0 0.710657054732041 0.2924093158494869 0.6753912941847207 0.30019690535917903 0.6901681584948689 0.3552568152793615 0.7231553147092361 0.3493707708095781 0.710657054732041 0.2924093158494869
0 0.685918275940707 0.3762689703534778 0.6421947206385406 0.38153168415051314 0.6515730900798176 0.4356869521094641 0.7025051049030787 0.4318301516533637 0.685918275940707 0.3762689703534778
0 0.6932855598631699 0.9366091356898517 0.701637976054732 0.9712178711516534 0.7427725096921323 0.9619335826681871 0.7343408950969214 0.931515985176739 0.6932855598631699 0.9366091356898517
0 0.6617838779931585 0.8687648278221208 0.6146593945267959 0.8771739076396807 0.6252313842645383 0.9086950604332953 0.6763495724059293 0.8971054207525655 0.6617838779931585 0.8687648278221208
0 0.35387253249714934 0.5071231071835803 0.36755510490307863 0.564022496009122 0.40438395781071834 0.5519957274800457 0.38900488255416193 0.5024624104903079 0.35387253249714934 0.5071231071835803
0 0.7631898369441278 0.818305685290764 0.7710129441277082 0.8541297263397948 0.8125215781071835 0.8406685712656785 0.797290038768529 0.8052953751425314 0.7631898369441278 0.818305685290764
0 0.8871647183580388 0.7446883261117446 0.9062163523375143 0.8019008985176739 0.9473493261117446 0.792616692132269 0.9310942098061573 0.7377124868871151 0.8871647183580388 0.7446883261117446
0 0.9093828415051312 0.8623211060433296 0.9275652086659065 0.9029470649942988 0.9779678871151652 0.8890197936145952 0.965700291904219 0.8534771824401369 0.9093828415051312 0.8623211060433296
0 0.19402183124287345 1 0.19502304561003422 0.9873932782212086 0.12130845153933865 0.9933140045610035 0.12144331128848347 1 0.19402183124287345 1
0 0.16666430786773093 0.2704292611174458 0.1538044321550741 0.27466747890535914 0.16325571151653365 0.29614915165336375 0.18020251425313571 0.29050918244013685 0.16666430786773093 0.2704292611174458
0 0.12846338084378564 0.27896524173318127 0.13869231927023945 0.30397041847206385 0.15333100342075257 0.2996389783352338 0.14609782212086658 0.27507136488027367 0.12846338084378564 0.27896524173318127