0 0.4473603078677309 0.6243108802736601 0.4156086043329532 0.6226179760547321 0.40833659749144813 0.6784691835803877 0.4411958152793614 0.6787354914481186 0.4473603078677309 0.6243108802736601
0 0.5206086909920182 0.298565189281642 0.4686371425313569 0.29233613226909916 0.4593110205245154 0.34072340022805014 0.5116262189281642 0.3511197001140251 0.5206086909920182 0.298565189281642
0 0.5628091003420752 0.03692464766248575 0.5276603340935005 0.03952124287343216 0.5202765678449259 0.09478931242873433 0.5579361163055873 0.09986872976054731 0.5628091003420752 0.03692464766248575
0 0.9144276408209806 0.13914830330672748 0.829010085518814 0.1442593968072976 0.8306160045610035 0.19294114367160775 0.9242122622576966 0.18472811402508552 0.9144276408209806 0.13914830330672748
0 0.3132060216647663 0.8947524994298746 0.29818108095781076 0.8982795074116305 0.31572307411630557 0.9698711128848346 0.3298140364880274 0.9635045210946408 0.3132060216647663 0.8947524994298746
0 0.2925798985176739 1 0.2930172964652224 0.996061330672748 0.28057816077537057 0.9942452120866591 0.28003688711516533 1 0.2925798985176739 1
0 0.3869854469783352 0.8017790364880274 0.370341354618016 0.803199732041049 0.3674372132269099 0.8690910387685291 0.3869609258836944 0.8731576419612314 0.3869854469783352 0.8017790364880274
0 0.3463201060433295 0.7915376875712656 0.331181574686431 0.7944803204104903 0.3329519384264538 0.8564386807297606 0.3422389464082098 0.8549358996579247 0.3463201060433295 0.7915376875712656
0 0.10472291220068415 0.6957501550741162 0.05427206499429874 0.688017370581528 0.04877807981755986 0.7156992668187001 0.09990103876852909 0.7223941117445838 0.10472291220068415 0.6957501550741162
0 0.10269217331812999 0.7505841562143671 0.051676096921322696 0.7399353340935005 0.046436850627137975 0.7627288095781073 0.09840621778791334 0.7753093523375142 0.10269217331812999 0.7505841562143671
0 0.3231867126567845 0.6321148882554163 0.3355075792474344 0.5897989931584949 0.3007793409350057 0.5790084515393387 0.29015816647662485 0.6300684971493729 0.3231867126567845 0.6321148882554163
0 0.489136834663626 0.4661827206385405 0.4366972713797035 0.46064950057012544 0.43024627822120864 0.49275146180159635 0.4810373021664766 0.5022343033067275 0.489136834663626 0.4661827206385405
0 0.7016302930444698 0.3873750763968073 0.6679564640820981 0.39755137514253136 0.6713224948688711 0.42109160661345496 0.7112380148232611 0.41303038540478904 0.7016302930444698 0.3873750763968073
0 0.8158405188141391 0.39360342075256555 0.8097393797035348 0.3591040342075256 0.7937750444697833 0.3640217753705815 0.8031290307867731 0.39970505245153937 0.8158405188141391 0.39360342075256555
0 0.7856410364880274 0.3843536214367161 0.7728159578107183 0.38987087913340934 0.7763280353477765 0.4079389543899658 0.792034150513113 0.4091200353477765 0.7856410364880274 0.3843536214367161
0 0.17564712884834663 0.5476842907639681 0.12275592702394526 0.5398194070695553 0.11467123717217788 0.5728437890535918 0.16936903876852907 0.5809623683010262 0.17564712884834663 0.5476842907639681