0 0.15121624287343216 0.21178962257696693 0.1368856031927024 0.20779430330672746 0.10311944925883694 0.2913554196123147 0.12036092816419612 0.29591814139110606 0.15121624287343216 0.21178962257696693
0 0.20460160205245154 0.14232476396807298 0.19004437742303307 0.13949512656784493 0.1299781550741163 0.3068588950969213 0.14323144697833523 0.30883021094640817 0.20460160205245154 0.14232476396807298
0 0.25358693728620296 0.07684194070695553 0.23553726795895097 0.0733334401368301 0.17871011516533636 0.2413284116305587 0.18145887913340933 0.2424675803876853 0.1916660992018244 0.24929215849486885 0.25358693728620296 0.07684194070695553
0 0.15320580729760547 0.347667267958951 0.14096203648802735 0.3422630045610034 0.10955865450399087 0.4105569589509692 0.10975508437856328 0.41089757126567844 0.12345249942987457 0.419911141391106 0.15320580729760547 0.347667267958951
0 0.1748134298745724 0.3639646237172178 0.16187352679589512 0.35902990877993163 0.13497715393386545 0.4303169578107183 0.15193325313568987 0.43814936374002283 0.1748134298745724 0.3639646237172178
0 0.19868365450399086 0.3903795952109464 0.18272085290763967 0.3854621516533637 0.16539259407069556 0.44167288825541623 0.17304010832383127 0.44769588825541623 0.19868365450399086 0.3903795952109464
0 0.21259061915621436 0.42453571265678447 0.20497375712656785 0.41398219954389964 0.18809810034207525 0.45727635803876854 0.1939515974914481 0.46446279247434435 0.21259061915621436 0.42453571265678447
0 0.23691401596351197 0.4486193204104903 0.22198569327251996 0.4414835062713797 0.2074462645381984 0.4770661311288484 0.22382615393386546 0.4817622166476625 0.23691401596351197 0.4486193204104903
0 0.2705224458380844 0.46845912428734326 0.2576973694412771 0.4629418654503991 0.2318833181299886 0.5471430125427594 0.24070344241733183 0.5503680376282782 0.2705224458380844 0.46845912428734326
0 0.2940888015963512 0.4809031790193843 0.28114889737742305 0.4759684640820981 0.25031346636259977 0.568871362599772 0.26662901710376286 0.5693208996579248 0.2940888015963512 0.4809031790193843
0 0.32109847206385406 0.48494360091220073 0.3107149828962372 0.4792960763968073 0.2983496431014824 0.5128818483466362 0.3117147981755986 0.5145724766248575 0.32109847206385406 0.48494360091220073
0 0.3013182793614595 0.35044830444697833 0.2877955324971494 0.34540029646522236 0.2569813785632839 0.441330054732041 0.26706294298745725 0.4520602246294185 0.3013182793614595 0.35044830444697833
0 0.3245104675028506 0.35858558722919043 0.3124951151653364 0.35201440592930444 0.28038736488027366 0.44678701140250854 0.2959195860889396 0.45283048460661346 0.3245104675028506 0.35858558722919043
0 0.34179811972633983 0.3940037069555302 0.32885974914481186 0.38906929190421896 0.30505355302166476 0.45974728392246295 0.31633184036488027 0.4628468551881414 0.34179811972633983 0.3940037069555302
0 0.252556661345496 0.3028636351197263 0.23720668529076397 0.3041123511972634 0.2269703660205245 0.3393232805017104 0.24124547548460662 0.34240051311288483 0.252556661345496 0.3028636351197263
0 0.2949415131128848 0.24335616419612316 0.27805599201824405 0.24007395096921325 0.25780761345496006 0.29723082326111744 0.2731466681870012 0.3026302930444698 0.2949415131128848 0.24335616419612316
0 0.31781173432155074 0.25626976624857467 0.30684540478905364 0.2505089509692132 0.29057793728620296 0.29180430786773087 0.3052231083238312 0.2961631984036488 0.31781173432155074 0.25626976624857467
0 0.3708112497149373 0.29137121322690995 0.3540699441277081 0.2935623922462942 0.34518550513112883 0.32994180387685296 0.3633339224629418 0.3298387286202965 0.3708112497149373 0.29137121322690995
0 0.39845289167616876 0.30460742417331815 0.382633070695553 0.30516154047890537 0.3702249110604333 0.3435778939566705 0.3868984469783352 0.34228401938426456 0.39845289167616876 0.30460742417331815
0 0.4161606636259977 0.33164071607753703 0.4006825518814139 0.3304450729760547 0.3917981128848347 0.3668244846066135 0.411351511972634 0.36881228392246296 0.4161606636259977 0.33164071607753703
0 0.4431885416191562 0.3387074002280501 0.43421186659065 0.3351495142531357 0.4261547035347777 0.36352248916761687 0.4351773945267959 0.3643706202964653 0.4431885416191562 0.3387074002280501