0 0.43267963511972635 0.5854385153933865 0.4539043147092361 0.5755236784492588 0.41033579931584946 0.4928285381984036 0.38771690193842645 0.5030143831242874 0.43267963511972635 0.5854385153933865
0 0.4865532497149373 0.6169297137970354 0.4997228084378564 0.6027930501710376 0.48570337286202964 0.5678956727480046 0.4655627274800456 0.5833873774230331 0.4865532497149373 0.6169297137970354
0 0.46160448916761687 0.6970258152793615 0.4725276305587229 0.6862196031927024 0.45405453477765106 0.6507410330672748 0.43670232383124286 0.6656907217787913 0.46160448916761687 0.6970258152793615
0 0.6060725575826682 0.7181433090079817 0.6150986396807298 0.6975775758266819 0.557352259977195 0.6610499897377423 0.5436015085518814 0.6796403135689851 0.6060725575826682 0.7181433090079817
0 0.6282681995438997 0.6834409122006843 0.6400827172177879 0.6623331630558723 0.6103759977194984 0.6435071470923603 0.5991037947548461 0.66740486659065 0.6282681995438997 0.6834409122006843
0 0.6996481037628279 0.7231059931584949 0.6991084104903078 0.6682240741163056 0.6809820513112885 0.6717474811858608 0.6804377103762828 0.7210525313568985 0.6996481037628279 0.7231059931584949
0 0.7185058757126568 0.7903462805017104 0.7148690992018244 0.7418539566704675 0.6989891573546181 0.7420469122006841 0.7015027251995439 0.7922044618015964 0.7185058757126568 0.7903462805017104
0 0.8680456465222349 0.8524426955530218 0.8442687160775371 0.7673473557582667 0.8130116750285064 0.7777637970353477 0.8359364047890536 0.8659185792474344 0.8680456465222349 0.8524426955530218
0 0.628187338654504 0.3090416351197263 0.6381768278221208 0.3507948620296465 0.695465937286203 0.3430923808437856 0.683672606613455 0.2957605359179019 0.628187338654504 0.3090416351197263
0 0.6053008688711518 0.22984571379703536 0.6268845701254276 0.30554949258836944 0.6580358700114025 0.30199174002280504 0.6351493990877993 0.22279581984036487 0.6053008688711518 0.22984571379703536
0 0.41320411858608896 0.47780203306727476 0.4330345803876853 0.46815820524515395 0.3938066545039908 0.3556798278221209 0.3717294766248575 0.3686525724059293 0.41320411858608896 0.47780203306727476