0 0.0816727126567845 0.8290773603192703 0.07016395324971493 0.7997144412770809 0.021495029646522234 0.8222424503990878 0.031003472063854048 0.858787086659065 0.0816727126567845 0.8290773603192703
0 0.04662832383124287 0.6993962177879134 0.020809135689851765 0.7140660319270239 0.014324106043329532 0.778501550741163 0.06162136259977195 0.7635369464082098 0.04662832383124287 0.6993962177879134
0 0.19013220410490309 0.45713973888255416 0.14564994526795894 0.4644652998859749 0.15530700342075257 0.5338800193842645 0.19736179019384265 0.5316760216647662 0.19013220410490309 0.45713973888255416
0 0.7588313648802736 0.1476506180159635 0.6785043249714937 0.13687734549600913 0.6365186043329533 0.3962880342075256 0.7213811231470924 0.41597990992018247 0.7588313648802736 0.1476506180159635
0 0.4655229418472064 0.09975899885974915 0.4779136031927024 0.0508309669327252 0.44577738540478906 0.048353201824401365 0.44214951311288486 0.09765438540478905 0.4655229418472064 0.09975899885974915
0 0.8333178358038769 0.11045131698973773 0.8948931539338654 0.11221863511972635 0.9005698449258837 0.04116635347776511 0.8330646054732042 0.04220698061573546 0.8333178358038769 0.11045131698973773
0 0.9143134526795895 0.35592531014823264 0.9186874298745724 0.24914849714937287 0.8490876328392246 0.2527960684150513 0.8465208289623718 0.35822958494868873 0.9143134526795895 0.35592531014823264
0 0.3604782075256556 1 0.3521163808437856 0.9797189429874573 0.3122131242873432 0.989717897377423 0.3147286681870011 1 0.3604782075256556 1
0 0.6322667388825541 0.9350708175598631 0.6627036145952109 0.9451291596351198 0.671674314709236 0.9084484629418472 0.6467495438996579 0.8943570490307868 0.6322667388825541 0.9350708175598631
0 0.8702731744583808 0.9119140387685291 0.8476439885974915 0.9824669236031928 0.8656068380843785 0.9815255302166477 0.8871451619156214 0.9165796077537058 0.8702731744583808 0.9119140387685291
0 0.8309910843785633 0.9819518255416191 0.854055393386545 0.9197016088939567 0.8412551847206385 0.9134348072976054 0.8128816875712657 0.9801267844925884 0.8309910843785633 0.9819518255416191
0 0.8147121755986316 0.9092776374002282 0.7875019942987457 0.9717451311288483 0.8005181630558723 0.9821625689851767 0.8261282656784493 0.9156154150513113 0.8147121755986316 0.9092776374002282
0 0.8678873261117447 0.36404588141391103 0.8417052656784493 0.3668058643101482 0.8292577993158495 0.44653533181299887 0.858636818700114 0.451933275940707 0.8678873261117447 0.36404588141391103