0 0.15703490992018243 0.6501551163055873 0.19497804903078675 0.6530193204104903 0.2020588757126568 0.5904785872291904 0.16467553591790193 0.5849911767388826 0.15703490992018243 0.6501551163055873
0 0.05460190421892816 0.6997916567844925 0.08975358722919043 0.7059023671607754 0.10056885518814139 0.6665521060433295 0.05768255758266819 0.6597908072976054 0.05460190421892816 0.6997916567844925
0 0.8985742405929305 1 0.8957274469783352 0.9693709771949829 0.8568309327251996 0.9696814355758266 0.8588733261117446 1 0.8985742405929305 1
0 0.7964636921322691 0.7543900832383125 0.7602490524515394 0.7666933352337514 0.7857745610034207 0.8170859817559862 0.817809669327252 0.8051668608893957 0.7964636921322691 0.7543900832383125
0 0.9334481402508551 0.8717087639680731 0.956510882554162 0.874540511972634 0.9622273158494868 0.8279838950969214 0.9161805758266819 0.8298076773090081 0.9334481402508551 0.8717087639680731
0 0.8901089646522234 0.5277995370581529 0.8472190535917903 0.5213368996579247 0.8419898004561004 0.5541945313568984 0.8832533568985177 0.5592610581527936 0.8901089646522234 0.5277995370581529
0 0.8189468358038768 0.3617313956670467 0.7908602656784494 0.385801984036488 0.8229521311288484 0.40708885632839226 0.8433757445838085 0.3820789486887115 0.8189468358038768 0.3617313956670467
0 0.6301370581527935 0.19378190193842645 0.6121446522234891 0.2184921163055872 0.6307635541619155 0.23842539338654506 0.6507510262257697 0.2208395461801596 0.6301370581527935 0.19378190193842645
0 0.35833801938426457 0.27287246066134546 0.38195007981755985 0.2901286727480046 0.4134266841505131 0.2691678415051311 0.3856091003420753 0.24571227137970356 0.35833801938426457 0.27287246066134546
0 0.8471198757126568 0.37595837172177876 0.858194566704675 0.38808750855188145 0.8789503865450399 0.34576875598631696 0.8626345689851768 0.33778490992018245 0.8471198757126568 0.37595837172177876
0 0.8704305005701255 0.3907847354618016 0.8817135689851767 0.39635758494868867 0.9013700615735462 0.35809446294184716 0.8909659475484606 0.35023512656784495 0.8704305005701255 0.3907847354618016
0 0.7187974469783353 0.7436574492588369 0.7391614503990878 0.7581220136830104 0.76892365336374 0.7282766510832384 0.7419297115165336 0.7112034059293044 0.7187974469783353 0.7436574492588369
0 0.6136170706955529 0.8497865062713797 0.6263494515393386 0.877672614595211 0.6640337309007982 0.8631569749144812 0.6504121402508551 0.832768850627138 0.6136170706955529 0.8497865062713797
0 0.7591826465222349 1 0.7412518426453819 0.9701462269099201 0.726497771949829 0.9788033112884834 0.7360083409350058 1 0.7591826465222349 1