0 0.8309593751425313 0.13656406271379704 0.8475828129988597 0.16660624971493732 0.924771874572406 0.11552812542759408 0.9010218745724059 0.08642812542759407 0.8309593751425313 0.13656406271379704
0 0.8541140627137971 0.016939062713797037 0.8671765621436716 0.057325 0.9022078129988598 0.02822343785632839 0.882614062713797 0.005654687571265678 0.8541140627137971 0.016939062713797037
0 0.32062656214367163 0.13300156214367162 0.33161093728620294 0.189175 0.3915812497149373 0.17610781299885975 0.37851718700114023 0.12503281299885977 0.32062656214367163 0.13300156214367162
0 0.7988953124287342 0.41711249942987455 0.830364062713797 0.4825687502850627 0.8648015621436717 0.46475 0.8357078129988598 0.4000156248574686 0.7988953124287342 0.41711249942987455
0 0.6581765621436717 0.4528734378563284 0.7110203124287343 0.42139531242873435 0.6872687502850627 0.37685156214367166 0.6427374994298746 0.40476562485746864 0.6581765621436717 0.4528734378563284
0 0.6412546875712657 0.6655984378563283 0.6439265621436716 0.7005343751425314 0.6932062497149373 0.686875 0.6896453124287343 0.6542093751425314 0.6412546875712657 0.6655984378563283
0 0.20662656214367162 0.7635671870011402 0.22651718700114026 0.837135937286203 0.29123593728620295 0.8133796875712657 0.269860937286203 0.7474546875712657 0.20662656214367162 0.7635671870011402
0 0 0.4785656248574686 0.052546874572405936 0.4546546875712657 0.033546874572405926 0.40417187457240594 0 0.41961406271379703 0 0.4785656248574686
0 0.11221875028506272 0.21226718700114025 0.12142343785632839 0.2669781254275941 0.16239218700114025 0.26103906271379707 0.15110937514253134 0.20758593728620295 0.11221875028506272 0.21226718700114025
0 0.17990781299885977 0.22651718700114026 0.17961093728620295 0.23847031242873432 0.23898593728620296 0.23074843785632837 0.24136093728620298 0.21471250057012542 0.17990781299885977 0.22651718700114026
0 0.08906406271379703 0.7947390627137971 0.09529843785632838 0.8288203124287343 0.1641734378563284 0.8098156248574686 0.15882968757126567 0.7777437502850627 0.08906406271379703 0.7947390627137971
0 0.06620312542759407 0.9018734378563283 0.07273437514253135 0.9440406248574686 0.13448437514253136 0.9244406248574686 0.12023593728620297 0.8864296875712656 0.06620312542759407 0.9018734378563283
0 0 0.6922203124287344 0.06382812542759407 0.6660890627137971 0.049875 0.6326453124287342 0 0.6536156248574687 0 0.6922203124287344
0 0.7980046875712656 0.5818796875712657 0.8042390627137971 0.6179812497149373 0.8416453124287343 0.6072906248574687 0.8321453124287342 0.5734375005701254 0.7980046875712656 0.5818796875712657
0 0.8621312497149373 0.5453625005701255 0.8843968745724059 0.5900671870011402 0.9212093751425313 0.5674984378563284 0.9004281254275941 0.5253296875712656 0.8621312497149373 0.5453625005701255
0 0.9654437502850627 0.5783171870011402 0.9639593751425314 0.6274843751425314 0.998753125427594 0.6138234378563284 0.998753125427594 0.5710625005701254 0.9654437502850627 0.5783171870011402
0 0.8582703124287344 0.4980093751425314 0.8725218745724059 0.5354265621436716 0.891521874572406 0.5241421870011402 0.8737078129988598 0.490289062713797 0.8582703124287344 0.4980093751425314
0 0.9497093751425314 0.20521093728620296 0.9693031254275941 0.2337187502850627 0.998753125427594 0.20105312542759407 0.998396874572406 0.16541718700114025 0.9497093751425314 0.20521093728620296
0 0.34051718700114025 0.26163281299885977 0.34526875028506276 0.2948921870011403 0.3737687502850627 0.2871703124287343 0.36604843785632835 0.2545046875712657 0.34051718700114025 0.26163281299885977