0 0.2950614127708096 0.09253467616875713 0.2918888745724059 0.016930651083238313 0.22416992246294185 0.015758345496009123 0.2132083078677309 0.10012371607753706 0.2950614127708096 0.09253467616875713
0 0.4292092155074116 0.27835540364880274 0.3789338483466363 0.27334388825541617 0.37151438198403647 0.3014659988597491 0.4205728027366021 0.3070083010262258 0.4292092155074116 0.27835540364880274
0 0.34734471835803876 0.7058959384264538 0.3241287582668187 0.5930090136830102 0.2656595370581528 0.6081760057012543 0.28543416989737747 0.7186873819840365 0.34734471835803876 0.7058959384264538
0 0.4042340763968073 0.6981846043329533 0.3857584857468643 0.5855461117445838 0.33507468529076395 0.5940004253135689 0.3515884139110604 0.7043362109464082 0.4042340763968073 0.6981846043329533
0 0.5469391117445838 0.8001085165336373 0.46839519156214365 0.8126243728620296 0.4795492212086659 0.8607271778791334 0.5519464218928164 0.8520480102622576 0.5469391117445838 0.8001085165336373
0 0.32671610832383124 0.815888936145952 0.3428416647662486 0.8939539315849487 0.4032560045610034 0.8870218985176739 0.3873753648802737 0.8042836294184721 0.32671610832383124 0.815888936145952
0 0.30978206727480045 0.40158645267958953 0.30525275940706953 0.38590604218928165 0.2692468209806157 0.38656942075256556 0.27336460433295323 0.40442971835803876 0.30978206727480045 0.40158645267958953
0 0.5843161664766249 0.5407107468643102 0.5819646818700114 0.49484982896237173 0.543772865450399 0.49181248688711515 0.5507701607753707 0.5454881949828962 0.5843161664766249 0.5407107468643102
0 0.7887007867730901 0.46410555188141395 0.7510042269099202 0.46866547776510836 0.7594450193842646 0.5231600433295325 0.8009163911060434 0.514642251995439 0.7887007867730901 0.46410555188141395
0 0.6337270592930445 0.4601425484606613 0.6345341778791335 0.4447418072976055 0.5567679977194983 0.45373259977194985 0.560049283922463 0.47053673318129985 0.6337270592930445 0.4601425484606613
0 0.7773977366020525 0.4415361915621437 0.7828862782212087 0.42756835917901936 0.7053389338654503 0.4324133591790194 0.7103990296465222 0.4493107172177879 0.7773977366020525 0.4415361915621437
0 0.7455746590649943 0.47016305587229196 0.7474125233751425 0.45778446636259973 0.7112503876852907 0.461398401368301 0.7102809999999999 0.47425278449258834 0.7455746590649943 0.47016305587229196
0 0.6294274834663627 0.48545846978335233 0.6315136157354618 0.46834263055872294 0.5909995142531357 0.4755822086659065 0.5962866510832383 0.49381984720638544 0.6294274834663627 0.48545846978335233
0 0.946929574686431 0.26984850969213225 0.9489847149372862 0.2533240467502851 0.8874833204104903 0.26398085404789057 0.8891990125427595 0.2822660182440137 0.946929574686431 0.26984850969213225
0 0.9290265507411631 0.3051442850627138 0.9304576807297605 0.2891816818700114 0.8921263158494869 0.29450943785632844 0.8977903044469783 0.3112287822120866 0.9290265507411631 0.3051442850627138
0 0.9381752155074117 0.32344191448118587 0.9354557080957812 0.3072633511972634 0.9178773591790194 0.3136740330672748 0.9207922189281642 0.3260951698973774 0.9381752155074117 0.32344191448118587
0 0.9273128472063854 0.42860347890535916 0.9791777286202965 0.4259752143671608 0.9757629464082098 0.37768344013683014 0.9309496716077537 0.38186883010262257 0.9273128472063854 0.42860347890535916
0 0.1442251470923603 0.8378071984036488 0.14006375256556441 0.8037317719498289 0.08888804218928165 0.8158998050171038 0.09663656898517674 0.849568661345496 0.1442251470923603 0.8378071984036488