0 0.11112662941847207 0.5617393295324972 0.08131999657924743 0.5780958779931585 0.10099319384264539 0.6083613329532497 0.13311401710376283 0.5952857206385405 0.11112662941847207 0.5617393295324972
0 0.09207431470923602 0.7063769315849487 0.056015836944127706 0.7439807194982896 0.09887916191562145 0.7823889726339794 0.13465518928164197 0.7450242189281643 0.09207431470923602 0.7063769315849487
0 0.468477535917902 0.6586494207525655 0.42224711630558726 0.6273934663625997 0.40613416419612314 0.6565760353477765 0.4453387001140251 0.6852423454960092 0.468477535917902 0.6586494207525655
0 0.5146592816419613 0.9105149144811858 0.5453372417331813 0.9321542029646522 0.5701985735461802 0.9131705952109463 0.5367375473204106 0.8857786180159636 0.5146592816419613 0.9105149144811858
0 0.7474104925883694 0.6129823603192702 0.7293126830102622 0.6350595165336373 0.7865836510832382 0.6709910855188143 0.8053083169897378 0.6493666180159635 0.7474104925883694 0.6129823603192702
0 0.6176719578107184 0.5281022622576967 0.590362449258837 0.5716351961231471 0.6319852006841505 0.6051148574686431 0.671810755986317 0.5617780763968073 0.6176719578107184 0.5281022622576967
0 0.17186104218928167 0.43440659635119727 0.17060902166476624 0.45054887913340935 0.2449134834663626 0.44492696807297605 0.2409122816419612 0.42600999657924743 0.17186104218928167 0.43440659635119727
0 0.29200251539338656 0.10966615051311289 0.2772938301026226 0.15469718244013683 0.31192178563283923 0.1647076054732041 0.32744490193842646 0.11432234435575826 0.29200251539338656 0.10966615051311289
0 0.21326819498289623 0.1413339566704675 0.24523959407069554 0.14742326567844924 0.2581721254275941 0.12808496807297606 0.25970085632839224 0.12441156898517675 0.22964350969213226 0.11164748346636261 0.21326819498289623 0.1413339566704675
0 0.2997755085518814 0.3059426784492589 0.2968017491448119 0.34004412428734326 0.33263663740022803 0.3460574948688711 0.3331781368301026 0.31549840592930445 0.2997755085518814 0.3059426784492589
0 0.2504388164196123 0.3664754355758267 0.2799996921322691 0.3721396716077537 0.29170555872291903 0.34802687343215505 0.2571174047890536 0.34281912428734324 0.2504388164196123 0.3664754355758267
0 0.289136165336374 0.2644681870011403 0.2939680045610034 0.23142564538198404 0.2610602873432155 0.22896987685290762 0.2589089646522235 0.2620426955530217 0.289136165336374 0.2644681870011403
0 0.4674874275940707 0.0742026157354618 0.4325676157354618 0.05999608095781072 0.4168260228050171 0.0902334401368301 0.4638647331812999 0.1032573489167617 0.4674874275940707 0.0742026157354618
0 0.20773895895096922 0.07928569897377423 0.16849446180159636 0.07132730672748004 0.16290319726339794 0.10204372063854049 0.20191261231470922 0.11087375826681871 0.20773895895096922 0.07928569897377423