0 0.8434906248574686 0.3114234378563284 0.8815015621436716 0.3037046875712657 0.8741249999999999 0.2591734378563284 0.8333937502850627 0.2657046875712657 0.8434906248574686 0.3114234378563284
0 0.8696234378563285 0.21523593728620297 0.9070406248574687 0.20632968757126566 0.9044046875712657 0.15764218700114024 0.8619015621436715 0.16357812542759406 0.8696234378563285 0.21523593728620297
0 0.36835937514253136 0.18673593728620297 0.44675624971493727 0.18673593728620297 0.45018437514253135 0.11400156214367162 0.36835937514253136 0.11310937514253136 0.36835937514253136 0.18673593728620297
0 0.2721453124287343 0.2930171870011402 0.2863984378563284 0.2959859372862029 0.2952140627137971 0.22176718700114026 0.27986562485746863 0.22057968757126567 0.2721453124287343 0.2930171870011402
0 0.3125312497149373 0.0929234378563284 0.31015468757126563 0.03948437514253136 0.2757078129988597 0.037109375142531355 0.27808281299885973 0.09351562485746864 0.3125312497149373 0.0929234378563284
0 0.17117968757126567 0.09886093728620296 0.19968749942987457 0.09767187457240592 0.20526093728620298 0.06145312542759407 0.1688031254275941 0.05848437514253135 0.17117968757126567 0.09886093728620296
0 0.6599718745724059 0.8938968745724059 0.6962 0.8956765621436715 0.7013421870011403 0.835410937286203 0.6611578129988598 0.8279906248574687 0.6599718745724059 0.8938968745724059
0 0.571478125427594 0.8178953124287343 0.6249296875712658 0.8149265621436717 0.617621874572406 0.7695046875712657 0.5696953124287343 0.7668328129988597 0.571478125427594 0.8178953124287343
0 0.39389687457240596 0.732989062713797 0.39389687457240596 0.7709890627137971 0.4283437502850627 0.7727703124287343 0.4270281254275941 0.7374421870011403 0.39389687457240596 0.732989062713797
0 0.4307187502850627 0.998753125427594 0.4728875005701254 0.998753125427594 0.4715593751425313 0.9823656248574687 0.42775 0.981178125427594 0.4307187502850627 0.998753125427594
0 0.36301406271379705 0.998753125427594 0.4271562497149373 0.998753125427594 0.42346562485746864 0.9779125005701255 0.3642015621436716 0.9704906248574686 0.36301406271379705 0.998753125427594
0 0.760935937286203 0.10360937514253135 0.7514343751425313 0.04957812542759407 0.7140171870011403 0.05314062485746865 0.7241140627137971 0.11014062485746864 0.760935937286203 0.10360937514253135
0 0.6973874994298745 0.09351562485746864 0.6861031254275941 0.041265624857468645 0.6552187502850627 0.04957812542759407 0.6599718745724059 0.09410937514253136 0.6973874994298745 0.09351562485746864
0 0.6861031254275941 0.2449234378563284 0.7199562497149372 0.2377984378563284 0.713810937286203 0.20306406271379704 0.6795703124287343 0.20870468757126567 0.6861031254275941 0.2449234378563284
0 0.6320578129988598 0.15645312542759407 0.6278984378563284 0.11786093728620296 0.5946406248574686 0.12439218700114026 0.6029546875712657 0.15823593728620297 0.6320578129988598 0.15645312542759407
0 0.4627921870011402 0.2971734378563284 0.4728875005701254 0.30786093728620295 0.48402812542759405 0.2921265621436716 0.47526249942987453 0.28411093728620296 0.4627921870011402 0.2971734378563284
0 0.4966453124287343 0.15348437514253135 0.5269343751425314 0.15348437514253135 0.5276687502850627 0.11400156214367162 0.4918921870011403 0.11370312542759407 0.4966453124287343 0.15348437514253135
0 0.1474234378563284 0.15586093728620298 0.1693984378563284 0.15407812542759408 0.16162031242873434 0.11934375028506271 0.14207656214367162 0.12201562485746865 0.1474234378563284 0.15586093728620298
0 0.1337624994298746 0.2847046875712657 0.15039218700114024 0.2870796875712657 0.15271249942987458 0.2520484378563284 0.1337624994298746 0.25026718700114026 0.1337624994298746 0.2847046875712657
0 0.09515781299885974 0.2757984378563284 0.1106 0.27757968757126567 0.11530624971493729 0.24403281299885973 0.09694062485746864 0.2443296875712657 0.09515781299885974 0.2757984378563284
0 0.4283437502850627 0.9045828129988597 0.42953281299885976 0.8273953124287343 0.3713281254275941 0.8250218745724059 0.36895312542759406 0.8974593751425314 0.4283437502850627 0.9045828129988597
0 0.2881812497149373 0.7044890627137971 0.29115 0.6617375005701255 0.23294687457240593 0.656989062713797 0.23294687457240593 0.694989062713797 0.2881812497149373 0.7044890627137971