0 0.25026718700114026 0.23075781299885975 0.2401734378563284 0.2645687502850627 0.29836093728620294 0.2651625005701254 0.3013296875712657 0.23016406271379702 0.25026718700114026 0.23075781299885975
0 0.15853281299885974 0.03231875028506272 0.15704687457240593 0.05339843785632839 0.20157968757126565 0.05814375028506272 0.20989218700114023 0.03500937514253136 0.15853281299885974 0.03231875028506272
0 0.2449234378563284 0.27693750057012545 0.2395796875712657 0.31142968757126566 0.2876734378563284 0.31380156214367166 0.2894546875712657 0.2805843751425314 0.2449234378563284 0.27693750057012545
0 0.25293906271379707 0.34543124971493727 0.2496734378563284 0.4009984378563284 0.2977687502850627 0.40218593728620294 0.3031109372862029 0.3476125005701254 0.25293906271379707 0.34543124971493727
0 0.1522984378563284 0.4027781254275941 0.14754687457240592 0.4354031254275941 0.17664218700114026 0.43896249942987453 0.18554843785632838 0.40811718700114025 0.1522984378563284 0.4027781254275941
0 0.17189218700114026 0.25381093728620296 0.1689234378563284 0.2966 0.20157968757126565 0.2995671870011402 0.2140484378563284 0.25685781299885974 0.17189218700114026 0.25381093728620296
0 0.7234890627137971 0.13466406271379702 0.7151765621436715 0.168475 0.7466453124287343 0.17203437514253134 0.7579265621436716 0.14059531242873433 0.7234890627137971 0.13466406271379702
0 0.8745999999999999 0.14795781299885977 0.8725218745724059 0.18152500000000002 0.9081453124287343 0.18389687457240592 0.9128968745724059 0.1488984378563284 0.8745999999999999 0.14795781299885977
0 0.8167078129988598 0.13906250057012542 0.8119578129988597 0.17618593728620294 0.8386765621436717 0.17677812542759405 0.846396874572406 0.142375 0.8167078129988598 0.13906250057012542
0 0.23126718700114027 0.6376765621436716 0.22711093728620296 0.6726734378563284 0.30548593728620294 0.6720796875712657 0.3060796875712657 0.6388625005701255 0.23126718700114027 0.6376765621436716
0 0.2280015621436716 0.6790015621436716 0.21998593728620297 0.7141953124287344 0.25857968757126565 0.7130093751425314 0.265110937286203 0.6797906248574687 0.2280015621436716 0.6790015621436716
0 0.33309531242873436 0.6870078129988597 0.32745468757126567 0.7379234378563284 0.36367499999999997 0.7402953124287343 0.3702062497149373 0.6898749999999999 0.33309531242873436 0.6870078129988597
0 0.2787671870011403 0.7448250000000001 0.27223593728620293 0.8108828129988598 0.34111093728620295 0.8162218745724059 0.3512062497149373 0.7533453124287344 0.2787671870011403 0.7448250000000001
0 0.12825 0.8159874994298746 0.12142343785632839 0.8476593751425314 0.17367343785632838 0.8541843751425313 0.17961093728620295 0.8174078129988598 0.12825 0.8159874994298746
0 0.10360937514253135 0.6554703124287342 0.09707812542759407 0.7088562497149372 0.1469531254275941 0.7100437502850626 0.15704687457240593 0.6608093751425314 0.10360937514253135 0.6554703124287342
0 0.019593750285062713 0.606060937286203 0.010984375142531358 0.6388625005701255 0.04245312542759407 0.6418281254275942 0.04542343785632839 0.609203125427594 0.019593750285062713 0.606060937286203
0 0.054923437856328396 0.609203125427594 0.05017187457240593 0.6388625005701255 0.07570312542759408 0.6424203124287343 0.07986093728620297 0.609203125427594 0.054923437856328396 0.609203125427594
0 0.09114062485746864 0.5664937502850628 0.12736093728620296 0.5706468745724059 0.1327046875712657 0.5320906248574686 0.09707812542759407 0.5279390627137971 0.09114062485746864 0.5664937502850628
0 0.03651562485746864 0.525114062713797 0.03295312542759407 0.56175 0.06204687457240593 0.5611562497149373 0.06917187457240592 0.5279390627137971 0.03651562485746864 0.525114062713797
0 0.2823296875712657 0.8280843751425314 0.27817343785632836 0.88325 0.30964218700114027 0.8838437502850628 0.3179546875712657 0.8310515621436716 0.2823296875712657 0.8280843751425314
0 0.07748437514253136 0.8393546875712656 0.078375 0.8231031254275941 0.0008906248574686432 0.8150343751425314 0 0.8328312497149373 0.07748437514253136 0.8393546875712656
0 0.35061093728620296 0.9532453124287343 0.279360937286203 0.9526531254275942 0.25798593728620295 0.9987546875712657 0.34289218700114027 0.9987546875712657 0.35061093728620296 0.9532453124287343
0 0.678660937286203 0.8133187502850626 0.6700515621436716 0.8518124994298746 0.7573328129988598 0.8636765621436716 0.7668328129988597 0.822153125427594 0.678660937286203 0.8133187502850626
0 0.721410937286203 0.9414093751425314 0.7151765621436715 0.9745984378563285 0.7519890627137971 0.9781578129988597 0.7608953124287343 0.9437546875712657 0.721410937286203 0.9414093751425314
0 0.5682218745724059 0.6763328129988597 0.5643625005701255 0.7236859372862029 0.6023624994298746 0.7236859372862029 0.6035515621436716 0.6762328129988598 0.5682218745724059 0.6763328129988597
0 0.9698968745724059 0.9289562497149373 0.9645531254275941 0.9639234378563284 0.998753125427594 0.9680749999999999 0.998753125427594 0.9312968745724058 0.9698968745724059 0.9289562497149373
0 0.6697546875712657 0.8515687502850627 0.6629265621436716 0.9099421870011403 0.721114062713797 0.8915546875712657 0.7228953124287344 0.8607093751425314 0.6697546875712657 0.8515687502850627
0 0.7151765621436715 0.32764062485746864 0.7104265621436716 0.3660015621436716 0.7466453124287343 0.36718750057012545 0.7519890627137971 0.328039062713797 0.7151765621436715 0.32764062485746864
0 0.8119578129988597 0.42175937514253137 0.869553125427594 0.4270984378563284 0.8677703124287344 0.39803437514253137 0.8125531254275941 0.39862656214367165 0.8119578129988597 0.42175937514253137
0 0.9805843751425314 0.5384578129988598 0.981178125427594 0.5528515621436716 0.9972093751425314 0.5570031254275941 0.998753125427594 0.5403953124287343 0.9805843751425314 0.5384578129988598
0 0.9752406248574687 0.5896281254275941 0.998753125427594 0.5896281254275941 0.998753125427594 0.5742062497149373 0.9776156248574687 0.5742062497149373 0.9752406248574687 0.5896281254275941
0 0.5717843751425313 0.5348984378563284 0.5685187502850627 0.5676812497149373 0.6005828129988597 0.5700531254275941 0.6077062497149374 0.5338703124287344 0.5717843751425313 0.5348984378563284
0 0.5958312497149373 0.31162812542759405 0.5869249999999999 0.3523593751425314 0.647489062713797 0.3523593751425314 0.6498625005701254 0.31676875028506274 0.5958312497149373 0.31162812542759405
0 0.5839562497149373 0.24321406271379703 0.5839562497149373 0.2793984378563284 0.6338312497149373 0.2847374994298746 0.6385828129988598 0.2515187502850627 0.5839562497149373 0.24321406271379703