0 0.3830734652223489 0.8573482006841505 0.34500679817559865 0.8538604606613456 0.33908732269099207 0.8889659931584948 0.37625025541619156 0.8916209384264537 0.3830734652223489 0.8573482006841505
0 0.20591840820980614 0.7103441550741163 0.17092355416191563 0.712734952109464 0.1697517936145952 0.7477576100342075 0.2077460057012543 0.7470944184720639 0.20591840820980614 0.7103441550741163
0 0.3499331801596351 0.5577340695553022 0.3148969030786773 0.5577517901938427 0.3235979475484606 0.6139600592930445 0.35431507297605475 0.6046459897377423 0.3499331801596351 0.5577340695553022
0 0.8180075758266819 0.49676357240592933 0.7788555416191563 0.4992269327251996 0.7758836670467503 0.5330948939566704 0.8241761687571266 0.5270511527936146 0.8180075758266819 0.49676357240592933
0 0.9305070022805016 0.239695409350057 0.9697920478905359 0.24494183922462942 0.9786901835803876 0.21037815621436717 0.9378679771949829 0.20212059407069555 0.9305070022805016 0.239695409350057
0 0.7356405336374002 0.1327487582668187 0.7350815119726339 0.10072238768529077 0.6923794446978335 0.10384155416191561 0.6959258996579247 0.13700189737742305 0.7335463363740024 0.13184610832383123 0.7356405336374002 0.1327487582668187
0 0.6397898654503992 0.32308025883694413 0.6854825165336375 0.32109657354618015 0.6863335792474344 0.2848011915621437 0.6385957879133409 0.2886927366020524 0.6397898654503992 0.32308025883694413
0 0.1007271299885975 0.19544688711516536 0.06403408551881414 0.20261179817559863 0.06990498403648802 0.2327654914481186 0.10630147776510832 0.22553230900798174 0.1007271299885975 0.19544688711516536
0 0.12115001254275941 0.10669256670467504 0.09229878335233752 0.12084043215507412 0.10830487913340935 0.1531910148232611 0.13858765564424175 0.13600363854047892 0.12115001254275941 0.10669256670467504
0 0.375494669327252 0.15090099771949828 0.32746880159635117 0.15529920980615736 0.3295619144811859 0.1730606978335234 0.3778287206385405 0.16563438312428735 0.375494669327252 0.15090099771949828
0 0.36863314595210944 0.13203662485746864 0.3236583660205245 0.1411260535917902 0.32619866590649943 0.15057534435575826 0.37389418129988594 0.14435137058152794 0.36863314595210944 0.13203662485746864
0 0.3653025188141391 0.111330661345496 0.3238379395667047 0.11739274116305587 0.3281918129988598 0.12858877309007982 0.3681476031927024 0.12132002850627138 0.3653025188141391 0.111330661345496
0 0.33906963740022805 0.07144647662485747 0.3006059771949829 0.07923613340935005 0.3049893477765108 0.09221160889395667 0.34435838654503986 0.08525940364880273 0.33906963740022805 0.07144647662485747
0 0.3365826841505131 0.06496389281641961 0.33398906499429876 0.052549453819840365 0.3020883101482326 0.062006076396807296 0.3040851163055872 0.07442936944127708 0.3365826841505131 0.06496389281641961
0 0.5745797251995439 0.5336410285062714 0.5781795279361459 0.5697680798175598 0.6128746351197263 0.5672153033067274 0.6095450832383125 0.5294707890535918 0.5745797251995439 0.5336410285062714
0 0.057057179019384265 0.5853902976054732 0.0547410558722919 0.6228051687571267 0.1069608529076397 0.6205293979475485 0.1063221220068415 0.583936535917902 0.057057179019384265 0.5853902976054732
0 0.5860452189281641 0.6461611892816419 0.5814906225769669 0.6913288072976054 0.6238287411630559 0.6844591710376283 0.6257997126567846 0.6442811550741163 0.5860452189281641 0.6461611892816419