0 0.8516937502850628 1 0.8427953124287343 0.9652656248574687 0.827135937286203 0.9706093751425313 0.8380515621436716 1 0.8516937502850628 1
0 0.8665234378563283 1 0.8772 0.9991093751425314 0.8712687502850628 0.9652656248574687 0.8573796875712656 0.9652656248574687 0.8665234378563283 1
0 0.7983078129988598 0.8209843751425313 0.7289062497149372 0.8346390627137971 0.736025 0.9177656248574686 0.8113578129988597 0.9041078129988598 0.7983078129988598 0.8209843751425313
0 0.7805124994298746 1 0.7763593751425313 0.9729843751425313 0.7586421870011403 0.9768437502850627 0.7615312497149372 1 0.7805124994298746 1
0 1 0.873828125427594 0.9993953124287344 0.8186078129988598 0.9721078129988597 0.8257328129988598 0.9804124994298746 0.8767953124287343 1 0.873828125427594
0 0.9626171870011403 0.7871390627137971 0.9982078129988597 0.7806078129988597 0.9908078129988598 0.739935937286203 0.9554999999999999 0.7485453124287343 0.9626171870011403 0.7871390627137971
0 0.9050796875712658 0.7627953124287343 0.895589062713797 0.7271703124287344 0.842203125427594 0.7313265621436715 0.8493218745724059 0.7717015621436717 0.9050796875712658 0.7627953124287343
0 0.7300921870011402 0.5068875005701254 0.7158562497149372 0.51045 0.7259406248574687 0.5597312497149373 0.7381843751425313 0.558246874572406 0.7300921870011402 0.5068875005701254
0 0.7051796875712657 0.5751703124287344 0.6950953124287342 0.5039187502850627 0.6820453124287343 0.5074812497149372 0.69035 0.5745765621436716 0.7051796875712657 0.5751703124287344
0 0.6790796875712656 0.21951093728620297 0.6221343751425313 0.23079218700114026 0.6322187502850627 0.2842296875712657 0.6848124994298745 0.26879218700114027 0.6790796875712656 0.21951093728620297
0 0.17725312542759405 0.4712625005701254 0.11497031242873432 0.49441875028506277 0.1232734378563284 0.5431062497149374 0.1955765621436716 0.5190593751425314 0.17725312542759405 0.4712625005701254
0 0.27156718700114024 0.039009375142531354 0.2341984378563284 0.04910312542759407 0.25614531242873434 0.11619687457240592 0.29164375028506273 0.10491718700114025 0.27156718700114024 0.039009375142531354
0 0.14640781299885974 0.3127312497149373 0.12624062485746865 0.3192624994298746 0.13573124971493727 0.35726250057012543 0.15999531242873433 0.3525109372862029 0.14640781299885974 0.3127312497149373
0 0.08768437514253136 0.09066562485746864 0.06514375028506271 0.09422812542759407 0.06514375028506271 0.12688593728620295 0.09239062485746864 0.12807187457240593 0.08768437514253136 0.09066562485746864
0 0.8279656248574686 0.06750937514253136 0.7941562497149373 0.07166562485746863 0.7941562497149373 0.11619687457240592 0.8431484378563284 0.10758906271379703 0.8279656248574686 0.06750937514253136
0 0.014723437856328393 0.5627 0.0012453124287343214 0.5710124994298745 0.0012453124287343214 0.608121874572406 0.025993750285062713 0.5989187502850627 0.014723437856328393 0.5627