0 0.6766076864310149 0.7984927035347776 0.7180310057012543 0.794539669327252 0.7122373044469783 0.7389526465222349 0.6637574595210946 0.7462498871151653 0.6766076864310149 0.7984927035347776
0 0.4364989794754846 0.26823544925883697 0.40462799087799317 0.2728785610034207 0.4200364310148233 0.37077036488027365 0.45679869669327255 0.36051826453819835 0.4364989794754846 0.26823544925883697
0 0.4713051356898518 0.2628439464082098 0.4798152405929304 0.3117468323831243 0.5111881584948689 0.30891508209806157 0.5060817787913341 0.2568594264538198 0.4713051356898518 0.2628439464082098
0 0.29095525085518814 0.07846598403648802 0.25976894298745723 0.08485847206385404 0.273566842645382 0.16261791334093503 0.3076051687571265 0.15786121550741164 0.29095525085518814 0.07846598403648802
0 0.22248357012542758 0.14507830444697833 0.1630770330672748 0.1577047069555302 0.1728106134549601 0.24816457468643102 0.2381936898517674 0.24057603990877993 0.22248357012542758 0.14507830444697833
0 0.10983814937286203 0.09509270809578108 0.030828958950969213 0.10815187571265678 0.0367040330672748 0.1696802827822121 0.11675345267958952 0.15894485746864312 0.10983814937286203 0.09509270809578108
0 0.843691189281642 0.06020048802736602 0.8323290558722919 0.05901225769669327 0.8393785781071835 0.10175032269099202 0.8521727400228051 0.0972135724059293 0.843691189281642 0.06020048802736602
0 0.8581758973774231 0.052901163055872294 0.8647854982896237 0.0882302234891676 0.8807699452679589 0.08679794868871152 0.8711009600912201 0.04984709464082098 0.8581758973774231 0.052901163055872294
0 0.8845878050171038 0.04616745496009122 0.8914754321550741 0.08683146294184721 0.9049000456100342 0.08196439110604334 0.90069490649943 0.04710544697833523 0.8845878050171038 0.04616745496009122
0 0.7296373318129988 0.02872021322690992 0.6941139418472064 0.031771044469783356 0.7010606966932725 0.06618902280501711 0.7348435381984036 0.0599608677309008 0.7296373318129988 0.02872021322690992
0 0.6049378335233752 0.13454776282782213 0.5932169726339795 0.06975989737742304 0.5729848996579248 0.07290119156214367 0.5849893614595211 0.13975673774230332 0.6049378335233752 0.13454776282782213
0 0.5107314652223489 0 0.47250387799315846 0.002003423033067275 0.4768939543899658 0.02620996465222349 0.5522749794754845 0.014827352337514255 0.5478101835803877 0 0.5107314652223489 0
0 0.637809558722919 0 0.6464515553021665 0.01881023945267959 0.6828189988597492 0.009174958950969212 0.6805154777651083 0 0.637809558722919 0
0 0.4425697890535918 0.5996875963511973 0.4127867115165336 0.6101653683010263 0.421614976054732 0.6391352223489167 0.4544871003420753 0.6228440649942988 0.4425697890535918 0.5996875963511973
0 0.3594991870011402 0.6260400410490308 0.3870666898517674 0.6073513443557582 0.36681659635119723 0.5727402816419612 0.3308204047890536 0.5894893181299886 0.3594991870011402 0.6260400410490308
0 0.3396120410490308 0.7685887103762827 0.31957182440136833 0.7720172337514254 0.33399067502850627 0.82209686659065 0.3540530695553022 0.8171807708095782 0.3396120410490308 0.7685887103762827