0 0.5149137366020524 0.05932115735461802 0.5208985746864311 0.09238354389965793 0.572837244013683 0.08271612770809579 0.5640793876852908 0.045506083238312435 0.5149137366020524 0.05932115735461802
0 0.9129084116305587 0.16449236259977196 0.8729623717217787 0.17807114937286203 0.8821648323831243 0.21403018472063856 0.9225600684150513 0.20189176510832382 0.9129084116305587 0.16449236259977196
0 0.6728809167616876 0.31271008551881413 0.6791365655644241 0.34902936944127705 0.713481842645382 0.3412230467502851 0.7064817058152794 0.3085844275940707 0.6728809167616876 0.31271008551881413
0 0.8451952075256556 0.31458359635119726 0.8202738050171038 0.31913750741163055 0.8384707297605474 0.3845023922462942 0.8627943922462943 0.37792656898517674 0.8451952075256556 0.31458359635119726
0 0.7944293135689852 0.8786482930444698 0.7408868608893957 0.8828312177879133 0.7448271961231471 0.9230256145952109 0.7980146134549602 0.9224771094640821 0.7944293135689852 0.8786482930444698
0 0.6728542839224629 0.824183590649943 0.7146150729760546 0.8223461596351197 0.7015868221208666 0.756049110604333 0.6643761755986317 0.7600197936145953 0.6728542839224629 0.824183590649943
0 0.7835413090079817 0.47320150513112885 0.7484944549600911 0.4843841208665906 0.7662663420752566 0.5225811128848347 0.7984938426453819 0.5072581014823261 0.7835413090079817 0.47320150513112885
0 0.5639713591790194 0.5528036932725199 0.5726647194982897 0.5930142748004561 0.5903593557582668 0.586054401368301 0.5763683899657924 0.5500851117445839 0.5639713591790194 0.5528036932725199
0 0.5760835610034207 0.47953142645381985 0.5420127046750285 0.4908933090079818 0.5574436362599772 0.547026472063854 0.5926794834663626 0.5367163911060433 0.5760835610034207 0.47953142645381985
0 0.6423696054732041 0.4166548301026226 0.6082394561003421 0.4295210900798176 0.6159618335233752 0.46805469213226913 0.6493559863169897 0.4573741071835804 0.6423696054732041 0.4166548301026226
0 0.9170839099201825 0.11343101824401369 0.9238861870011403 0.19544774458380842 0.9446816009122007 0.19199707525655646 0.9313755142531357 0.11287264880273659 0.9170839099201825 0.11343101824401369
0 0.5958511527936146 0.1693241881413911 0.5811050501710376 0.17442493044469784 0.5958300592930444 0.21150050969213227 0.606678968072976 0.2023917149372862 0.5958511527936146 0.1693241881413911
0 0.5735187457240593 0.17745014367160775 0.5612700057012543 0.18344066590649943 0.5683411436716077 0.2166703511972634 0.5881672930444698 0.21244137856328393 0.5735187457240593 0.17745014367160775
0 0.6527519030786774 0.16502959407069556 0.6399717320410491 0.1713844732041049 0.6513763249714937 0.21066237514253136 0.6672308175598631 0.20333180843785634 0.6527519030786774 0.16502959407069556
0 0.6111490034207525 0.1803073409350057 0.6211667616875712 0.21317522576966935 0.6379000182440137 0.2081295952109464 0.6286161140250855 0.1763664481185861 0.6111490034207525 0.1803073409350057