0 0.18994062485746865 0.25056406271379705 0.1917234378563284 0.28954687457240597 0.26603593728620295 0.2741046875712657 0.26009062485746864 0.23668750057012544 0.18994062485746865 0.25056406271379705
0 0.31210937514253134 0.1882187502850627 0.31775781299885975 0.24678437514253138 0.3819624994298746 0.23431250057012543 0.37958593728620293 0.17432656214367162 0.31210937514253134 0.1882187502850627
0 0.4610312497149373 0.11552812542759408 0.5044296875712657 0.09652343785632839 0.48897187457240593 0.04841718700114025 0.43962968757126564 0.06445312542759407 0.4610312497149373 0.11552812542759408
0 0.28179062485746864 0.47322187457240594 0.2910046875712657 0.5431484378563284 0.3367812497149373 0.5348328129988598 0.32964843785632836 0.46237500000000004 0.28179062485746864 0.47322187457240594
0 0.26782031242873433 0.644114062713797 0.32370312542759405 0.6316406248574687 0.321325 0.5948171870011403 0.26128124971493727 0.608478125427594 0.26782031242873433 0.644114062713797
0 0.288925 0.7386296875712657 0.2963562497149373 0.7658656248574687 0.330835937286203 0.7599265621436716 0.330835937286203 0.7290437502850626 0.288925 0.7386296875712657
0 0.299625 0.780489062713797 0.3046796875712657 0.8056578129988597 0.3772078129988598 0.789028125427594 0.3742343751425314 0.7658656248574687 0.299625 0.780489062713797
0 0.8221859372862029 0.590785937286203 0.8189156248574686 0.6399562497149373 0.8914453124287344 0.6316406248574687 0.8914453124287344 0.588285937286203 0.8221859372862029 0.590785937286203
0 0.8266453124287343 0.674503125427594 0.827239062713797 0.7082562497149373 0.881339062713797 0.696378125427594 0.8783656248574686 0.6654937502850627 0.8266453124287343 0.674503125427594
0 0.6500796875712657 0.7510984378563285 0.6554312497149374 0.7670531254275941 0.6905062497149372 0.7617078129988597 0.6875328129988597 0.7462671870011403 0.6500796875712657 0.7510984378563285
0 0.6509718745724059 0.776035937286203 0.6548359372862029 0.7937812497149374 0.6905062497149372 0.7866531254275941 0.6881265621436716 0.7712109372862029 0.6509718745724059 0.776035937286203
0 0.6554312497149374 0.7991921870011401 0.6578093751425313 0.8139718745724059 0.6970453124287342 0.8092218745724059 0.6928843751425313 0.7937812497149374 0.6554312497149374 0.7991921870011401
0 0.9327625005701253 0.6843015621436717 0.9324656248574686 0.7023171870011403 0.9883484378563283 0.6934078129988598 0.9877531254275941 0.674996874572406 0.9327625005701253 0.6843015621436717
0 0.7594671870011402 0.29073437514253136 0.762439062713797 0.3085515621436716 0.7981093751425313 0.2942984378563284 0.7951374994298747 0.28301406271379703 0.7594671870011402 0.29073437514253136
0 0.759764062713797 0.31023749942987455 0.7671953124287343 0.32518124971493734 0.8028656248574687 0.32042968757126566 0.8010828129988598 0.30558281299885975 0.759764062713797 0.31023749942987455
0 0.7651156248574686 0.33072031242873434 0.769575 0.34656250057012544 0.807621874572406 0.33587187457240597 0.8040546875712657 0.3245874994298745 0.7651156248574686 0.33072031242873434
0 0.7740328129988597 0.3520953124287344 0.776114062713797 0.3691312497149373 0.8135671870011403 0.3602218745724059 0.8123765621436716 0.34656250057012544 0.7740328129988597 0.3520953124287344
0 0.9256296875712657 0.846396874572406 0.9288984378563283 0.8935578129988598 0.9639734378563284 0.8929640627137971 0.9645687502850627 0.8531718745724058 0.9256296875712657 0.846396874572406
0 0.7963265621436716 0.7457546875712657 0.7998921870011403 0.7902171870011403 0.8432906248574686 0.7807125005701254 0.8373453124287343 0.7415156248574687 0.7963265621436716 0.7457546875712657
0 0.3718562497149373 0.8882562497149372 0.3766125005701254 0.9190953124287343 0.39860937514253136 0.9155328129988598 0.39563593728620294 0.883460937286203 0.3718562497149373 0.8882562497149372