0 0.8556881163055873 0.8791400250855188 0.8930164116305587 0.8756339908779932 0.8920397023945268 0.8406213420752565 0.8552075758266819 0.8419463454960091 0.8556881163055873 0.8791400250855188
0 0.9240007616875713 0.06517923945267959 0.8898268175598631 0.07720452337514253 0.9125771790193843 0.13732324515393388 0.9455456898517673 0.12518830672748005 0.9240007616875713 0.06517923945267959
0 0.10147840022805017 0.3048634971493729 0.13512810262257696 0.2971293033067275 0.12949292702394527 0.2577446978335234 0.09630161117445839 0.26871262257696693 0.10147840022805017 0.3048634971493729
0 0.10850594640820982 0.7023168323831244 0.14339356670467504 0.6985930467502851 0.14121874686431013 0.665874189281642 0.10478284492588369 0.6695410410490308 0.10850594640820982 0.7023168323831244
0 0.883951882554162 0.7652555541619157 0.8485741299885975 0.78107682668187 0.8651124868871152 0.8247476305587229 0.9003580011402509 0.8077418358038768 0.883951882554162 0.7652555541619157
0 0.8711577537058153 0.5250148597491449 0.9271623318129988 0.5179496408209806 0.9223670558722918 0.45708956214367163 0.8687807993158495 0.4568600992018244 0.8711577537058153 0.5250148597491449
0 0.05087619042189282 0.10307475940706955 0.05460242189281642 0.1493743740022805 0.07591782782212088 0.14569776966932727 0.06699334777651084 0.10232550627137971 0.05087619042189282 0.10307475940706955
0 0 0.14474923375142532 0.0012794823261117446 0.15060766476624857 0.013225737742303307 0.14841498859749144 0.010029499429874572 0.10713963511972634 0 0.10907346408209806 0 0.14474923375142532
0 0.1292358244013683 0.4459473169897378 0.16788613568985178 0.4356160695553022 0.16308690763968073 0.40150942417331814 0.12239081071835804 0.4106602337514253 0.1292358244013683 0.4459473169897378
0 0.19467799429874572 0.7680204743443557 0.18932043443557584 0.8025334937286203 0.24162201368301026 0.8047698825541619 0.24299877993158495 0.7693844811858609 0.19467799429874572 0.7680204743443557
0 0.8862785131128849 0.22564970809578105 0.880661566704675 0.15981156556442416 0.8324099783352338 0.17406652907639683 0.8422987833523375 0.23622231927023946 0.8862785131128849 0.22564970809578105