0 0.39688016761687567 0.6649245165336374 0.3639070045610034 0.670712716077537 0.38974623603192704 0.7555204230330672 0.4256515427594071 0.7491448734321551 0.39688016761687567 0.6649245165336374
0 0.4194776043329533 0.6487935370581528 0.44791046750285063 0.7532754435575827 0.4893164424173318 0.7456869760547321 0.4507799521094641 0.6407401562143672 0.4194776043329533 0.6487935370581528
0 0.49479633523375144 0.6310364002280501 0.4730690171037628 0.6389036875712657 0.5005974982896237 0.7235888608893957 0.5173189407069555 0.7122119042189281 0.49479633523375144 0.6310364002280501
0 0.5136926670467503 0.7751149441277081 0.5211293352337514 0.8123148221208666 0.5571268472063854 0.7993817388825541 0.5485411071835804 0.7674342725199543 0.5136926670467503 0.7751149441277081
0 0.5448214595210946 0.6109208802736602 0.5073557092360319 0.6251921972633979 0.539357968072976 0.7013938460661345 0.5696974355758266 0.6968213865450399 0.5448214595210946 0.6109208802736602
0 0.4995994492588369 0.20466997035347775 0.457003251995439 0.08317533181299887 0.403490779931585 0.10203035803876853 0.4449815393386545 0.21863107411630558 0.4995994492588369 0.20466997035347775
0 0.4730301984036488 0.03291904446978335 0.4170648586088939 0.046740099201824405 0.4299115438996579 0.08928475712656785 0.4790273968072976 0.07653485404789054 0.4730301984036488 0.03291904446978335
0 0.7275907080957811 0.04116679589509692 0.7225823215507412 0.020640205245153934 0.6641059885974915 0.01449409464082098 0.6776043432155074 0.050838530216647665 0.7275907080957811 0.04116679589509692
0 0.4342623945267959 0.2467584526795895 0.37987795096921323 0.2631321778791334 0.42066336259977194 0.34204803534777656 0.4634668255416191 0.3268436123147092 0.4342623945267959 0.2467584526795895
0 0.3584596362599772 0.3486446123147092 0.40804884378563283 0.3529611174458381 0.4090918221208666 0.3044119931584949 0.3544417582668187 0.3016531436716077 0.3584596362599772 0.3486446123147092
0 0.5042882668187001 0.4768087023945268 0.46486502622576964 0.484008542759407 0.48318223945267963 0.5313073204104903 0.5138034389965792 0.5297495735461801 0.5042882668187001 0.4768087023945268
0 0.3470510843785633 0.49879023261117444 0.3195676191562144 0.5027673397947549 0.3411241710376283 0.5760784697833523 0.36518611858608896 0.5744299099201825 0.3470510843785633 0.49879023261117444
0 0.25883661003420755 0.41787605245153936 0.22837602280501712 0.43288364310148236 0.24330607297605472 0.4726621687571266 0.27622363283922463 0.4492560193842645 0.25883661003420755 0.41787605245153936
0 0.21318539908779932 0.31606050855188145 0.19643921550741164 0.2787776909920182 0.1495488574686431 0.3022077924743443 0.1645074937286203 0.33601911630558723 0.21318539908779932 0.31606050855188145
0 0.13850826453819842 0.36134645267958954 0.12626855530216646 0.3248357958950969 0.07442011402508553 0.3522240068415052 0.09606352109464082 0.3849468677309008 0.13850826453819842 0.36134645267958954
0 0.06196802736602052 0.4079307001140251 0.04862355416191562 0.3817517879133409 0.014461152793614594 0.39428072976054734 0.028270717217787913 0.4333444675028506 0.06196802736602052 0.4079307001140251
0 0.06483552679589509 0.5595767947548461 0.01869127936145952 0.5756241288483467 0.0331850992018244 0.608192558722919 0.07828848916761687 0.5938268871151653 0.06483552679589509 0.5595767947548461
0 0 0.6166745393386546 0.023390238312428733 0.6047749942987457 0.006051625997719498 0.5650418289623717 0 0.5704365781071836 0 0.6166745393386546
0 0 0.7848664139110605 0.03013833865450399 0.7792172257696693 0.007381711516533637 0.7227950490307867 0 0.7251195484606614 0 0.7848664139110605
0 0.03380711060433295 0.16407150969213227 0.0631595724059293 0.14685630900798174 0.05027901710376283 0.08759308551881415 0.04106857126567845 0.09498331698973775 0.03380711060433295 0.16407150969213227
0 0.7817856522234892 0.7698595017103763 0.772288054732041 0.7387101562143671 0.7362377388825541 0.7429824640820981 0.7465344606613455 0.7757067810718358 0.7817856522234892 0.7698595017103763
0 0.7967460718358039 0.8150144047890536 0.8080996602052452 0.8490438449258837 0.8343677103762829 0.843446441277081 0.829230968072976 0.8070853158494868 0.7967460718358039 0.8150144047890536
0 0.9436225438996579 0.5399996807297606 0.9077703990877993 0.5484703888255417 0.920244701254276 0.594558031927024 0.9554338301026226 0.5893012497149372 0.9436225438996579 0.5399996807297606