0 0.10238357582668187 0.4973618369441277 0.1233519007981756 0.5825539429874572 0.1976613945267959 0.5565212120866591 0.18130467502850628 0.47427849714937287 0.10238357582668187 0.4973618369441277
0 0.18624991220068415 0.47957934093500565 0.2344139464082098 0.4638165496009122 0.21003524743443555 0.3629133625997719 0.16400247206385404 0.3750804846066135 0.18624991220068415 0.47957934093500565
0 0.32444121664766246 0.39600221094640825 0.35512496351197265 0.3838937069555302 0.341093078677309 0.31391554503990876 0.3075849258836944 0.3216227343215507 0.32444121664766246 0.39600221094640825
0 0.05466714595210946 0.31999373204104903 0.11165075598631699 0.30299143215507407 0.09820684264538199 0.2329306362599772 0.04047095553021665 0.25123783352337514 0.05466714595210946 0.31999373204104903
0 0.01118102394526796 0.16421574914481185 0.05201933637400228 0.15607795781071837 0.03630616989737742 0.086935669327252 0.0024067183580387683 0.09559722919042189 0.01118102394526796 0.16421574914481185
0 0.24997995438996579 0.16063400342075257 0.29813312656784496 0.14907141277080957 0.28930060091220067 0.08195846294184721 0.23706141049030788 0.09499626111744584 0.24997995438996579 0.16063400342075257
0 0.3539186624857468 0.251554929304447 0.40409606271379706 0.2373079338654504 0.39609009578107185 0.1760762474344356 0.34340485746864313 0.1852778517673888 0.3539186624857468 0.251554929304447
0 0.5105959999999999 0.20135486545039907 0.5007769030786773 0.1613634754846066 0.4685124743443558 0.17399076738882555 0.47563895210946405 0.20866609806157355 0.5105959999999999 0.20135486545039907
0 0.4264480205245154 0.1232417457240593 0.46031352337514253 0.11668508323831243 0.45489759293044474 0.061083663625997715 0.41423253591790193 0.06619917901938427 0.4264480205245154 0.1232417457240593
0 0.6286710684150513 0.28189328620296467 0.6336738278221209 0.3345548483466363 0.6677028335233751 0.32917279817559864 0.6566535416191562 0.27616185062713794 0.6286710684150513 0.28189328620296467
0 0.30000475940706955 0.793965118586089 0.3370657924743443 0.7845594344355759 0.32771861345496006 0.722317071835804 0.2943084424173318 0.7327086237172178 0.30000475940706955 0.793965118586089
0 0.414784322690992 0.9193375689851767 0.4179784481185861 0.9548637708095781 0.44444336259977196 0.9511443705815279 0.43796909007981755 0.9178763397947548 0.414784322690992 0.9193375689851767
0 0.6538200729760548 0.9217183922462943 0.6633074515393387 0.9807032919042189 0.7020032793614596 0.9701085153933865 0.6948236522234891 0.9147565450399088 0.6538200729760548 0.9217183922462943
0 0.7526703523375142 0.3789870820980616 0.7577017126567845 0.41905333637400227 0.7730031505131129 0.41270576396807296 0.7653626864310148 0.37540611288483466 0.7526703523375142 0.3789870820980616
0 0.730474023945268 0.42587786431014824 0.743008858608894 0.4169211858608894 0.736709606613455 0.38063221094640826 0.7222084116305587 0.3856681459521094 0.730474023945268 0.42587786431014824
0 0.7486773340935006 0 0.7485903968072976 0.00002152223489167617 0.7580789589509692 0.037661025085518815 0.7750618950969214 0.03047912542759407 0.7665538152793615 0 0.7486773340935006 0
0 0.679746125427594 0.8245394446978335 0.6731876716077537 0.7906836613454961 0.6385709110604333 0.7961498928164197 0.6438562280501711 0.8328811596351198 0.679746125427594 0.8245394446978335