0 0 0.24347772063854045 0.009343060433295325 0.26227427936145953 0.23116335803876853 0.08715959407069555 0.20771945496009123 0.05686818700114025 0 0.23196723033067274 0 0.24347772063854045
0 0.21983429988597492 0.12173843899657925 0.037291180159635125 0.26914211516533637 0.05387109236031927 0.2890013443557583 0.2348266465222349 0.13882285974914482 0.21983429988597492 0.12173843899657925
0 0.542272952109464 0.19540399657924742 0.5453825655644241 0.23671702850627138 0.6008063067274801 0.23432557354618014 0.5957738597491449 0.194251582668187 0.542272952109464 0.19540399657924742
0 0.5572058255416191 0.27604806613454963 0.5635410649942987 0.3019386488027366 0.5986556442417331 0.2958044458380844 0.5944306875712656 0.270008590649943 0.5572058255416191 0.27604806613454963
0 0.606347542759407 0.26734289281641965 0.6072270992018245 0.29279947320410493 0.6566167194982896 0.28585821550741164 0.6528144663625998 0.25880378221208666 0.606347542759407 0.26734289281641965
0 0.24752924515393385 0.20360893044469783 0.14885751539338657 0.2822504652223489 0.1652739236031927 0.30093508095781074 0.25612743899657925 0.2263918278221209 0.24752924515393385 0.20360893044469783
0 0.1757559304446978 0.3072581151653364 0.18538188483466364 0.32030005131128847 0.27665943101482326 0.2444964561003421 0.2661962748004561 0.22977500342075255 0.1757559304446978 0.3072581151653364
0 0.15223190535917902 0.3446569258836944 0.16023775142531355 0.33762744127708094 0.14759574458380842 0.3202127023945268 0.1339724606613455 0.32992351539338655 0.15223190535917902 0.3446569258836944
0 0.17115170125427595 0.33210318928164195 0.17890620980615735 0.32540724401368304 0.1632432565564424 0.30781748574686435 0.1540742976054732 0.315103527936146 0.16982941619156214 0.3290828221208666 0.17115170125427595 0.33210318928164195
0 0.13631675484606615 0.3082188358038769 0.14839732953249712 0.30030742645381986 0.13558206955530216 0.28591496237172176 0.1220494047890536 0.292015527936146 0.13631675484606615 0.3082188358038769
0 0.7952250125427593 0.5681729486887115 0.8465103010262258 0.5320573797035348 0.838058961231471 0.5188519384264538 0.7834865347776512 0.5529096510832383 0.7952250125427593 0.5681729486887115
0 0.7334021391106044 0.44825057924743444 0.8014706887115166 0.43342990877993154 0.7979805575826682 0.4171288757126568 0.7292611904218927 0.4315850125427594 0.7334021391106044 0.44825057924743444