0 0.7550419304446979 0.5638320638540479 0.7878138677309009 0.6041959498289624 0.9408143340935006 0.4899911425313569 0.910193905359179 0.45390285860889396 0.7550419304446979 0.5638320638540479
0 0.8511506168757126 0.18424536031927025 0.8778824446978336 0.21878252337514253 0.9517016134549602 0.16113229532497148 0.9185327103762828 0.13204736944127707 0.8511506168757126 0.18424536031927025
0 0.7566177548460661 0.041731294184720644 0.7796530513112885 0.06862086659064995 0.8077345974914482 0.04439896351197264 0.7840898255416192 0.01661363968072976 0.7566177548460661 0.041731294184720644
0 0.4997722326111745 0.024264330672748004 0.44764049030786773 0.06551637628278222 0.4764235393386545 0.09849406499429875 0.5275567787913341 0.051069443557582674 0.4997722326111745 0.024264330672748004
0 0.46134408893956674 0.27232589965792475 0.4965854082098062 0.31798655872291903 0.5405197936145952 0.28340359407069554 0.5047005838084379 0.2385672086659065 0.46134408893956674 0.27232589965792475
0 0.3563217080957811 0.2433106237172178 0.38296032839224625 0.27250797605473204 0.41347866020524515 0.25180501710376285 0.38414297377423035 0.2210982565564424 0.3563217080957811 0.2433106237172178
0 0.16153127137970352 0.10669875484606614 0.18694274116305587 0.13354528962371723 0.21857593728620298 0.10867067616875713 0.19017125313568986 0.08035896921322691 0.16153127137970352 0.10669875484606614
0 0.5599903819840365 0 0.5393196704675028 0.010522039908779932 0.5734164298745724 0.04164264652223489 0.6064653215507412 0.012909924743443556 0.5659279110604333 0 0.5599903819840365 0
0 0.9755946088939567 0.6454125017103762 0.9445415564424173 0.6014602588369441 0.9093552303306728 0.6269922941847207 0.9390086966932725 0.6758150193842645 0.9755946088939567 0.6454125017103762
0 0.7598283124287343 0.8040226123147093 0.8187797856328393 0.8813039749144812 0.929809086659065 0.8120916431014824 0.8611545313568986 0.7233481881413911 0.7598283124287343 0.8040226123147093
0 0.7794258358038769 0.8380889019384264 0.7489282291904219 0.859979180159635 0.7744002554161916 0.8903845758266818 0.8066581425313569 0.8672774538198403 0.7794258358038769 0.8380889019384264
0 1 0.9809849942987457 0.972718353477765 0.9569273329532497 0.9305546111744584 0.9908871128848347 0.9293747651083238 0.991335897377423 1 0.9881247297605473 1 0.9809849942987457
0 1 0.6943779942987458 0.9984089361459522 0.6936638734321551 0.9608495062713798 0.7192357696693272 1 0.7666718164196122 1 0.6943779942987458
0 0.5687037445838085 0.5712383660205245 0.5917597115165336 0.5993121356898518 0.6327273876852908 0.5647825165336374 0.6167953101482326 0.5365828369441277 0.5687037445838085 0.5712383660205245
0 0.49266035575826683 0.5013736157354618 0.5145290296465223 0.5294696716077537 0.5585151721778792 0.49785188027366023 0.5398279703534777 0.46481673432155074 0.49266035575826683 0.5013736157354618
0 0.661971582668187 0.6752108289623717 0.6134017970353478 0.7164006989737742 0.6359262234891676 0.7480436636259977 0.6903912098061573 0.7043786556442417 0.661971582668187 0.6752108289623717
0 0.6865664389965793 0.9955741322690992 0.7377518415051312 0.9681485210946408 0.7122591174458381 0.9365573694412771 0.6592061527936146 0.9760642884834664 0.6865664389965793 0.9955741322690992
0 0.5244676180159635 0.9967877069555302 0.5987032611174459 0.9971077901938427 0.5488355393386546 0.9299178688711516 0.5003869965792475 0.9610431527936145 0.5244676180159635 0.9967877069555302
0 0.3010537605473204 0.8873748403648803 0.3410324298745724 0.9323589669327252 0.38145658836944124 0.9008017867730901 0.3443762770809578 0.8516695689851768 0.3010537605473204 0.8873748403648803
0 0.5337913375142531 0.6804158631698973 0.49922090307867734 0.7071217046750284 0.5350764070695553 0.7540374606613455 0.5720304241733182 0.727802590649943 0.5337913375142531 0.6804158631698973
0 0.22440637514253137 0.8169283546180159 0.18365767958950968 0.8639138608893957 0.21556678221208664 0.8888670205245154 0.2563051151653364 0.8412878551881413 0.22440637514253137 0.8169283546180159
0 0.18539797605473202 0.6574254766248575 0.15622072748004562 0.6870063831242873 0.19488783922462943 0.7248935689851768 0.230315748004561 0.6961912075256557 0.18539797605473202 0.6574254766248575
0 0.2588604378563284 0.5113867616875712 0.22987821094640823 0.48400871379703536 0.19018228620296465 0.5232652953249715 0.21620892246294185 0.5514231698973774 0.2588604378563284 0.5113867616875712
0 0.28825354161915623 0.4942617981755986 0.3592494059293045 0.444969929304447 0.3139262371721779 0.40007909122006846 0.2518472189281642 0.4498107194982896 0.28825354161915623 0.4942617981755986
0 0.35780489167616875 0.4983876510832383 0.387741488027366 0.4782886875712657 0.3628631208665906 0.44787293044469784 0.3347918825541619 0.47268536830102625 0.35780489167616875 0.4983876510832383
0 0.4103176716077537 0.5128968244013683 0.384098330672748 0.5418306966932726 0.4291264868871152 0.6039308677309008 0.46318761231470923 0.5819783888255416 0.4103176716077537 0.5128968244013683
0 0.43341824059293044 0.6115680672748004 0.40224415621436715 0.628724117445838 0.42646677309007985 0.6555929669327252 0.4517353204104903 0.6403199555302167 0.43341824059293044 0.6115680672748004
0 0.255845661345496 0.9510500900798176 0.2884208779931585 0.980143818700114 0.3298269156214367 0.936706754846066 0.3044584310148232 0.9122332690992019 0.255845661345496 0.9510500900798176
0 0.32967561573546184 1 0.34965222006841506 0.9838226191562144 0.3195121710376283 0.958244740022805 0.2657644652223489 1 0.32967561573546184 1
0 0.09428531356898517 0.16660648232611175 0.053257107183580385 0.19757880387685292 0.061849412770809575 0.21344688939566706 0.10758547548460662 0.1800185929304447 0.09428531356898517 0.16660648232611175
0 0.7140344469783353 0.5959917035347776 0.7416258768529076 0.5777120695553022 0.7196640501710376 0.5442793272519955 0.6904572759407069 0.5720792269099202 0.7140344469783353 0.5959917035347776
0 0.6706161003420752 0.660227992018244 0.6228888221208666 0.6136007217787913 0.5776929532497149 0.6438659828962372 0.6213180809578107 0.6937184618015964 0.6706161003420752 0.660227992018244
0 0.6479817993158494 0.8943696134549601 0.6686926522234892 0.9242658369441277 0.6975040228050172 0.9077448688711517 0.6708224161915621 0.8761744686431014 0.6479817993158494 0.8943696134549601