0 0.36286537742303304 0.6599941277080957 0.32665577537058155 0.6429857594070696 0.3068030923603193 0.6925907616875713 0.34072446522234895 0.7087215359179019 0.36286537742303304 0.6599941277080957
0 0 0.6527586351197264 0.008750147092360319 0.6589870809578108 0.028573990877993158 0.6291178597491448 0 0.6084497833523375 0 0.6527586351197264
0 0.08405900228050171 0.4696268973774231 0.03869765450399088 0.4443163283922463 0.00469321094640821 0.5140199144811859 0.053357973774230336 0.5442226590649943 0.08405900228050171 0.4696268973774231
0 0.061265810718358044 0.289758393386545 0.029386134549600915 0.36420943443557585 0.08203819384264538 0.3886189897377423 0.11193281641961232 0.3157188403648803 0.061265810718358044 0.289758393386545
0 0.05824618358038768 0 0.057194051311288484 0.0036105176738882557 0.10340497605473205 0.024540408209806155 0.11621252109464082 0 0.05824618358038768 0
0 0.23091841505131128 0.18974932953249715 0.1810597434435576 0.16209035803876853 0.14868380273660203 0.24545517445838083 0.20228524515393387 0.2669918278221209 0.23091841505131128 0.18974932953249715
0 0.545504236031927 0.9025618312428735 0.5951355724059293 0.9272002702394526 0.6059235746864311 0.8938287514253136 0.5597950855188142 0.8690221984036488 0.545504236031927 0.9025618312428735
0 0.685340078677309 1 0.6922580273660205 0.9744197377423033 0.6608282269099202 0.9526128004561003 0.6437457297605473 0.9894004903078678 0.676075889395667 1 0.685340078677309 1
0 0.8592975815279361 1 0.8769931151653364 0.965993913340935 0.8380675176738883 0.9516431083238313 0.8196123922462942 1 0.8592975815279361 1
0 0.6907391299885975 0.8210901721778792 0.7074013876852908 0.8267268677309008 0.7398991482326113 0.781961488027366 0.7224555017103763 0.7723420649942987 0.6907391299885975 0.8210901721778792
0 0.9111150034207526 0.8391773671607754 0.8966564298745725 0.8302219954389966 0.874780071835804 0.8819745062713796 0.8947982668187001 0.8892165290763968 0.9111150034207526 0.8391773671607754
0 0.8748920866590649 0.7491842976054732 0.8381670706955531 0.7315144344355757 0.8245906339794754 0.7645435781071837 0.8616262725199544 0.779260534777651 0.8748920866590649 0.7491842976054732
0 0.6729798950969212 0.3858031778791334 0.6169867206385404 0.34961584150513114 0.5807281835803877 0.43399788255416194 0.6410381140250855 0.46563204903078675 0.6729798950969212 0.3858031778791334
0 0.7216934629418472 0.26197310832383125 0.6685969897377423 0.23631099429874572 0.6414098985176739 0.29787851083238315 0.6923672736602052 0.32537170809578103 0.7216934629418472 0.26197310832383125
0 0.8565880832383125 0.20136712884834665 0.8364144355758266 0.23897011630558723 0.8860562166476624 0.2683955108323831 0.9067379350057012 0.22666744241733183 0.8565880832383125 0.20136712884834665
0 0.8020204618015964 0.10972139566704675 0.7655231607753706 0.09506896465222349 0.7389864868871151 0.1609038038768529 0.7769040889395666 0.17782278449258837 0.8020204618015964 0.10972139566704675
0 0.9574889703534778 0.12521970011402508 0.8958403318129988 0.09611625085518814 0.8876034230330674 0.12710906385404788 0.9418658586088939 0.1550064982896237 0.9574889703534778 0.12521970011402508
0 0.39222506271379703 0 0.379809834663626 0.029764627137970352 0.43098390992018243 0.053095394526795896 0.45438572633979474 0.007214746864310149 0.43619654618015963 0 0.39222506271379703 0
0 0.42763094868871154 0.2007419942987457 0.3517497092360319 0.1657019646522235 0.33762429076396805 0.1995610148232611 0.410319566704675 0.2345089612314709 0.42763094868871154 0.2007419942987457
0 0.44119589395667047 0.13899741163055873 0.38729320638540476 0.11502935917901938 0.3697722896237172 0.1496694857468643 0.42845593728620296 0.17452209578107183 0.44119589395667047 0.13899741163055873
0 0.37718878791334093 0.10960123033067275 0.3423762748004561 0.09097135005701254 0.32704571493728624 0.11032383808437857 0.3619860992018244 0.1310662976054732 0.37718878791334093 0.10960123033067275
0 0.23936363511972633 0.11122448118586088 0.28751643899657925 0.1332885438996579 0.31041986088939566 0.08495386431014823 0.26230959179019386 0.06079971835803877 0.23936363511972633 0.11122448118586088
0 0.30575526567844924 0 0.34775123489167614 0.022835706955530215 0.36044708095781075 0 0.30575526567844924 0
0 0.49972195096921324 0.35436022462941846 0.48452914253135687 0.3465126921322691 0.462766598631699 0.39349193272519956 0.4794229224629419 0.4027155792474344 0.49972195096921324 0.35436022462941846
0 0.8591024743443557 0.6048702702394527 0.8275502029646522 0.5938176305587229 0.8165981653363741 0.6050368517673888 0.8502400649942987 0.6214308403648803 0.8591024743443557 0.6048702702394527