0 0.1824814150513113 0.8772024298745723 0.14571255758266818 0.8797346909920183 0.14840101710376283 0.914657629418472 0.18589130558722922 0.9142425883694413 0.1824814150513113 0.8772024298745723
0 0.017716565564424174 0.1738137708095781 0.05177291904218929 0.18243608437856326 0.06811453249714938 0.12026863968072975 0.03287081299885975 0.1118813819840365 0.017716565564424174 0.1738137708095781
0 0.9414115803876854 0.047716232611174456 0.9967281527936146 0.058939158494868873 0.9984838597491448 0.02543825883694413 0.943778282782212 0.02524680273660205 0.9414115803876854 0.047716232611174456
0 0.8773107730900799 0.2277816670467503 0.8431548221208666 0.22034326339794755 0.8416673295324971 0.2601011516533637 0.8759411379703534 0.26427562485746864 0.8773107730900799 0.2277816670467503
0 0.9107739783352338 0.6273008358038769 0.874154385404789 0.6274626602052452 0.8754115313568985 0.6602296111744584 0.910497275940707 0.6602862474344356 0.9107739783352338 0.6273008358038769
0 0.1340029828962372 0.8479048004561004 0.170833007981756 0.861133275940707 0.18271592474344353 0.8159729771949829 0.1458782006841505 0.8039363568985177 0.1340029828962372 0.8479048004561004
0 0.12873007297605474 0.49564451425313566 0.07546135347776511 0.5014740091220069 0.0770539566704675 0.5625019327251995 0.13349025199543899 0.5636743751425314 0.12873007297605474 0.49564451425313566
0 0.8890662930444698 0.059242489167616874 0.884724338654504 0.10331001710376282 0.9063072862029646 0.10473841277080957 0.9051734766248575 0.05830293614595211 0.8890662930444698 0.059242489167616874
0 0.9462213010262258 0.058075901938426454 0.9473570205245153 0.09945924287343216 0.9594670307867731 0.10039118358038769 0.9639844743443559 0.05960296009122007 0.9462213010262258 0.058075901938426454
0 0.8662020581527936 0.37167873774230326 0.8247723785632839 0.36683195781071837 0.8235645564424173 0.4012534196123147 0.863083046750285 0.40748801368301024 0.8662020581527936 0.37167873774230326
0 0.7837516864310149 0.7410448221208665 0.788819692132269 0.7760924675028507 0.840600992018244 0.7684013261117446 0.8316651881413911 0.7346373899657924 0.7837516864310149 0.7410448221208665
0 0.1320040889395667 0.27344728620296466 0.1353416738882554 0.21059833067274802 0.08586436259977194 0.2014651220068415 0.08716014709236032 0.26752972633979477 0.1320040889395667 0.27344728620296466