0 0.8392022269099202 0.773799321550741 0.8322021231470924 0.8669198608893957 0.8897865473204105 0.8662786830102622 0.896659913340935 0.7820848244013683 0.8392022269099202 0.773799321550741
0 0.7666301550741164 0.8325999099201824 0.7194118221208666 0.822887503990878 0.7200894583808438 0.8698226123147093 0.7610888289623717 0.8700506214367161 0.7666301550741164 0.8325999099201824
0 0.6161165655644242 0.9519704640820981 0.5813728871151653 0.9430891356898518 0.5698785838084379 0.9957754059293045 0.6066047445838084 0.993850669327252 0.6161165655644242 0.9519704640820981
0 0.4514461003420753 0.6992861037628278 0.3896790843785633 0.6968763762827822 0.3907892417331813 0.763409456100342 0.44977558038768534 0.7668583261117446 0.4514461003420753 0.6992861037628278
0 0.33289206955530215 0.7807132736602052 0.3302041755986317 0.8200954184720639 0.36708570923603195 0.8211353637400228 0.36886896123147095 0.7871517126567845 0.33289206955530215 0.7807132736602052
0 0.3799214481185861 0.37126581299885975 0.32105339566704677 0.36216237742303303 0.31739783238312425 0.41705548688711513 0.37313885860889395 0.42662008437856325 0.3799214481185861 0.37126581299885975
0 0.06405688939566705 0.10599427822120866 0.03184129190421893 0.1026288244013683 0.01892494868871152 0.15087092816419612 0.05546378449258837 0.15668691676168756 0.06405688939566705 0.10599427822120866
0 0.23305846180159634 0.4583385450399088 0.21952666476624857 0.4536966328392246 0.2088517662485747 0.5333332029646523 0.22680757810718358 0.5359595678449259 0.23305846180159634 0.4583385450399088
0 0.19944297605473202 0.4627742348916762 0.18152044697833525 0.4652014914481186 0.17786672291904218 0.4974994766248575 0.19236438084378563 0.5020907685290764 0.19944297605473202 0.4627742348916762
0 0.06692389281641961 0.9085128038768528 0.022225477765108324 0.9052054184720638 0.02552695781071836 0.976381740022805 0.06002984150513113 0.9805191687571265 0.06692389281641961 0.9085128038768528
0 0.19091528392246293 0.8779332508551881 0.1523947411630559 0.8728172497149373 0.14711914139110602 0.9081730570125427 0.1860576750285063 0.9144578472063853 0.19091528392246293 0.8779332508551881
0 0.23502103078677308 0.17284300798175598 0.19622430672748004 0.16774148004561001 0.19758801938426454 0.2164227628278221 0.23350284378563282 0.22167688825541618 0.23502103078677308 0.17284300798175598
0 0.4255060741163056 0.12242813683010263 0.41848245952109464 0.18106514709236032 0.4413635267958951 0.1870007787913341 0.44782692132269103 0.12898925769669328 0.4255060741163056 0.12242813683010263