0 0 0.1619484378563284 0.029390624857468642 0.17286406271379706 0.03473437514253135 0.15720468757126568 0 0.14830624971493728 0 0.1619484378563284
0 0.03473437514253135 0.14262031242873432 0.03473437514253135 0.1287312497149373 0.0008906248574686432 0.12279999999999999 0 0.1334765621436716 0.03473437514253135 0.14262031242873432
0 0.09589218700114024 0.18864218700114024 0.08223437514253136 0.263975 0.16536093728620296 0.2710937502850627 0.17901562485746864 0.20169218700114025 0.09589218700114024 0.18864218700114024
0 0 0.2384687502850627 0.023156249714937287 0.24135781299885975 0.027015624857468647 0.22364062485746863 0 0.21948750057012542 0 0.2384687502850627
0 0.12320468757126568 0.019587500570125427 0.17426718700114024 0.027892187001140253 0.18139218700114026 0.0006046875712656784 0.12617187457240592 0 0.12320468757126568 0.019587500570125427
0 0.25145468757126566 0.0445 0.260064062713797 0.00919218700114025 0.21939218700114024 0.0017921870011402509 0.21286093728620298 0.037382812998859746 0.25145468757126566 0.0445
0 0.2282984378563284 0.15067812542759407 0.2686734378563284 0.15779687457240593 0.2728296875712657 0.10441093728620297 0.2372046875712657 0.09492031242873432 0.2282984378563284 0.15067812542759407
0 0.44175312542759404 0.2618156248574686 0.44026875028506274 0.27405937514253137 0.48955 0.2841437502850627 0.49311249942987456 0.26990781299885974 0.44175312542759404 0.2618156248574686
0 0.4254234378563284 0.30965 0.4925187502850627 0.3179546875712657 0.49608124971493733 0.30490468757126565 0.42482968757126566 0.2948203124287343 0.4254234378563284 0.30965
0 0.7312078129988598 0.31518750057012546 0.7157703124287342 0.36778124971493725 0.7692078129988597 0.3778656248574686 0.780489062713797 0.3209203124287343 0.7312078129988598 0.31518750057012546
0 0.48094062485746863 0.8044234378563284 0.4568937502850627 0.8767265621436716 0.5055812497149372 0.8850296875712657 0.5287374994298746 0.8227468745724059 0.48094062485746863 0.8044234378563284
0 0.8950828129988597 0.7083562497149373 0.883803125427594 0.7438546875712656 0.9508968745724059 0.7658015621436717 0.9609906248574687 0.7284328129988596 0.8950828129988597 0.7083562497149373
0 0.647489062713797 0.8400046875712657 0.6427374994298746 0.8642687502850628 0.6807375005701255 0.8737593751425313 0.6872687502850627 0.8535921870011403 0.647489062713797 0.8400046875712657
0 0.8719281254275941 0.9076093751425314 0.8731140627137971 0.9348562497149373 0.9057718745724059 0.9348562497149373 0.9093343751425315 0.9123156248574686 0.8719281254275941 0.9076093751425314
0 0.892410937286203 0.1568515621436716 0.883803125427594 0.20584375028506272 0.9283343751425313 0.20584375028506272 0.9324906248574686 0.17203437514253134 0.892410937286203 0.1568515621436716
0 0.4010812497149373 0.9740062497149373 0.3918781254275941 0.9987546875712657 0.4289875005701254 0.9987546875712657 0.43729999999999997 0.9852765621436715 0.4010812497149373 0.9740062497149373