0 0.09550590535917902 0.07974520296465222 0.06304636488027367 0.11776172862029646 0.11358047434435577 0.15261787229190424 0.136100913340935 0.11303969099201824 0.09550590535917902 0.07974520296465222
0 0.030513322690992016 0.5623768323831243 0.06885740250855188 0.5913237913340935 0.09124468415051311 0.5651475074116306 0.05265176510832383 0.5314523762827822 0.030513322690992016 0.5623768323831243
0 0.2644731402508552 0.17566484606613453 0.2930030957810718 0.1420224732041049 0.2516748015963512 0.1087679794754846 0.22859285860889395 0.13706477537058154 0.2644731402508552 0.17566484606613453
0 0.34148732725199543 0.11507463511972635 0.3671161676168757 0.09408581185860888 0.3370343204104903 0.06411128164196123 0.3149323489167617 0.09205943671607754 0.34148732725199543 0.11507463511972635
0 0.7516211949828963 0 0.7305519897377423 0.02443835005701254 0.7647192633979475 0.04169726339794755 0.7955832166476625 0 0.7516211949828963 0
0 0.9770916202964652 0.08176402622576967 0.9751587537058153 0.07888780615735462 0.9671106579247434 0.11800637058152794 0.979930456100342 0.12775191562143673 0.9770916202964652 0.08176402622576967
0 0.9164365359179019 0.23912913112884834 0.986643503990878 0.26402483808437854 0.9845507400228051 0.21591217901938428 0.9314475188141391 0.19637242075256556 0.9164365359179019 0.23912913112884834
0 1 0.7766331071835804 0.9628009441277081 0.7724788551881414 0.9589624287343216 0.8125659361459521 1 0.8151259099201824 1 0.7766331071835804
0 1 0.8195015598631699 0.9660384811858609 0.8229097799315849 0.9678430912200685 0.8573437742303307 1 0.8583167753705816 1 0.8195015598631699
0 0.8731676031927024 0.4902362234891676 0.8621578643101482 0.5295084367160775 0.89810417331813 0.5353633010262258 0.9079591961231471 0.4967477331812999 0.8731676031927024 0.4902362234891676
0 0.8609348859749145 0.5968428472063855 0.8950089988597492 0.6010090057012543 0.8987228278221209 0.5698578848346636 0.8670812474344356 0.5658615256556443 0.8609348859749145 0.5968428472063855
0 0.2318743797035348 0.6417158905359179 0.25775557126567844 0.614167369441277 0.21267758608893958 0.5814051060433295 0.19253187115165335 0.611929409350057 0.2318743797035348 0.6417158905359179
0 0.051321436716077536 0.43805806955530213 0.03142724059293044 0.4664850855188141 0.05895555416191562 0.48171054275940706 0.07339175940706955 0.46249899429874575 0.051321436716077536 0.43805806955530213
0 0.3741434036488027 0.8515498620296464 0.4053508209806157 0.8576515176738883 0.41950881413911056 0.8217863933865451 0.38125362371721777 0.8136727080957811 0.3741434036488027 0.8515498620296464
0 0.3690856248574686 0.9250371527936145 0.4077444275940707 0.9372994618015963 0.41838078335233747 0.8909026510832384 0.3812942850627138 0.8824288700114026 0.3690856248574686 0.9250371527936145
0 0.6811300706955531 0.9628562748004561 0.7022981710376283 0.9700817628278221 0.7147411459521095 0.9354972132269099 0.6875669236031926 0.9306705997719499 0.6811300706955531 0.9628562748004561