0 0.8292626613454961 0.2381788574686431 0.7815961904218929 0.2445678118586089 0.7830068050171037 0.26410912542759407 0.8330501299885975 0.26344366248574685 0.8292626613454961 0.2381788574686431
0 0.2978420034207526 0.6482154663625997 0.25223306271379703 0.6450261778791334 0.25078343557582666 0.6657568061573547 0.2963923762827822 0.6689460935005701 0.2978420034207526 0.6482154663625997
0 0.020543562143671607 0.20662766818700115 0.017837664766248575 0.24532380273660206 0.049195350057012546 0.25168451083238313 0.05280230444697833 0.2199932953249715 0.020543562143671607 0.20662766818700115
0 0.013585353477765108 0.3061346841505131 0.036942380843785635 0.30776796579247434 0.04575536602052452 0.26116451767388826 0.017354383124287342 0.25223505017103764 0.013585353477765108 0.3061346841505131
0 0.17025736830102622 0.34764437286202965 0.1712238221208666 0.33382343557582667 0.06400284834663626 0.317993015963512 0.0618486385404789 0.32895382098061576 0.17025736830102622 0.34764437286202965
0 0.15936529532497148 0.32466140820980616 0.16052499657924743 0.30807690535917903 0.06693171493728621 0.29597650513112883 0.06606193842645382 0.30841488141391105 0.15936529532497148 0.32466140820980616
0 0.15814647662485745 0.30235486316989735 0.1606886316989738 0.2858685974914481 0.08062636259977196 0.2788807765108324 0.0827135062713797 0.2887472770809578 0.15814647662485745 0.30235486316989735
0 0.19009822234891677 0.2823678289623717 0.19106456784492587 0.2685484492588369 0.08226934549600912 0.2553850250855188 0.08416313340935007 0.26801664994298746 0.19009822234891677 0.2823678289623717
0 0.08680207411630558 0.2501462645381984 0.17910936374002281 0.2607689828962372 0.18145848802736603 0.24704316533637402 0.08677246066134549 0.23070151995438995 0.08680207411630558 0.2501462645381984
0 0.14472310034207525 0.23614314481185858 0.14568955416191562 0.22232220638540479 0.10461490193842646 0.21389426567844927 0.09811820068415052 0.2273284914481186 0.14472310034207525 0.23614314481185858
0 0.30658792246294186 0.6224393249714937 0.3113809635119726 0.5936096921322691 0.27673427822120866 0.5925762816419612 0.27518808209806156 0.6146879122006841 0.30658792246294186 0.6224393249714937
0 0.6966230684150514 0.238303251995439 0.6950487525655644 0.2608170262257697 0.7670751060433295 0.26071451767388826 0.7661296864310148 0.2401876282782212 0.6966230684150514 0.238303251995439