0 0.3069590798175598 0.14962160661345497 0.2721104526795895 0.12984124857468643 0.2580211140250855 0.1633754207525656 0.2935014002280502 0.18274294526795892 0.3069590798175598 0.14962160661345497
0 0.4749776009122007 0.22007839338654503 0.49889686431014824 0.16762643101482325 0.4266209749144812 0.13394817103762827 0.4035627913340935 0.17840730444697836 0.4749776009122007 0.22007839338654503
0 0.5415961334093501 0.1498495222348917 0.5530242052451539 0.11889478563283921 0.5202726989737743 0.10416924971493728 0.5046386955530217 0.13616864538198403 0.5415961334093501 0.1498495222348917
0 0.48835438084378563 0 0.48081935005701254 0.016469140250855187 0.5090712645381984 0.0337952189281642 0.5268636898517673 0.004732822120866591 0.519975842645382 0 0.48835438084378563 0
0 0.4459238244013683 1 0.4534686898517674 0.9907767023945268 0.4164542919042189 0.9746942314709236 0.4025213637400228 1 0.4459238244013683 1
0 0.5844523158494869 0.9538122497149373 0.6033805792474344 0.9209337046750286 0.5515039315849487 0.8969209315849487 0.5346078449258838 0.9267296431014823 0.5844523158494869 0.9538122497149373
0 0.6364411151653364 0.5611931607753706 0.6491417502850627 0.5306169475484607 0.5768626237172177 0.5071871345496008 0.5654006590649943 0.5345303899657925 0.6364411151653364 0.5611931607753706
0 0.35884969213226914 0.46785177765108327 0.366043267958951 0.4539222554161915 0.30763280729760545 0.4099597366020525 0.29802114253135686 0.4312490923603192 0.35884969213226914 0.46785177765108327
0 0.4986596294184721 0.5185647936145952 0.5137699338654504 0.4845491425313569 0.4816049657924743 0.4697217708095781 0.46413955758266817 0.5014395963511973 0.4986596294184721 0.5185647936145952
0 0.6779953683010262 0.4103735518814139 0.6595562508551881 0.40156667502850624 0.6372892303306728 0.4428733432155074 0.6496725849486887 0.4560640171037628 0.6779953683010262 0.4103735518814139
0 0.851422229190422 0.06688048688711516 0.7795630376282782 0.004792003420752566 0.7408977730900798 0.034820164196123146 0.8101300935005702 0.09948519270239453 0.851422229190422 0.06688048688711516