0 0.6199800319270239 0.5776085222348917 0.5733269087799316 0.5663746864310149 0.544817456100342 0.633614542759407 0.5954509623717218 0.6469862394526795 0.6199800319270239 0.5776085222348917
0 0.47403953477765104 0.5374235541619156 0.43774290535917904 0.523519685290764 0.4040242873432155 0.6230863591790193 0.4403445005701254 0.6283484606613455 0.47403953477765104 0.5374235541619156
0 0.40528189851767393 0.49981908551881415 0.3692869646522235 0.49607391790193844 0.36371569555302163 0.53253961345496 0.39671094412770813 0.5351283135689852 0.40528189851767393 0.49981908551881415
0 0.4207822143671608 0.44514949144811855 0.38885059863169896 0.43579963968072977 0.37938005245153933 0.4623879042189281 0.41486079019384264 0.4705582189281642 0.4207822143671608 0.44514949144811855
0 0.5859242006841504 0.21820867388825543 0.5484890969213227 0.21731759863169897 0.5347099498289624 0.27273379247434437 0.575692259977195 0.27542525313568983 0.5859242006841504 0.21820867388825543
0 0.5331733283922463 0.685046968072976 0.48141001140250855 0.670981976054732 0.4733692805017104 0.7084236567844926 0.5250514538198403 0.7215875222348918 0.5331733283922463 0.685046968072976
0 0.44263658380843784 0.8827538175598633 0.40117801026225774 0.8666102839224629 0.38959145039908777 0.9037417457240593 0.43210921892816423 0.9164018380843785 0.44263658380843784 0.8827538175598633
0 0.6274369429874572 0.8190537708095781 0.5782729635119727 0.7956799030786773 0.5620362645381984 0.8383647092360319 0.6074935017103763 0.8611162702394527 0.6274369429874572 0.8190537708095781
0 0.7133229144811859 0.7902107194982897 0.6597851254275942 0.7759904811858608 0.6421895005701255 0.8137882531356899 0.6965543249714937 0.8331485689851768 0.7133229144811859 0.7902107194982897
0 0.7480628141391107 0.8695419418472065 0.7008788802736603 0.8439556659064995 0.6723487309007983 0.9046375119726341 0.7231177651083238 0.927557354618016 0.7480628141391107 0.8695419418472065
0 0.7175702690992019 1 0.7200891071835804 0.9851045610034207 0.6852770182440137 0.9814644492588369 0.6830462383124287 1 0.7175702690992019 1
0 0.7147606043329533 0.6240459019384265 0.686944054732041 0.6084998734321552 0.6633776488027366 0.660079701254276 0.6963479635119727 0.672204078677309 0.7147606043329533 0.6240459019384265
0 0.6060549623717219 0.7027460581527937 0.5772327970353478 0.6918817628278221 0.5630246431014823 0.7317639543899658 0.5948548791334093 0.7402109099201825 0.6060549623717219 0.7027460581527937
0 0.8405418050171037 0.5611440957810718 0.7931005484606614 0.5385169646522235 0.7637584549600912 0.5812472337514253 0.8154073090079818 0.6075205815279362 0.8405418050171037 0.5611440957810718
0 0.8399166875712657 0.6159230638540479 0.8705854994298745 0.6329122383124287 0.8949639863169897 0.5992824287343216 0.8581571071835804 0.5775856852907639 0.8399166875712657 0.6159230638540479
0 1 0.41356493044469783 0.97645865336374 0.3960163557582668 0.9416130729760548 0.4472054025085519 0.9741622303306727 0.46674315963511975 1 0.4204905393386545 1 0.41356493044469783