0 0.9887432793614594 0.2453345245153934 0.9422281288483466 0.22505982326111745 0.9184834446978336 0.2695969087799316 0.9640269578107183 0.29190166476624857 0.9887432793614594 0.2453345245153934
0 0.9015582394526795 0.24076535005701252 0.8729611163055873 0.23034816647662487 0.842350755986317 0.28106564994298744 0.8801256761687571 0.29790946978335237 0.9015582394526795 0.24076535005701252
0 0.7650623067274801 0.28058252223489166 0.7381212554161916 0.2726303888255416 0.7244881630558723 0.3058061049030787 0.7558657137970354 0.31577443899657925 0.7650623067274801 0.28058252223489166
0 0.592171338654504 0.33395099885974916 0.5558365302166477 0.32372286316989735 0.5364017730900799 0.3768112953249715 0.5716144196123146 0.38579149030786775 0.592171338654504 0.33395099885974916
0 0.8828097856328393 0.9502908871151654 0.8842315655644242 0.8891267867730901 0.8291599167616875 0.8912928403648802 0.8296203637400228 0.9552342542759408 0.8828097856328393 0.9502908871151654
0 0.7205051277080958 0.7562806328392246 0.6812671858608894 0.7560079543899657 0.6808127149372862 0.810089535917902 0.713800322690992 0.8121156259977196 0.7205051277080958 0.7562806328392246
0 0.4254835370581528 0.7342789942987457 0.372824984036488 0.7404377480045611 0.3857650923603193 0.8112745598631699 0.439116330672748 0.8119911676168757 0.4254835370581528 0.7342789942987457
0 0.500741401368301 0.5919585781071837 0.4857595005701254 0.5941462348916762 0.4850884686431015 0.6636751516533637 0.5002648335233751 0.6662557708095782 0.500741401368301 0.5919585781071837
0 0.2564288950969213 0.7712007069555302 0.2449659749144812 0.7402771539338655 0.2135350718358039 0.7499266624857469 0.2212212109464082 0.7848158004561003 0.2564288950969213 0.7712007069555302
0 0.33788540592930444 0.7035273181299886 0.3285120387685291 0.6667676259977195 0.31699461459521094 0.6709189771949828 0.3257749635119726 0.7076491550741163 0.33788540592930444 0.7035273181299886
0 0.4082595347776511 0.6317041710376282 0.39602471265678446 0.6381993135689852 0.4039610900798175 0.6683434834663626 0.41483539566704675 0.6626704503990878 0.4082595347776511 0.6317041710376282
0 0.9559254287343215 0.5991675108323832 0.8628716955530217 0.5931000775370582 0.8560923363740022 0.6997680205245154 0.9533980969213227 0.6989219509692133 0.9559254287343215 0.5991675108323832
0 0.37351182440136826 0.21665899885974915 0.34014013683010264 0.20658615507411632 0.32416985632839224 0.26163828164196123 0.35866792474344356 0.2708783101482326 0.37351182440136826 0.21665899885974915
0 0.38458494298745727 0.31177512542759406 0.40486115051311283 0.2539758369441277 0.3713962394526796 0.24568180273660206 0.35511521436716076 0.3066632919042189 0.38458494298745727 0.31177512542759406
0 0.3893320763968073 0.06230511744583808 0.3564601003420752 0.054042157354618016 0.33780480957810716 0.10360248574686431 0.36935343329532494 0.1180390228050171 0.3893320763968073 0.06230511744583808
0 0.2212699566704675 0.2051129521094641 0.19405079475484607 0.2024973261117446 0.1760195142531357 0.2514957924743444 0.20569036374002278 0.2628610957810718 0.2212699566704675 0.2051129521094641
0 0.15284011630558725 0 0.13766946750285064 0.041386696693272516 0.15452407981755986 0.04791993956670468 0.16856473432155075 0 0.15284011630558725 0
0 0.20250238540478907 0 0.1906698403648803 0.028705643101482325 0.20868082554161915 0.03559520752565564 0.22218196921322692 0 0.20250238540478907 0
0 0.05792023261117446 0 0.04882583580387686 0.023055607753705812 0.08172888369441277 0.030725631698973774 0.09263007297605473 0 0.05792023261117446 0
0 0.023601818700114026 0.06038195096921323 0.01931354047890536 0.1422071596351197 0.02033992474344356 0.14077453819840366 0.04068706271379704 0.06484317673888255 0.023601818700114026 0.06038195096921323
0 0.6111048996579247 0.006741913340935006 0.5577452348916762 0.0035887126567844927 0.5419326716077537 0.010251529076396808 0.593599362599772 0.03436359863169897 0.6111048996579247 0.006741913340935006
0 0.909426606613455 0.3856569669327252 0.8934142063854048 0.3848177924743444 0.8852418403648802 0.415901433295325 0.902031961231471 0.41975419042189277 0.909426606613455 0.3856569669327252
0 0.8735679179019384 0.41172380501710376 0.8838283603192703 0.3748023831242873 0.8690934948688711 0.3722464663625998 0.8593638403648803 0.41038483580387686 0.8735679179019384 0.41172380501710376