0 0.9266621915621436 0.7538759669327252 0.8927396978335234 0.763977677309008 0.8983727844925884 0.8261133306727481 0.931612590649943 0.8193159407069556 0.9266621915621436 0.7538759669327252
0 0.9746991881413911 0.6050939418472063 0.9164913534777651 0.6164699578107183 0.9219749897377423 0.6417488597491449 0.9797141858608894 0.6327756636259977 0.9746991881413911 0.6050939418472063
0 0.8368862029646522 0.5029164857468643 0.7980073774230331 0.509115992018244 0.8052296237172177 0.5675994082098061 0.8425893568985177 0.5653441858608894 0.8368862029646522 0.5029164857468643
0 0.8064596339794754 0.6703946624857469 0.7761237548460661 0.669607802736602 0.7749349988597491 0.703560298745724 0.8131608643101482 0.7006651185860889 0.8064596339794754 0.6703946624857469
0 0.4860847423033067 0.5076262200684151 0.4539705712656784 0.518227725199544 0.46022854732041046 0.5696268985176739 0.49726805701254273 0.5623362212086659 0.4860847423033067 0.5076262200684151
0 0.8802284321550741 0.27589794526795897 0.8429705222348918 0.2903364104903079 0.8525042862029646 0.32491609236031926 0.8872308962371722 0.3123939806157354 0.8802284321550741 0.27589794526795897
0 0.8742802394526796 0.24172491562143672 0.8641535393386546 0.20717630900798176 0.8268629942987458 0.22102192018244013 0.8395774013683011 0.25959686545039906 0.8742802394526796 0.24172491562143672
0 0.3956251151653364 0.2436221402508552 0.3706780045610034 0.2663338962371722 0.39078455644241733 0.2872790558722919 0.4162282599771949 0.2627575792474344 0.3956251151653364 0.2436221402508552
0 0.06619975142531356 0.8602126351197263 0.033866417331813 0.8666621071835804 0.04034191448118586 0.922211834663626 0.07448656100342076 0.9168565655644242 0.06619975142531356 0.8602126351197263
0 0.019322603192702396 0.6004647069555301 0.006080387685290764 0.6053190912200683 0.01117667730900798 0.6606453819840364 0.028697429874572408 0.6546717936145952 0.019322603192702396 0.6004647069555301
0 0.7939836374002281 0.8856895336374002 0.752047425313569 0.9015607445838084 0.7594622029646523 0.9297128289623717 0.8000561277080958 0.9222343078677309 0.7939836374002281 0.8856895336374002
0 0.4861696191562143 0.7359362314709236 0.4667473033067275 0.739332370581528 0.4793013774230331 0.7975379224629418 0.49401587571265676 0.7949815096921323 0.4861696191562143 0.7359362314709236