0 0.16191365792474344 0.42676325199543896 0.19908271607753705 0.41997452565564425 0.18982356214367163 0.35771900798175593 0.15200349714937286 0.36190566362599774 0.16191365792474344 0.42676325199543896
0 0.052375386545039905 0.3557431881413911 0.0949995929304447 0.3474892998859749 0.08281760889395667 0.308540457240593 0.04790060091220068 0.3158742212086659 0.052375386545039905 0.3557431881413911
0 0.840809433295325 0 0.8402219156214368 0.018151461801596352 0.8791055701254277 0.017104262257696696 0.8800948095781073 0 0.840809433295325 0
0 0.806965898517674 0.18392764082098062 0.7745343329532497 0.17313379019384265 0.7507830524515393 0.22438656556442416 0.787405009122007 0.23541845039908782 0.806965898517674 0.18392764082098062
0 0.904416928164196 0.155868740022805 0.9504992668187001 0.15608440364880274 0.943161511972634 0.10975564766248574 0.9202116465222349 0.1133905496009122 0.904416928164196 0.155868740022805
0 0.880951708095781 0.4273996921322691 0.8398901083238313 0.4339032109464082 0.8462628905359179 0.46655832839224626 0.8889011311288483 0.4586027913340935 0.880951708095781 0.4273996921322691
0 0.8472819543899658 0.6058655769669328 0.8259979498289625 0.581583677309008 0.7946685347776511 0.6039775724059292 0.8235780467502851 0.6270532907639681 0.8472819543899658 0.6058655769669328
0 0.6604017525655644 0.7737292611174459 0.6398127194982897 0.7568516795895097 0.6219008198403648 0.7774226054732041 0.6407446396807297 0.8014898403648804 0.6604017525655644 0.7737292611174459
0 0.39455329874572403 0.758125007981756 0.42153534777651086 0.7337129064994299 0.3893463968072976 0.713863362599772 0.36635095324971495 0.731933110604333 0.39455329874572403 0.758125007981756
0 0.8680748871151653 0.6494605085518814 0.8841021334093501 0.6409121128848346 0.8618820547320409 0.5993435074116304 0.8512374104903079 0.6118517571265678 0.8680748871151653 0.6494605085518814
0 0.8959545005701255 0.6360291265678449 0.9060779897377423 0.6278114789053593 0.8850981071835804 0.5902576681870012 0.8740164025085518 0.5962208950969213 0.8959545005701255 0.6360291265678449
0 0.7344114424173318 0.2804820285062714 0.7607930923603193 0.2624771094640821 0.7300074310148232 0.23368861345496011 0.7101606396807297 0.2488550592930445 0.7344114424173318 0.2804820285062714
0 0.6387070478905359 0.16218455530216647 0.6512598095781071 0.13133955530216648 0.6130918985176739 0.118147921322691 0.6013404846066134 0.14646139566704675 0.6387070478905359 0.16218455530216647
0 0.7151835051311288 0 0.7096498015963513 0.01358370353477765 0.7246970114025085 0.02172060547320411 0.7367319418472064 0 0.7151835051311288 0