0 0.3051315769669327 0.8976277001140252 0.23120109122006843 0.8832822109464082 0.2232793124287343 0.9529875746864309 0.29350695096921325 0.9723233477765109 0.3051315769669327 0.8976277001140252
0 0.8765164116305587 0.2923645450399088 0.8240955233751425 0.2820740102622577 0.8142740775370582 0.3187011630558723 0.8652263979475484 0.32824032383124285 0.8765164116305587 0.2923645450399088
0 0.7924519703534777 0.31042950627137966 0.7575704777651083 0.3013838437856328 0.7448905051311288 0.3652080615735462 0.7773152702394527 0.3805721630558723 0.7924519703534777 0.31042950627137966
0 0.34053758950969215 0.06656347890535917 0.3135688323831243 0.05984360091220069 0.2996146818700114 0.13011055074116307 0.33237965792474344 0.13654253249714937 0.34053758950969215 0.06656347890535917
0 0.15530149144811858 0 0.14187523489167617 0.09679446636259977 0.16335714367160775 0.1026375724059293 0.1821026510832383 0 0.15530149144811858 0
0 0.18531408209806158 0.6232125860889396 0.15219499543899656 0.617937425313569 0.1429640478905359 0.6546266419612315 0.17454802964652222 0.660934496009122 0.18531408209806158 0.6232125860889396
0 0.6642303420752564 0.8295658916761687 0.6140067502850627 0.8207019144811859 0.6058348494868872 0.8814115416191562 0.6581235621436716 0.8952765929304447 0.6642303420752564 0.8295658916761687
0 0.9324555324971494 0.25430798517673886 0.8921741231470923 0.24798309578107183 0.8881675758266818 0.291798070695553 0.9232340330672748 0.2990689692132269 0.9324555324971494 0.25430798517673886
0 0.8390382793614596 0.46148126567844927 0.8226130775370583 0.45527096921322696 0.8088767149372862 0.5291460729760548 0.8247003511972634 0.5320063876852907 0.8390382793614596 0.46148126567844927
0 0.9500836693272521 0.4444594846066135 0.9353351949828962 0.43962103078677306 0.9298354526795894 0.4862673112884835 0.9444146396807297 0.4895922770809578 0.9500836693272521 0.4444594846066135
0 0.26121602508551883 0.035212875712656785 0.25229790307867733 0.09166178563283923 0.2890734618015964 0.09971248118586089 0.2987391961231471 0.04752600456100342 0.26121602508551883 0.035212875712656785
0 0.4181755598631699 0.5986687844925883 0.40941221094640823 0.636604330672748 0.4940945815279361 0.66044917331813 0.5058430798175599 0.6282084196123148 0.4181755598631699 0.5986687844925883
0 0.3472173785632839 0.5738767594070695 0.30725447662485744 0.5631014082098061 0.2938600296465222 0.6394036738882555 0.33872102166476625 0.6500952428734321 0.3472173785632839 0.5738767594070695
0 0.315895771949829 0.7866778814139112 0.2751234321550741 0.777908597491448 0.26371560775370584 0.8239339122006842 0.3052804811858609 0.8318893922462942 0.315895771949829 0.7866778814139112
0 0.20480839794754846 0.9148793283922463 0.1639923637400228 0.9090968392246294 0.1583372246294185 0.9515413557582668 0.19296858038768527 0.9629519521094642 0.20480839794754846 0.9148793283922463
0 0.14742125883694412 0.9070550638540479 0.10819038312428735 0.9002419977194983 0.09933262029646521 0.9447411299885975 0.13834898517673888 0.9542229555302166 0.14742125883694412 0.9070550638540479