0 0.42394062485746864 0.09814375028506271 0.42186093728620294 0.12457968757126568 0.49608124971493733 0.12102031242873433 0.4996437502850627 0.09907187457240592 0.42394062485746864 0.09814375028506271
0 0.43729999999999997 0.33475781299885976 0.43670624971493727 0.39684687457240597 0.4830187502850627 0.39447499999999996 0.4830187502850627 0.33278281299885976 0.43729999999999997 0.33475781299885976
0 0.501425 0.34365156214367165 0.5049875005701254 0.3594765621436716 0.5839562497149373 0.3559171870011402 0.5792062497149373 0.34168124971493724 0.501425 0.34365156214367165
0 0.5076593751425313 0.36500000000000005 0.506175 0.3802375005701254 0.5809875005701255 0.37964531242873434 0.5803937502850627 0.3660015621436716 0.5076593751425313 0.36500000000000005
0 0.6127546875712656 0.4050281254275941 0.6059249999999999 0.43125 0.637989062713797 0.4377765621436716 0.647489062713797 0.40870937514253136 0.6127546875712656 0.4050281254275941
0 0.605628125427594 0.5455734378563284 0.6029562497149373 0.5789515621436716 0.6890515621436716 0.5801375005701255 0.6890515621436716 0.5451406248574686 0.605628125427594 0.5455734378563284
0 0.6896453124287343 0.5611562497149373 0.6884578129988598 0.6265187502850628 0.7644578129988597 0.6210671870011403 0.7715828129988598 0.5623421870011402 0.6896453124287343 0.5611562497149373
0 0.8300671870011402 0.6478687502850626 0.8279906248574687 0.6999593751425314 0.9087406248574685 0.6946203124287343 0.907553125427594 0.6477593751425313 0.8300671870011402 0.6478687502850626
0 0.9316 0.5660328129988598 0.9253656248574686 0.6062375005701255 0.9853343751425313 0.6074234378563285 0.9853343751425313 0.5688687502850627 0.9316 0.5660328129988598
0 0.7917703124287343 0.3855765621436716 0.7962234378563284 0.42014999999999997 0.8535218745724059 0.42057343785632834 0.8523328129988597 0.3832046875712657 0.7917703124287343 0.3855765621436716
0 0.7231921870011403 0.7528312497149373 0.7169578129988597 0.8257125005701254 0.7822703124287343 0.8203734378563283 0.780489062713797 0.7503781254275941 0.7231921870011403 0.7528312497149373
0 0.7784109372862029 0.820435937286203 0.7787078129988597 0.8393546875712656 0.8535218745724059 0.8381687502850627 0.8553015621436716 0.8233406248574687 0.7784109372862029 0.820435937286203
0 0.7775203124287343 0.8489000000000001 0.7775203124287343 0.8618968745724059 0.851739062713797 0.8601171870011403 0.851739062713797 0.8464734378563284 0.7775203124287343 0.8489000000000001
0 0.7793015621436715 0.8720281254275941 0.778114062713797 0.8862171870011403 0.844021874572406 0.8826578129988598 0.842239062713797 0.869014062713797 0.7793015621436715 0.8720281254275941
0 0.5821765621436716 0.8862171870011403 0.6234406248574687 0.8853703124287344 0.6255203124287343 0.8387625005701254 0.5857375005701254 0.8381687502850627 0.5821765621436716 0.8862171870011403
0 0.14576718700114025 0.9075703124287343 0.18347031242873435 0.90405 0.18673593728620297 0.8684203124287343 0.1427984378563284 0.8737593751425313 0.14576718700114025 0.9075703124287343
0 0 0.9413812497149373 0.04007812542759407 0.9401953124287343 0.046609375142531356 0.8998593751425314 0 0.9022312497149373 0 0.9413812497149373
0 0.7080515621436716 0.9312968745724058 0.7089406248574687 0.9841078129988597 0.7430828129988597 0.9793453124287343 0.747239062713797 0.9265515621436716 0.7080515621436716 0.9312968745724058
0 0.6679718745724059 0.3934640627137971 0.6617375005701255 0.4057453124287343 0.6914265621436716 0.42413281299885974 0.7009265621436715 0.4110828129988598 0.6679718745724059 0.3934640627137971