0 0.5363727035347776 1 0.5335643443557583 0.9788448643101483 0.48642081755986316 0.991293589509692 0.4882714218928164 1 0.5363727035347776 1
0 0.12291244811858609 0.8509433010262258 0.09449256556442417 0.8585016716077537 0.09998312542759408 0.8986116180159636 0.12753409236031926 0.8939695085518814 0.12412126795895098 0.8522038962371722 0.12291244811858609 0.8509433010262258
0 0.02406426567844926 0.21455238768529075 0.08419051767388824 0.2130035290763968 0.07666713568985177 0.14904348460661346 0.01812954275940707 0.15359484378563282 0.02292149030786773 0.2132793534777651 0.02406426567844926 0.21455238768529075
0 0.030124858608893957 0.12312248232611174 0.04107648802736602 0.12443672976054732 0.04753722462941847 0.08627836488027367 0.027205510832383123 0.09060000456100342 0.030124858608893957 0.12312248232611174
0 0.07574413683010263 0.13042221778791335 0.09644772291904219 0.12784257810718358 0.08561927137970353 0.0797620148232611 0.06728969327251995 0.08207984834663626 0.07574413683010263 0.13042221778791335
0 0.14997150171037626 0.3999432234891676 0.1323202348916762 0.39944761117445843 0.12252331242873432 0.4761928221208666 0.14236244127708095 0.4695462291904219 0.14997150171037626 0.3999432234891676
0 0.16363232839224628 0.48991437628278217 0.17737078563283923 0.4942767571265678 0.18228065222348916 0.38882819612314706 0.16773548916761688 0.3803849885974915 0.16363232839224628 0.48991437628278217
0 0.19723143785632838 0.49916206271379704 0.2100495393386545 0.4994725644241733 0.2194815096921323 0.3924525929304447 0.20550338768529078 0.3923886602052452 0.19723143785632838 0.49916206271379704
0 0.7885719555302166 0.28150442645381984 0.8940656362599771 0.27820201710376286 0.887268001140251 0.22623119954389967 0.7843996875712658 0.22502837742303305 0.7885719555302166 0.28150442645381984
0 0.8925766909920182 0.43239833181299886 0.9116888871151654 0.42681837400228045 0.8989092052451539 0.38097359977194983 0.8833471402508551 0.38488843329532496 0.8925766909920182 0.43239833181299886
0 0.9296648164196124 0.42269396351197264 0.9513157423033067 0.41900244013683013 0.9390283238312428 0.3754810923603193 0.922269771949829 0.37661517331813 0.9296648164196124 0.42269396351197264
0 0.9312742508551882 0.35315219042189283 0.9494435815279362 0.35020070125427594 0.9443962919042189 0.3178877251995439 0.9305397628278221 0.31840336488027365 0.9312742508551882 0.35315219042189283
0 0.926871992018244 0.3067391721778791 0.9416299224629419 0.31058454389965795 0.9344107730900798 0.2623422166476625 0.9213840935005702 0.26389869099201824 0.926871992018244 0.3067391721778791
0 0.9087462884834664 0.20861343557582668 0.9300259566704675 0.20742888255416192 0.9231201356898519 0.146374244013683 0.9030843101482326 0.14638388597491447 0.9087462884834664 0.20861343557582668
0 0.8940543705815279 0 0.8931207434435575 0.028009285062713798 0.9102090923603193 0.03135771265678449 0.903594007981756 0 0.8940543705815279 0
0 0.9740745530216648 0.42600169213226907 0.9934833819840365 0.42278674116305587 0.9828668916761687 0.37284007981755984 0.9657740250855189 0.3813293968072976 0.9740745530216648 0.42600169213226907
0 0.37549183580387685 0.9083395906499431 0.38804799771949827 0.9084022611174458 0.38005234891676165 0.8536510171037628 0.36954449258836947 0.8613460661345496 0.37549183580387685 0.9083395906499431