0 0.4629502394526796 0.051588182440136826 0.45947578905359177 0.0015051265678449259 0.4276200091220068 0.00485330330672748 0.4258318745724059 0.0516088472063854 0.4629502394526796 0.051588182440136826
0 0.6660270490307868 0.337114078677309 0.62686965336374 0.3400372166476625 0.6166466909920182 0.4867847058152794 0.6647723740022805 0.4906818004561004 0.6660270490307868 0.337114078677309
0 0.5587957696693273 0.44868556328392245 0.5156494355758267 0.45083234321550747 0.5186566237172178 0.5078302474344356 0.5521899087799316 0.5090819201824401 0.5587957696693273 0.44868556328392245
0 0.3387517035347776 0.43151423945267964 0.30191062029646526 0.42613100342075255 0.2933079737742303 0.49748517331812997 0.3336392782212087 0.5010074503990878 0.3387517035347776 0.43151423945267964
0 0.23291886431014824 0.4733842770809578 0.23334195553021664 0.3816971550741163 0.1979326841505131 0.3731798985176739 0.19401525541619155 0.4721000262257697 0.23291886431014824 0.4733842770809578
0 0.12822320980615737 0.4873733363740023 0.13547261231470925 0.33556362485746866 0.0870608574686431 0.3227412896237172 0.07376432269099202 0.47996274458380844 0.12822320980615737 0.4873733363740023
0 0.2617854047890536 0.645875890535918 0.22368713797035347 0.6409233021664766 0.22564073204104904 0.6992275553021665 0.25647133751425316 0.7031513740022806 0.2617854047890536 0.645875890535918
0 0.3502930216647662 0.8353812063854048 0.3501985108323831 0.8741990456100341 0.3846914036488028 0.8789304127708095 0.3871480672748005 0.839865873432155 0.3502930216647662 0.8353812063854048
0 0.4105157685290764 0.48337507639680727 0.4478875210946408 0.4827307605473204 0.45023516989737744 0.35621416761687574 0.4120144925883694 0.35008197263397944 0.4105157685290764 0.48337507639680727
0 0.24728191790193843 0.14470583124287342 0.25015765450399086 0.10768524515393386 0.17366789053591788 0.09691849600912202 0.17717515621436716 0.1359532234891676 0.24728191790193843 0.14470583124287342
0 0.28819793728620297 0.03562670809578107 0.2275726864310148 0.030953799315849486 0.2285956180159635 0.057712208665906505 0.2800734310148233 0.059465919042189286 0.28819793728620297 0.03562670809578107