0 0.12524964538198405 0.9333727491448118 0.1523690148232611 0.9593614446978336 0.21579924515393384 0.9010607423033068 0.1956384937286203 0.8732683728620296 0.12524964538198405 0.9333727491448118
0 0.647083141391106 0.8082650216647663 0.6662743033067275 0.8573672075256555 0.7227622736602053 0.842402763968073 0.7050139543899658 0.78798669327252 0.647083141391106 0.8082650216647663
0 0.14221350741163055 0.5794453785632839 0.17897953249714937 0.6401515974914481 0.2134340535917902 0.6186958449258837 0.17422275598631698 0.5575625712656784 0.14221350741163055 0.5794453785632839
0 0.32913514139110606 0.6450528278221208 0.3699325952109464 0.6119198380843786 0.3487457445838084 0.5660521619156215 0.30013210262257695 0.6037356875712656 0.32913514139110606 0.6450528278221208
0 0.2854595473204105 0.33806385632839225 0.29297487913340936 0.3700520273660205 0.33961683010262256 0.3528505233751425 0.332707251995439 0.3185006134549601 0.2854595473204105 0.33806385632839225
0 0.6690165906499429 0.16351425769669328 0.6982665005701254 0.226342905359179 0.7590659167616877 0.20264417445838084 0.7303577787913341 0.1320478517673888 0.6690165906499429 0.16351425769669328
0 1 0.4694186898517674 0.9988852690992018 0.46033993500570125 0.9496440809578107 0.4904764971493729 0.9746547651083238 0.5382675005701255 1 0.5226033249714938 1 0.4694186898517674
0 0.8642133477765108 0.696035716077537 0.8819263568985177 0.7477153808437856 0.9199565963511972 0.7383294503990878 0.9041529327251996 0.6851480877993158 0.8642133477765108 0.696035716077537
0 0.7918820148232611 0.7354349897377424 0.7914790068415051 0.7516408369441278 0.8510354389965792 0.7324348893956671 0.8498733819840365 0.7205346807297606 0.7918820148232611 0.7354349897377424
0 0.7955663352337514 0.15156673090079817 0.8047788323831242 0.18274830786773089 0.8719532269099202 0.1573773842645382 0.8616118620296466 0.12430995096921324 0.7955663352337514 0.15156673090079817
0 0.81106482668187 0.034177941847206385 0.8298394264538198 0.07016910376282781 0.8815873660205245 0.04825552565564424 0.8699659122006842 0.007198605473204105 0.81106482668187 0.034177941847206385
0 0.9306044389965792 0.3134869669327252 0.9775520410490307 0.2865947309007982 0.9728473124287343 0.24827779703534777 0.9126795507411631 0.2819929600912201 0.9306044389965792 0.3134869669327252
0 0.1478258221208666 0.43514519270239455 0.16138066818700114 0.4675882223489167 0.19423797035347776 0.45504826681870014 0.1836503922462942 0.41997557924743445 0.1478258221208666 0.43514519270239455
0 0.07370426567844926 0.48433719498289624 0.09946969327251995 0.5236590285062713 0.13503972405929304 0.49910832269099203 0.10749193272519955 0.457450354618016 0.07370426567844926 0.48433719498289624
0 0 0.4889565838084379 0.0284811322690992 0.47898990193842644 0.023962470923603194 0.43000829874572405 0 0.4429843694412771 0 0.4889565838084379
0 0.10845427708095781 0.5237522793614595 0.1302612143671608 0.555182078677309 0.14464277651083238 0.5456379543899659 0.12593743557582668 0.5102364982896237 0.10845427708095781 0.5237522793614595
0 0.04139696351197263 0.8575012862029647 0.04609348802736602 0.8928281835803876 0.08956844013683012 0.8473975359179019 0.06664650969213226 0.8214900935005701 0.04139696351197263 0.8575012862029647
0 0.6512277548460662 0.6958595678449259 0.6628714595210946 0.7273408392246294 0.6873437046750285 0.7171543683010263 0.6785742611174459 0.6847219749144812 0.6512277548460662 0.6958595678449259