0 0.4565501277080958 0 0.45937069897377425 0.030346838084378564 0.5174636488027367 0.0286566921322691 0.5129350022805017 0 0.4565501277080958 0
0 0.6406066248574687 0.2135313990877993 0.6336768392246295 0.18072354846066135 0.6047129874572407 0.18658912656784493 0.6113078244013682 0.21956426567844925 0.6406066248574687 0.2135313990877993
0 0.8403437080957811 0.17551805701254278 0.8327179338654505 0.12139675370581528 0.7768622519954389 0.12869176738882554 0.7863501425313568 0.18256857354618017 0.8403437080957811 0.17551805701254278
0 0.9351856111744584 0.09835803534777651 0.9257448734321551 0.07534796009122008 0.8541852371721779 0.08563906385404789 0.8578656328392247 0.10871370125427594 0.9351856111744584 0.09835803534777651
0 0.9244560695553021 0.5736430661345496 0.9106456259977195 0.5171098608893957 0.8581835587229191 0.522505 0.8655716545039909 0.5809526248574687 0.9244560695553021 0.5736430661345496
0 0.4019834481185861 0.513831369441277 0.40891401140250855 0.48129665336374006 0.3628519475484607 0.4693171881413911 0.35626053021664766 0.5047829669327252 0.4019834481185861 0.513831369441277
0 0.4482884732041049 0.5276726499429875 0.45557375712656784 0.4964166111744584 0.40891401140250855 0.48129665336374006 0.40332682212086657 0.5193754948688711 0.4482884732041049 0.5276726499429875
0 0.02457931128848347 0.7532715815279362 0.09863214139110604 0.7519363694412772 0.095625582668187 0.725403330672748 0.02397994070695553 0.7283493238312428 0.02457931128848347 0.7532715815279362
0 0.026233218928164197 0.8661294275940707 0.13368634321550743 0.8609991288483466 0.13504711060433297 0.8446633295324971 0.019967562143671607 0.8485754298745724 0.026233218928164197 0.8661294275940707
0 0.5517279897377423 0.6863310923603193 0.6038451949828962 0.6764948038768529 0.5894666100342075 0.6446585051311288 0.5403799714937286 0.6544790136830103 0.5517279897377423 0.6863310923603193
0 0.6810216727480045 0.5626255461801596 0.6697857103762828 0.530188794754846 0.6351064412770809 0.5343401368301026 0.6416849566704674 0.572058685290764 0.6810216727480045 0.5626255461801596
0 0.1793264629418472 0.9249291242873432 0.18002304789053591 0.9462395085518813 0.2346374914481186 0.9577771014823261 0.23149066704675028 0.9241781003420753 0.1793264629418472 0.9249291242873432
0 0.5365381664766249 0.3070486248574686 0.5432891448118586 0.2847648574686431 0.4846311630558723 0.2691272668187001 0.47831697833523373 0.28605217331813 0.5365381664766249 0.3070486248574686
0 0.30665623603192704 0.45657925997719495 0.3133262234891676 0.41915339794754847 0.27553194754846067 0.4019890513112885 0.2631697354618016 0.4469166134549601 0.30665623603192704 0.45657925997719495