0 0.5424306989737743 0.7351656180159635 0.577973291904219 0.7503874663625997 0.5916180820980615 0.7132253717217788 0.5552976750285062 0.7021405028506272 0.5424306989737743 0.7351656180159635
0 0.14265606727480046 0.5793482257696693 0.15395208209806158 0.5425336465222349 0.1148095929304447 0.5325492964652223 0.10018996579247436 0.5658834515393386 0.14265606727480046 0.5793482257696693
0 0.6073918015963512 0.1290773990877993 0.6066481881413911 0.09237709122006842 0.5802918437856328 0.09164107753705815 0.5748192588369442 0.13240917901938426 0.6073918015963512 0.1290773990877993
0 0.8134134207525655 0.21870438084378563 0.8189855860889396 0.1973070228050171 0.7563181858608894 0.18724879589509694 0.7495409156214368 0.2035213101482326 0.8134134207525655 0.21870438084378563
0 0 0.2311599543899658 0.01846909122006842 0.23407223717217787 0.018118782212086657 0.2166988141391106 0 0.21436878563283923 0 0.2311599543899658
0 0.15063200114025085 0.3681277434435576 0.16188166020524514 0.3378978118586089 0.12559541847206385 0.3304259623717218 0.1177506362599772 0.35774066590649944 0.15063200114025085 0.3681277434435576
0 0.02251602850627138 0.6519492337514252 0.05832064538198403 0.6601089167616876 0.07496300114025085 0.6057541687571265 0.06929820752565564 0.6026913181299887 0.061045204104903085 0.5969084572405928 0.05089528620296465 0.617997614595211 0.03689682326111744 0.6138323283922463 0.02251602850627138 0.6519492337514252
0 0.229615503990878 0.7647853979475485 0.2412282850627138 0.7502829087799315 0.171958582668187 0.7232967993158494 0.16438883808437857 0.7385032291904219 0.229615503990878 0.7647853979475485
0 0.24138370125427597 0.7391968745724059 0.24841912542759406 0.7260980604332954 0.1865770535917902 0.700213897377423 0.1766373055872292 0.7122191790193843 0.24138370125427597 0.7391968745724059
0 0.3646585370581528 0.1748939566704675 0.37528854389965793 0.15311723831242874 0.3349765940706956 0.14333909578107185 0.32723788369441276 0.16098854389965792 0.3646585370581528 0.1748939566704675
0 0.22249379703534777 0.2542375758266819 0.2210851242873432 0.23941005017103764 0.15504572633979474 0.24442098745724058 0.15174267160775373 0.2564618586088939 0.22249379703534777 0.2542375758266819