0 0.1431123078677309 0.530404637400228 0.2562192063854048 0.5647369475484606 0.26981675370581526 0.5206292086659065 0.1492543717217788 0.4874326818700114 0.1431123078677309 0.530404637400228
0 0.354779913340935 0.7313062383124288 0.3928789543899658 0.7382155803876853 0.40786333751425313 0.6894610296465222 0.375440054732041 0.680962189281642 0.354779913340935 0.7313062383124288
0 0.48350408209806156 0.7300517651083238 0.5214271778791334 0.7321775689851767 0.5179061801596351 0.6907442793614595 0.4813879418472064 0.6947015632839225 0.48350408209806156 0.7300517651083238
0 0.823199457240593 0.8968554059293045 0.8311874104903079 0.9416595952109464 0.8678457263397947 0.9314579452679589 0.8581960125427595 0.8915745233751425 0.823199457240593 0.8968554059293045
0 0.37125796693272517 0.2571223568985177 0.3610406841505131 0.28543334435575823 0.39052509464082097 0.3023173283922463 0.40163267274800457 0.2693160877993159 0.37125796693272517 0.2571223568985177
0 0.18238506157354617 0.04748827708095781 0.1802681630558723 0.1057112725199544 0.22068615621436719 0.10239318015963511 0.2238213808437856 0.05707366590649943 0.18238506157354617 0.04748827708095781
0 0.08450099885974914 0.9144781527936146 0.11537525085518814 0.9291012291904219 0.1302473409350057 0.8952373044469784 0.09711204561003421 0.8792259452679589 0.08450099885974914 0.9144781527936146
0 0.03723307183580388 0.7333253911060433 0.025946657924743443 0.7466423899657925 0.0898440478905359 0.7921658950969214 0.10467021550741162 0.7752844663625998 0.03723307183580388 0.7333253911060433
0 0.031905001140250855 0.6649131904218928 0.02699766818700114 0.7073971527936146 0.040985042189281645 0.7071308437856327 0.04662650855188141 0.6667971721778791 0.031905001140250855 0.6649131904218928
0 0.37470505929304443 0.08159705245153934 0.36648785632839226 0.03260067958950969 0.3143587046750285 0.03191408665906499 0.3208716567844926 0.09119324059293045 0.37470505929304443 0.08159705245153934
0 0.30554057696693276 0.24600866818700115 0.3828476328392247 0.25396419498289624 0.3854645632839224 0.21724002964652225 0.3135797502850627 0.20856685176738882 0.30554057696693276 0.24600866818700115
0 0.11660250399087799 0.22769067388825542 0.1955344686431015 0.2238680022805017 0.20256816191562144 0.1911063614595211 0.1244124275940707 0.18605667388825542 0.11660250399087799 0.22769067388825542