0 0.36017217445838084 0.32409853135689853 0.399126748004561 0.31499023603192705 0.38760066590649944 0.2627242850627138 0.3510667799315849 0.27144991220068415 0.36017217445838084 0.32409853135689853
0 0.029747582668187 0.29161401710376283 0.06572089281641962 0.2756886966932725 0.05254040820980616 0.24235058038768528 0.019373156214367162 0.2567333454960091 0.029747582668187 0.29161401710376283
0 0.056158631698973775 0.10558298745724058 0.031585854047890535 0.11714156328392247 0.02829545267958951 0.16513114937286202 0.07244613340935006 0.15111329304446977 0.056158631698973775 0.10558298745724058
0 0.037200931584948686 0.4585566989737742 0.08683338768529075 0.4432303808437857 0.07231258152793615 0.36388161345496006 0.018431757126567843 0.3833063819840365 0.037200931584948686 0.4585566989737742
0 0.011437730900798176 0.5349770912200684 0.027141517673888258 0.6144293557582668 0.08209880843785632 0.5995704697833524 0.06801424857468644 0.5220479224629418 0.011437730900798176 0.5349770912200684
0 0 0.9215562862029647 0.022744273660205247 0.9168249429874572 0.013217921322690993 0.8826129167616875 0 0.8855110285062714 0 0.9215562862029647
0 0.11777398859749146 0.7642140969213227 0.17229375142531356 0.7475257411630558 0.16034590421892816 0.6660180068415051 0.10343805929304446 0.6759396659064995 0.11777398859749146 0.7642140969213227
0 0.6818765621436716 0.10191487799315849 0.6282071698973773 0.11569597377423033 0.6352124481185861 0.15147391904218926 0.6854904914481186 0.1368001014823261 0.6818765621436716 0.10191487799315849
0 0.7866941379703535 0.07592016305587229 0.785087834663626 0.046574748004561004 0.7423566237172178 0.051180502850627134 0.7514172371721779 0.0907159441277081 0.7866941379703535 0.07592016305587229
0 0.9502344127708097 0.06698338084378563 0.9161701220068414 0.07473146636259977 0.9245818129988598 0.12851456670467504 0.9656404937286203 0.12257044697833523 0.9502344127708097 0.06698338084378563
0 0.7707995051311288 0.223534070695553 0.7533294230330673 0.22558331356898517 0.7742174139110604 0.27986036259977193 0.79327986659065 0.27407788483466367 0.7707995051311288 0.223534070695553
0 0.9566455484606614 0.25946365564424173 0.9726500935005702 0.25371008779931586 0.9670936431014823 0.20137196123147091 0.9460071938426454 0.20429371151653364 0.9566455484606614 0.25946365564424173
0 0.8789118665906499 0.34385359863169895 0.9185081242873432 0.334205425313569 0.9117854002280502 0.3020283078677309 0.8724992531356898 0.3087235210946408 0.8789118665906499 0.34385359863169895
0 0.5831636556442418 0.671420810718358 0.6454570159635119 0.647665889395667 0.6308105940706956 0.562940401368301 0.5652414675028506 0.5813441459521095 0.5831636556442418 0.671420810718358
0 0.6100887137970354 0.7929800535917901 0.6673603557582668 0.7789180957810719 0.6518563238312429 0.7108076499429874 0.5962963329532497 0.7271054207525656 0.6100887137970354 0.7929800535917901
0 0.7747918084378563 0.8252702485746864 0.786706511972634 0.8662458574686431 0.841020701254276 0.8519251562143672 0.8294666818700114 0.806808976054732 0.7747918084378563 0.8252702485746864
0 0.6755309464082099 0.9512876909920183 0.7142771049030787 0.9445436647662485 0.7038686602052452 0.8727084675028506 0.6632619954389967 0.8813742143671608 0.6755309464082099 0.9512876909920183
0 0.803218117445838 0.9773577537058152 0.8695705324971493 0.961707755986317 0.8604818472063853 0.9293236442417332 0.8016049737742303 0.9453296567844927 0.803218117445838 0.9773577537058152
0 0.29361872291904223 0.9826022588369441 0.35292669213226907 0.9725329726339795 0.33957538540478904 0.9227894150513114 0.2846688472063854 0.9349706613454961 0.29361872291904223 0.9826022588369441
0 0.28548486431014825 0.7961698529076396 0.36699314823261114 0.7776721288483467 0.35708060889395665 0.7410438118586089 0.2787078118586089 0.7601138643101483 0.28548486431014825 0.7961698529076396
0 0.3097162234891676 0.8531250478905359 0.36742424629418474 0.8408877548460661 0.3623486852907639 0.8034905838084379 0.29978026795895096 0.8155990877993158 0.3097162234891676 0.8531250478905359
0 0.2607788939566705 0.8673185769669327 0.2987040387685291 0.8563337331812999 0.28829640364880277 0.8321769122006842 0.24980695210946408 0.8452015860889396 0.2607788939566705 0.8673185769669327
0 0.2159161163055872 0.8145201151653364 0.16422818928164196 0.8260904937286203 0.1761888244013683 0.8801840866590649 0.22826969783352336 0.8665604549600913 0.2159161163055872 0.8145201151653364
0 0.18209290193842645 0.9557988973774231 0.18238735917901938 0.9728707753705815 0.2657143762827822 0.9801609452679589 0.2518702006841505 0.9350828095781072 0.18209290193842645 0.9557988973774231
0 0.4529554127708096 0.646916669327252 0.46944781527936147 0.6423993865450399 0.4596460125427594 0.5908803078677309 0.44143596579247435 0.5964393511972634 0.4529554127708096 0.646916669327252
0 0.839898228050171 0.47633402622576965 0.8730589783352337 0.47208300000000003 0.867833370581528 0.4540417183580388 0.8315181254275941 0.4630829156214367 0.839898228050171 0.47633402622576965