0 0.12104472063854048 0.776238031927024 0.09546400570125428 0.7517678711516534 0.051523990877993156 0.7976575541619155 0.0762643990877993 0.8217399247434436 0.12104472063854048 0.776238031927024
0 0.19887002964652226 0.9339021368301027 0.22832577651083238 0.9073376659064994 0.19240804218928162 0.8722225062713796 0.16495688597491448 0.9051080752565563 0.19887002964652226 0.9339021368301027
0 0.28477657810718354 0.733106251995439 0.3083978015963512 0.7092198426453821 0.26785179931584946 0.6691667434435576 0.24112953021664765 0.6974503021664766 0.28477657810718354 0.733106251995439
0 0.2892420421892816 0.6707527537058153 0.32991804903078675 0.69100744013683 0.3317456659064994 0.675682794754846 0.2943083489167617 0.6577429395667047 0.2892420421892816 0.6707527537058153
0 0.33317106499429877 0.659092142531357 0.33567621664766245 0.6432752394526796 0.31092192474344355 0.6363503717217789 0.3076306750285063 0.6476417092360319 0.33317106499429877 0.659092142531357
0 0.3123508244013683 0.6083510570125428 0.3656107833523375 0.6630293694412771 0.37576952907639677 0.6520268380843786 0.32476423603192706 0.5983051995438997 0.3123508244013683 0.6083510570125428
0 0.039213583808437855 0.4047380410490308 0.08438785404789054 0.4497290809578107 0.10847300456100342 0.4229135587229191 0.06564449372862029 0.3782940513112885 0.039213583808437855 0.4047380410490308
0 0.08766612086659066 0.24305048232611173 0.11574978449258838 0.2631141904218928 0.15743562371721778 0.216264748004561 0.13234692246294186 0.19247366590649945 0.08766612086659066 0.24305048232611173
0 0.1334992063854048 0.16623083010262257 0.1686373329532497 0.1303578631698974 0.1253433534777651 0.08866722348916761 0.09285121550741163 0.1363004652223489 0.1334992063854048 0.16623083010262257
0 0.33574233523375147 0.4378897605473204 0.2972115838084379 0.4648187628278221 0.3229073842645382 0.49425557582668184 0.35011743899657927 0.4647900205245154 0.33574233523375147 0.4378897605473204
0 0.1277594025085519 0.6313641778791333 0.13435888597491447 0.6504249840364881 0.19706343671607754 0.6075073124287343 0.1865257787913341 0.5924358038768529 0.1277594025085519 0.6313641778791333
0 0.4318628517673888 0.9089461197263399 0.4500203500570125 0.8853966442417331 0.4280807879133409 0.8645057776510832 0.4118306396807298 0.88929703990878 0.4318628517673888 0.9089461197263399
0 0.5682268312428734 0.8374557936145952 0.5799001140250856 0.8206863762827822 0.5399390068415051 0.780725913340935 0.5255695484606613 0.7974384823261118 0.5682268312428734 0.8374557936145952
0 0.31464547890535915 0.3889051527936146 0.3233529407069555 0.3794746316989738 0.2973715518814139 0.35373870695553017 0.2877103683010262 0.363497511972634 0.31464547890535915 0.3889051527936146
0 0.33030132611174456 0.3697639190421893 0.34271449258836945 0.35971960319270235 0.3198492827822121 0.3332765131128848 0.3074853785632839 0.34681530786773085 0.33030132611174456 0.3697639190421893
0 0.223713244013683 0.5720902166476625 0.228007834663626 0.5601573124287343 0.1978877457240593 0.54157451995439 0.1916279498289624 0.5545186989737743 0.223713244013683 0.5720902166476625
0 0.6245934834663627 0.3563186339794755 0.5905709315849487 0.37375158722919044 0.6217969030786773 0.408125228050171 0.6484445085518814 0.38411858266818705 0.6245934834663627 0.3563186339794755
0 0.6147153432155075 0.3541529395667047 0.5937036339794755 0.3274038449258837 0.5766597537058153 0.3439222132269099 0.5994493990877994 0.36513913911060436 0.6147153432155075 0.3541529395667047
0 0.7710908631698973 0.7218470729760548 0.802266606613455 0.7261836738882553 0.8069123033067275 0.6740688004561003 0.7771085347776511 0.6724664241733181 0.7710908631698973 0.7218470729760548
0 0.2323948198403649 0.547641054732041 0.23881977537058152 0.5336441265678449 0.21993118244013685 0.527649874572406 0.21742279817559862 0.539691669327252 0.2323948198403649 0.547641054732041
0 0.574771550741163 0.553220834663626 0.5644329874572406 0.542575590649943 0.531889149372862 0.5734554207525656 0.541094503990878 0.5855521984036488 0.574771550741163 0.553220834663626
0 0.31088996693272525 0.1697032976054732 0.31564848460661343 0.1548412805017104 0.2808034994298746 0.1433171927023945 0.27749171721778787 0.15473816419612313 0.31088996693272525 0.1697032976054732
0 0.32018761459521095 0.14895545496009124 0.32222908437856324 0.1360661220068415 0.3107786898517674 0.13245068529076395 0.30476593728620294 0.1419473158494869 0.32018761459521095 0.14895545496009124
0 0.3705693454960091 0.22179618472063853 0.37625351311288485 0.21248638996579247 0.3578584777651083 0.20717146180159635 0.35535073318129984 0.221106984036488 0.3705693454960091 0.22179618472063853
0 0.38264330216647663 0.20629252793614594 0.38221828620296466 0.19000836944127708 0.3662899806157355 0.1880867251995439 0.36382770011402504 0.20173519954389968 0.38264330216647663 0.20629252793614594
0 0.3482527947548461 0.22606864538198404 0.35516976168757125 0.21275079475484607 0.3377324538198404 0.20518453363740022 0.32969997149372865 0.21794444697833523 0.3482527947548461 0.22606864538198404
0 0.16612656100342074 0.2524748038768529 0.14352257126567844 0.28132520752565565 0.18889139794754847 0.3023247434435576 0.20361065678449258 0.2682215393386545 0.16612656100342074 0.2524748038768529