0 0.9422875005701253 0.10170312542759408 0.943771874572406 0.05873750057012543 0.9128968745724059 0.051618750285062714 0.9069593751425313 0.09373437514253134 0.9422875005701253 0.10170312542759408
0 0.8184906248574687 0.09280624971493728 0.8279906248574687 0.06763437514253136 0.7953328129988598 0.056364062713797035 0.7852390627137971 0.08483750057012543 0.8184906248574687 0.09280624971493728
0 0.6626296875712656 0.0509984378563284 0.628489062713797 0.03856875028506271 0.6243312497149373 0.0634812497149373 0.6510515621436715 0.07356718700114025 0.6626296875712656 0.0509984378563284
0 0.5664406248574686 0.5242234378563284 0.5596140627137971 0.556410937286203 0.5934562497149373 0.5641218745724059 0.6029562497149373 0.53565 0.5664406248574686 0.5242234378563284
0 0.9262562497149373 0.4957593751425314 0.939614062713797 0.46090937514253133 0.9146765621436715 0.4484531254275941 0.9004281254275941 0.47811250057012544 0.9262562497149373 0.4957593751425314
0 0.4782687502850627 0.3594765621436716 0.4450187502850627 0.3493921870011402 0.43670624971493727 0.382610937286203 0.4663937502850627 0.39091562485746867 0.4782687502850627 0.3594765621436716
0 0.402564062713797 0.9458578129988597 0.3981125005701254 0.9923953124287344 0.43373750057012544 0.9987546875712657 0.4390812497149373 0.9544312497149373 0.402564062713797 0.9458578129988597
0 0.8178953124287343 0.9775656248574687 0.8238328129988598 0.963328125427594 0.7888015621436716 0.947314062713797 0.7816765621436716 0.962735937286203 0.8178953124287343 0.9775656248574687
0 0.8315531254275941 0.9413812497149373 0.7962234378563284 0.927178125427594 0.7893953124287343 0.9384156248574687 0.8291765621436716 0.956210937286203 0.8315531254275941 0.9413812497149373
0 0.8368953124287343 0.9123156248574686 0.7997874994298746 0.9022718745724059 0.7959265621436716 0.9176546875712657 0.8363015621436716 0.928925 0.8368953124287343 0.9123156248574686
0 0.4043468745724059 0.3240828129988597 0.40998749942987456 0.30490468757126565 0.3737687502850627 0.2948203124287343 0.36961250057012546 0.31202187457240593 0.4043468745724059 0.3240828129988597
0 0.3384406248574687 0.32052499999999995 0.3476437502850627 0.2936343751425313 0.3227062497149373 0.28236406271379705 0.31201718700114023 0.31083750057012544 0.3384406248574687 0.32052499999999995