0 0.8625606761687572 0 0.8556867867730901 0.022482638540478904 0.9268831630558723 0.041589480045610035 0.9195498152793615 0 0.8625606761687572 0
0 0.38314910832383126 0.19769671607753705 0.37807081755986316 0.27147440136830103 0.4128960741163056 0.27578948916761686 0.42204724629418466 0.20288500912200683 0.38314910832383126 0.19769671607753705
0 0.5729064082098062 0.292533362599772 0.5800020843785633 0.25755100114025087 0.48132867274800456 0.24844873888255417 0.4779995279361459 0.2859861778791334 0.5729064082098062 0.292533362599772
0 0.4039340273660205 0.38737852109464077 0.4009678631698974 0.415007078677309 0.44410846066134546 0.42203030444697837 0.44709785860889395 0.3894046054732041 0.4039340273660205 0.38737852109464077
0 0.6798942280501711 0.5573644401368301 0.680217298745724 0.5181564310148232 0.6449955313568985 0.5201497856328392 0.6456759030786773 0.5599106978335233 0.6798942280501711 0.5573644401368301
0 0.19952675598631697 0.6197791584948689 0.2059702006841505 0.6939337149372863 0.28005879247434434 0.6867022542759408 0.2836883591790194 0.6218047981755986 0.19952675598631697 0.6197791584948689
0 0.049964509692132265 0.6708465108323831 0.042450580387685295 0.7239724549600912 0.08807462257696694 0.7313939224629418 0.08831432269099201 0.6695058289623718 0.049964509692132265 0.6708465108323831
0 0.25251459064994297 0.7766787628278221 0.2511836921322691 0.8546126111744584 0.30865699543899655 0.8523099942987458 0.30164500114025083 0.773221393386545 0.25251459064994297 0.7766787628278221
0 0.4180667833523375 0.9564939726339795 0.41919193956670464 0.9936394777651083 0.47370670695553024 0.9882442462941847 0.4706226944127708 0.9502383215507412 0.4180667833523375 0.9564939726339795
0 0.7355900661345496 0.7432989714937286 0.7301803637400228 0.780995425313569 0.7958281197263398 0.7908597366020524 0.8018658745724059 0.7532968768529076 0.7355900661345496 0.7432989714937286
0 0.7903449429874573 0.6366693819840366 0.7889298175598631 0.6525786898517674 0.8240469418472064 0.6500008768529075 0.8215771163055873 0.6291552531356898 0.7903449429874573 0.6366693819840366
0 0.8049092497149373 0.5859161368301026 0.8015276168757126 0.6214462576966933 0.8197731744583808 0.624053497149373 0.8244446123147092 0.5872900410490308 0.8049092497149373 0.5859161368301026
0 0 0.436264661345496 0.0336467913340935 0.4329851527936146 0.035535309007981755 0.3975263295324971 0 0.4009418004561004 0 0.436264661345496
0 0.20604317787913343 0.3421627890535918 0.2431537787913341 0.34405198973774226 0.24444189053591792 0.2932296442417332 0.20905523831242873 0.289149992018244 0.20604317787913343 0.3421627890535918
0 0.7321875735461801 0.2897461984036488 0.781095598631699 0.2901565176738882 0.7766710775370581 0.2547970125427594 0.7396290900798176 0.25159628392246297 0.7321875735461801 0.2897461984036488
0 0.7079865963511972 0.2482351961231471 0.7005121277080958 0.28448858152793616 0.7241393637400227 0.28684340592930446 0.7295854583808438 0.25105397947548463 0.7079865963511972 0.2482351961231471
0 0.494423645381984 0.16542760433295323 0.49328448118586093 0.17948269669327252 0.5451545096921323 0.18472393728620295 0.5488337924743444 0.16968785404789052 0.494423645381984 0.16542760433295323
0 0.8794611482326111 0.5197653557582669 0.8717695165336374 0.5958093979475485 0.9348338620296465 0.5893128175598632 0.9342880319270239 0.5161222326111745 0.8794611482326111 0.5197653557582669