0 0.3629812497149373 0.06503437514253135 0.24937656214367163 0.05257968757126568 0.24522031242873432 0.10654531242873433 0.35051250057012545 0.12038281299885975 0.3629812497149373 0.06503437514253135
0 0.25768906271379705 0.13560312542759406 0.22166875028506272 0.13560312542759406 0.21474062485746864 0.18403281299885973 0.2521468745724059 0.19095 0.25768906271379705 0.13560312542759406
0 0.32003437514253136 0.1951015621436716 0.2327515621436716 0.18818281299885975 0.22720937514253134 0.2296937502850627 0.31587656214367166 0.23661250057012542 0.32003437514253136 0.1951015621436716
0 0 0.5534796875712656 0.05403124971493729 0.5534796875712656 0.05818750057012542 0.5092015621436716 0 0.5008984378563284 0 0.5534796875712656
0 0.19811562485746864 0.4884453124287343 0.16070937514253136 0.48014375028506273 0.15239687457240594 0.5092015621436716 0.19118749942987456 0.5119687502850627 0.19811562485746864 0.4884453124287343
0 0.30063749942987456 0.4607718745724059 0.25768906271379705 0.45938906271379704 0.2563046875712657 0.5188875005701254 0.2923234378563284 0.5285734378563284 0.30063749942987456 0.4607718745724059
0 0.4558062497149373 0.5036656248574686 0.36021093728620296 0.4925984378563284 0.35051250057012545 0.5853046875712657 0.44887812542759403 0.6032921870011403 0.4558062497149373 0.5036656248574686
0 0.1967312497149373 0.9395312497149372 0.2092 0.850975 0.11914687457240593 0.8495921870011403 0.11637499999999999 0.932614062713797 0.1967312497149373 0.9395312497149372
0 0.6913265621436716 0.473225 0.5624828129988598 0.4607718745724059 0.5472437502850627 0.532725 0.6788578129988597 0.5507125005701254 0.6913265621436716 0.473225
0 0.807703125427594 0.5258062497149373 0.7453593751425314 0.5175046875712657 0.7467437502850627 0.5507125005701254 0.802160937286203 0.5562484378563284 0.807703125427594 0.5258062497149373
0 0.8035468745724059 0.5728515621436716 0.7398171870011402 0.5659328129988598 0.7328906248574687 0.5922234378563284 0.802160937286203 0.6019093751425313 0.8035468745724059 0.5728515621436716
0 0.9684124994298746 0.69185 0.976725 0.5949906248574687 0.9213078129988597 0.586689062713797 0.9074531254275942 0.6904656248574687 0.9684124994298746 0.69185
0 0.9601 0.49121250057012544 0.9684124994298746 0.4358656248574686 0.9129953124287344 0.42894687457240593 0.901910937286203 0.48152812542759404 0.9601 0.49121250057012544
0 0.858964062713797 0.3611453124287343 0.8603484378563284 0.3113328129988598 0.7993906248574686 0.30441406271379706 0.802160937286203 0.3611453124287343 0.858964062713797 0.3611453124287343
0 0.8063171870011403 0.3846687502850627 0.7356609372862029 0.3819015621436716 0.7273484378563284 0.41926093728620295 0.8118593751425314 0.4220281254275941 0.8063171870011403 0.3846687502850627
0 0.5015234378563284 0.37498281299885977 0.47381562485746864 0.37498281299885977 0.4710453124287343 0.40957499999999997 0.4945968745724059 0.4261796875712657 0.5015234378563284 0.37498281299885977
0 0.4516484378563284 0.5880718745724058 0.47658593728620297 0.5949906248574687 0.48628437514253137 0.5617828129988598 0.45303437514253136 0.5520953124287343 0.4516484378563284 0.5880718745724058
0 0.45026250057012546 0.5396421870011402 0.48351406271379704 0.5479453124287343 0.48489843785632836 0.5119687502850627 0.4558062497149373 0.5064343751425313 0.45026250057012546 0.5396421870011402
0 0.43255 0.46090937514253133 0.4907375005701254 0.462689062713797 0.49311249942987456 0.436589062713797 0.4456125005701254 0.4318437502850627 0.43255 0.46090937514253133
0 0.43255 0.43065781299885975 0.48598749942987457 0.4336234378563284 0.4853937502850627 0.415235937286203 0.44264375028506275 0.4110828129988598 0.43255 0.43065781299885975
0 0.46223750057012547 0.5036171870011402 0.4853937502850627 0.5036171870011402 0.491925 0.47158593728620296 0.4658 0.4674343751425314 0.46223750057012547 0.5036171870011402
0 0.46698750057012545 0.4905671870011402 0.4640187502850627 0.4708531254275941 0.4129546875712657 0.4620953124287343 0.4064234378563284 0.48404375028506275 0.46698750057012545 0.4905671870011402