0 0.05386401368301026 0.6349033568985177 0.06864782326111744 0.6365673135689852 0.0715543717217788 0.5470061049030787 0.05385912542759407 0.5447778152793615 0.05386401368301026 0.6349033568985177
0 0.07756664766248574 0.7181428779931585 0.09212387229190422 0.7209725165336375 0.09759649486887115 0.5436016898517674 0.08456978791334094 0.5404646921322691 0.07756664766248574 0.7181428779931585
0 0.1081804732041049 0.6194522976054733 0.10520512428734322 0.6194788118586089 0.0949623181299886 0.7965288620296465 0.1130119874572406 0.8000373625997719 0.12020097491448119 0.6169483500570125 0.1081804732041049 0.6194522976054733
0 0.1047928574686431 0.4364260148232611 0.10448313568985176 0.4366682417331813 0.10801647776510832 0.5117532075256557 0.12139317673888256 0.5113290581527936 0.12086942189281642 0.43319992018244013 0.1047928574686431 0.4364260148232611
0 0.1336862668187001 0.5040407856328393 0.14753251311288482 0.5043127708095781 0.1541084754846066 0.42695881299885974 0.13545298403648803 0.42786902622576967 0.1336862668187001 0.5040407856328393
0 0.16291726339794757 0.48734278335233755 0.17955982326111744 0.4887631801596351 0.17725460205245153 0.4260141972633979 0.16790769555302168 0.42873381527936144 0.16291726339794757 0.48734278335233755
0 0.1942335952109464 0.46923554047890537 0.20524924287343216 0.4623038198403649 0.20292439110604332 0.41830177537058155 0.19480503762827822 0.4227721630558723 0.1942335952109464 0.46923554047890537
0 0.22030895895096922 0.4501095553021665 0.2368233819840365 0.44908559179019386 0.23710407525655644 0.4134532348916761 0.2201577217787913 0.41167135461801596 0.22030895895096922 0.4501095553021665
0 0.26145869099201824 0.44359154047890537 0.2754166966932725 0.4432803865450399 0.2784526180159635 0.3561653694412771 0.26906662485746863 0.3558514834663626 0.26145869099201824 0.44359154047890537
0 0.2880824196123147 0.44029858608893957 0.3019286670467503 0.44057057126567845 0.30959025883694413 0.34830447206385406 0.29429434435575824 0.3426093637400228 0.2880824196123147 0.44029858608893957
0 0.31674216191562143 0.4482889281641961 0.32848516533637395 0.4469423591790194 0.3308839475484607 0.41595575712656785 0.3178586704675028 0.41251660433295323 0.31674216191562143 0.4482889281641961
0 0.24533337628278223 0.5638491562143672 0.2597624652223489 0.5642344355758266 0.2660659657924744 0.45718922805017104 0.2526989099201824 0.4633614481185861 0.24533337628278223 0.5638491562143672
0 0.2707121185860889 0.5669692873432155 0.2843141676168757 0.5653776237172178 0.2931099236031927 0.4672849441277081 0.2764447742303307 0.46706988255416193 0.2707121185860889 0.5669692873432155
0 0.29976614823261116 0.5387428950969213 0.31361086088939566 0.5390145838084379 0.31578803420752566 0.4656444925883695 0.30416986887115166 0.46429344469783357 0.29976614823261116 0.5387428950969213
0 0.18296147662485746 0.5831797571265679 0.19672594868871152 0.5900877491448118 0.20104917559863172 0.5491925484606613 0.18666077194982894 0.5466981584948689 0.18296147662485746 0.5831797571265679
0 0.19684708779931584 0.6578575473204105 0.21373260889395668 0.6611397605473204 0.21572925997719497 0.598017251995439 0.19948445952109464 0.5972774424173318 0.19684708779931584 0.6578575473204105
0 0.2274491858608894 0.6589670877993158 0.23977502964652223 0.6577338118586088 0.24304740136830102 0.6160294834663625 0.2278357662485747 0.6145847981755986 0.2274491858608894 0.6589670877993158
0 0.28736311858608893 0.6367392554161916 0.3020645575826682 0.6450422850627138 0.3095418848346636 0.6065747696693273 0.2927535781071836 0.599680684150513 0.28736311858608893 0.6367392554161916
0 0.3181915062713797 0.6366846488027366 0.3326518141391106 0.6431246248574687 0.33605261915621437 0.6038631242873431 0.32107788027366024 0.5964174469783352 0.3181915062713797 0.6366846488027366
0 0.34439807183580384 0.6200036191562143 0.3591970228050171 0.6246932417331812 0.36866276966932726 0.5884268244013684 0.3497885313568985 0.5829450478905359 0.34439807183580384 0.6200036191562143
0 0.3772482269099202 0.6282020399087799 0.386904062713797 0.6282659475484607 0.3890898665906499 0.6014703956670467 0.38040645724059297 0.5988768095781072 0.3772482269099202 0.6282020399087799