0 0.13365013340935006 0.8490750171037628 0.07894588255416192 0.7957492611174459 0.03198934663625998 0.8314463819840365 0.10201775028506271 0.8890951881413911 0.13365013340935006 0.8490750171037628
0 0.2553277537058153 0.9174035632839224 0.2764128700114025 0.9471478095781072 0.3215711242873432 0.9181642166476625 0.30429525085518816 0.8910667947548461 0.2553277537058153 0.9174035632839224
0 0.5248139954389965 0.6092248255416192 0.4915050022805017 0.5981341299885975 0.48123022120866593 0.6306220125427594 0.5110283249714936 0.6441075028506272 0.5248139954389965 0.6092248255416192
0 0.45203826453819845 0.6459903660205245 0.41864240478905357 0.630733574686431 0.395299968072976 0.6637687103762828 0.4214720125427594 0.6835316214367161 0.45203826453819845 0.6459903660205245
0 0.32326872063854045 0.3595436670467503 0.2958456305587229 0.40604820980615736 0.32649085518814136 0.42243967844925884 0.35345779475484607 0.38312725883694415 0.32326872063854045 0.3595436670467503
0 0.27169789623717217 0.37299423147092364 0.22396151197263398 0.3408135245153934 0.2066628472063854 0.36795573660205244 0.2524696237172178 0.40090284834663625 0.27169789623717217 0.37299423147092364
0 0.7398395473204105 0.37942214595210944 0.7134419076396806 0.4022942622576967 0.7305092291904219 0.42702585860889397 0.7590788221208666 0.4060497844925884 0.7398395473204105 0.37942214595210944
0 0.8861239384264538 0.23251829532497148 0.8621875940706956 0.25577109350057015 0.8830879703534779 0.27659123261117446 0.9105765233751425 0.25690177309007983 0.8861239384264538 0.23251829532497148
0 0.962896795895097 0.823910337514253 0.9347988118586089 0.8472292246294185 0.9635764196123147 0.876300464082098 0.9890093660205246 0.8603653876852907 0.962896795895097 0.823910337514253
0 0.647347197263398 0.04778076510832383 0.6067431482326112 0.014082031927023946 0.5847611949828962 0.04222999771949829 0.6247550068415051 0.07687771379703535 0.647347197263398 0.04778076510832383
0 0.6406700022805016 0.11452294526795895 0.6113840980615736 0.08758380501710376 0.592050661345496 0.11192394754846066 0.6232164857468644 0.13423004789053591 0.6406700022805016 0.11452294526795895
0 0.708700086659065 0.1461217890535918 0.6762276237172179 0.16773732839224628 0.6985459156214368 0.1979697046750285 0.7295347753705815 0.1773779897377423 0.708700086659065 0.1461217890535918
0 0.16328474800456103 0.410492 0.1327638551881414 0.3887270615735462 0.10095993614595211 0.4272706259977195 0.13518657696693273 0.4504994070695553 0.16328474800456103 0.410492
0 0.6009355678449259 0.9172657080957811 0.5723296875712657 0.8950336499429875 0.5542309806157354 0.9198617844925884 0.5821273044469784 0.9388778209806158 0.6009355678449259 0.9172657080957811
0 0.42236456328392247 0.35981260661345493 0.4522857434435576 0.3115994640820981 0.4368465416191562 0.3072880467502851 0.4064341562143671 0.3480939395667047 0.42236456328392247 0.35981260661345493
0 0.5108650319270239 0.34759968301026223 0.48405972862029645 0.3222300045610034 0.46573177309007985 0.35125032269099205 0.4938129726339795 0.3791920250855188 0.5108650319270239 0.34759968301026223
0 0.7664347696693272 0.3359685530216648 0.751486102622577 0.3465146704675029 0.7659806043329532 0.3690888563283922 0.7830572576966933 0.3598466088939567 0.7664347696693272 0.3359685530216648
0 0.7813029475484606 0.40112533523375143 0.7957547594070696 0.38913107183580387 0.7559904709236032 0.35029428506271376 0.7436973534777651 0.3597124766248575 0.7813029475484606 0.40112533523375143