0 0.9855770193842646 0.32695756898517675 0.9711871790193843 0.25555220638540477 0.9010990182440136 0.2585922873432155 0.9102524321550741 0.33334337286202964 0.9855770193842646 0.32695756898517675
0 0.3031818164196123 0.8523553751425313 0.29722014595210944 0.8008617537058154 0.25999710604332954 0.8081042941847206 0.2666058779931585 0.8611153192702394 0.3031818164196123 0.8523553751425313
0 0.36151854846066134 0.7683088791334093 0.3484537103762828 0.7348913534777651 0.2839004549600912 0.7430882862029647 0.29049087229190423 0.7785158027366021 0.36151854846066134 0.7683088791334093
0 0.14912050057012544 0.30743446180159634 0.14498975598631697 0.2743006271379703 0.0739205803876853 0.2833192109464082 0.07874284378563284 0.31069102850627134 0.14912050057012544 0.30743446180159634
0 0.010355196123147092 0.1494498118586089 0.12708854503990877 0.13645858722919044 0.1227581755986317 0.11462141277080959 0.015343423033067275 0.12193865336374003 0.010355196123147092 0.1494498118586089
0 0.6832448494868871 0.18656703762827823 0.6791555473204105 0.15461997833523375 0.6419117867730901 0.1612691299885975 0.6448638255416191 0.19467551653363738 0.6832448494868871 0.18656703762827823
0 0.8832835769669327 0.6853114823261118 0.8730997765108324 0.6321829657924742 0.811967992018244 0.6361000706955531 0.8173069566704675 0.6868196396807298 0.8832835769669327 0.6853114823261118
0 0.2700351140250855 0.9081868152793614 0.2652280387685291 0.8726985860889396 0.22124031242873432 0.8736389965792475 0.22473990649942988 0.9142634846066134 0.2700351140250855 0.9081868152793614
0 0.5092784709236032 0.8261420501710376 0.5075289247434436 0.810157433295325 0.4328755758266819 0.8187070684150513 0.4379249806157354 0.8355254675028507 0.5092784709236032 0.8261420501710376
0 0.4586168312428734 0.9426060627137971 0.45631695781071835 0.9278304515393386 0.4094006636259977 0.9300629167616875 0.4131985290763968 0.9451129783352338 0.4586168312428734 0.9426060627137971
0 0.06266745267958951 0.2676664663625998 0.11540105359179019 0.26166462257696693 0.10993530216647662 0.2244170581527936 0.0530018015963512 0.22937577993158492 0.06266745267958951 0.2676664663625998
0 0.6274885176738882 0.5147722132269099 0.6604702690992018 0.5053013352337514 0.64259065336374 0.4191619144811859 0.6041362166476625 0.4252576670467503 0.6274885176738882 0.5147722132269099
0 0.6609798722919042 0.3495840045610034 0.6534436909920183 0.30408648460661347 0.5763929441277081 0.31212572633979474 0.5843543762827822 0.3527429315849487 0.6609798722919042 0.3495840045610034
0 0.8446638734321551 0.32890624173318134 0.8396271915621436 0.28688767160775375 0.7929182223489167 0.29505714367160774 0.7988220102622577 0.3363418779931585 0.8446638734321551 0.32890624173318134
0 0.9832416533637399 0.22601038996579248 0.9742746134549601 0.19066743101482328 0.9315390068415051 0.19334801368301024 0.934460228050171 0.23446798859749143 0.9832416533637399 0.22601038996579248
0 0.9783439908779932 0.17091494070695554 0.9716069064994298 0.1313321984036488 0.9265982862029647 0.13706428164196124 0.9306581482326112 0.17667484834663624 0.9783439908779932 0.17091494070695554