0 0.4948937502850627 0.28888906271379705 0.5625812497149373 0.3244796875712657 0.6011765621436717 0.22601250057012542 0.5388312497149372 0.19398124971493727 0.4948937502850627 0.28888906271379705
0 0.7276453124287343 0.044771874572405924 0.6967703124287342 0.09314062485746863 0.7389265621436716 0.11568124971493729 0.7745515621436716 0.06763437514253136 0.7276453124287343 0.044771874572405924
0 0.8193796875712657 0.14528906271379705 0.8042390627137971 0.17855781299885976 0.8297703124287343 0.19042187457240595 0.8458015621436716 0.16016875028506272 0.8193796875712657 0.14528906271379705
0 0.7035984378563284 0.7750703124287344 0.6777687502850627 0.8239328129988597 0.730614062713797 0.8482531254275941 0.7585203124287343 0.7984265621436716 0.7035984378563284 0.7750703124287344
0 0.6195828129988598 0.9455343751425314 0.6516453124287342 0.957396874572406 0.6878640627137971 0.8927406248574686 0.6534265621436717 0.874353125427594 0.6195828129988598 0.9455343751425314
0 0 0.22304531242873432 0.08728124971493728 0.22979375028506271 0.09648437514253136 0.10500468757126569 0 0.11034375028506271 0 0.22304531242873432
0 0.34348593728620297 0.06585624971493728 0.3915812497149373 0.07949843785632839 0.411175 0.04272031242873432 0.35892343785632835 0.030264062713797033 0.34348593728620297 0.06585624971493728
0 0.2618453124287343 0.2716 0.25086093728620296 0.303125 0.28411093728620296 0.314989062713797 0.2953921870011402 0.28295781299885975 0.2618453124287343 0.2716
0 0 0.47633281299885977 0.007421874572405929 0.47633281299885977 0.04007812542759407 0.42014999999999997 0 0.410489062713797 0 0.47633281299885977
0 0.5245812497149372 0.876475 0.5020187502850627 0.9318906248574685 0.5631765621436716 0.9597703124287343 0.5958312497149373 0.908164062713797 0.5245812497149372 0.876475
0 0.7027062497149372 0.46506249942987454 0.7347703124287343 0.47929687457240594 0.763864062713797 0.422946874572406 0.7276453124287343 0.4057453124287343 0.7027062497149372 0.46506249942987454
0 0.07689218700114026 0.8470671870011403 0.01751562485746864 0.8393546875712656 0.009796874572405929 0.8796906248574687 0.06857812542759407 0.8820640627137971 0.07689218700114026 0.8470671870011403
0 0.15704687457240593 0.2183015621436716 0.12112656214367161 0.20221718700114025 0.10064062485746864 0.25389218700114025 0.1332984378563284 0.2663484378563284 0.15704687457240593 0.2183015621436716