0 0.8604773261117445 0.8098874903078678 0.9644424640820981 0.8171870467502851 0.9622001083238313 0.7635414834663626 0.8649585575826683 0.7584452702394527 0.8604773261117445 0.8098874903078678
0 0.47019646180159635 0.7805230877993158 0.48485529646522235 0.7504052462941847 0.39397308893956673 0.7260404481185861 0.3870860513112885 0.7553780262257697 0.47019646180159635 0.7805230877993158
0 0.48957097605473204 0.7228220558722919 0.5035903261117446 0.676543913340935 0.4124302531356898 0.6575109418472065 0.4036727993158495 0.6998184047890535 0.48957097605473204 0.7228220558722919
0 0.5090665233751426 0.9634534025085518 0.46250671379703534 0.9612871174458381 0.4608272337514253 0.9819885302166477 0.5095721448118586 0.9821680114025085 0.5090665233751426 0.9634534025085518
0 0.39469461915621434 0.9618920615735462 0.4403817879133409 0.9636918597491448 0.4414435267958951 0.9661226339794754 0.44062704446978335 0.9476671094640822 0.3958743044469783 0.9393823283922463 0.39469461915621434 0.9618920615735462
0 0.3558969954389966 0.9931340547320411 0.3597455473204105 0.9707516727480046 0.3003898517673888 0.9688285381984036 0.29530640136830105 0.9863818597491447 0.3558969954389966 0.9931340547320411
0 0.28928900912200683 0.9537159156214368 0.2946359304446978 0.9311053899657925 0.23574586088939567 0.9202975724059292 0.22638920182440136 0.9400036396807298 0.28928900912200683 0.9537159156214368
0 0.2813406716077537 0.9862570285062714 0.2842238015963512 0.9709510057012544 0.2252095165336374 0.9625133728620296 0.21769381527936146 0.9811267901938427 0.2813406716077537 0.9862570285062714
0 0.10004342645381983 0.9797253375142531 0.1053448597491448 0.9692978779931586 0.10181979589509693 0.9685201356898517 0.05849971835803877 0.9555586123147092 0.053199899657924744 0.9772703717217788 0.10004342645381983 0.9797253375142531
0 0 0.5905521083238313 0.022927169897377423 0.5905857696693272 0.024066621436716076 0.568843732041049 0 0.5670526191562143 0 0.5905521083238313
0 0.15948292474344355 0.6226827833523375 0.1624470889395667 0.605800716077537 0.0853653717217788 0.6017610342075256 0.0840894503990878 0.6147620752565565 0.15948292474344355 0.6226827833523375
0 0.1632635017103763 0.5845799863169897 0.1638115245153934 0.5684506259977196 0.09995912884834664 0.5615400034207525 0.09793506157354619 0.5774715324971494 0.1632635017103763 0.5845799863169897
0 0.14527944127708095 0.553352228050171 0.14657609806157354 0.5342830182440137 0.1032901881413911 0.5320145005701254 0.10404608095781072 0.5516559783352337 0.14527944127708095 0.553352228050171
0 0.28998771721778793 0.6170520353477765 0.29457876624857465 0.6032217947548462 0.2622141425313569 0.5967722474344357 0.26037627708095784 0.6091508380843785 0.28998771721778793 0.6170520353477765