0 0.9788826282782211 0.2994727423033067 0.995087101482326 0.2855315621436716 0.9941026761687571 0.22913390307867731 0.9575176841505132 0.24669694868871153 0.9788826282782211 0.2994727423033067
0 0.6781256864310148 0.4709993614595211 0.7067620273660205 0.4461520535917902 0.6801789441277081 0.4187039988597492 0.6557158472063854 0.4446677069555302 0.6781256864310148 0.4709993614595211
0 0.382539606613455 0.6329327137970354 0.41691835575826686 0.6311465108323832 0.4234334150513113 0.5965884823261117 0.38443433181299885 0.595190771949829 0.382539606613455 0.6329327137970354
0 0.17628068985176737 0.7802439258836944 0.12665124287343216 0.757950433295325 0.11997548232611174 0.8367508175598631 0.17437403990877992 0.8408489327251996 0.17628068985176737 0.7802439258836944
0 0.11942409122006842 0.8536864583808439 0.11481120752565564 0.8953358084378563 0.1450286111744584 0.8930252770809578 0.15142971037628278 0.8519385541619157 0.11942409122006842 0.8536864583808439
0 0.9694423751425314 0.3703045347776511 0.9518200182440137 0.3124157708095781 0.9232024435575827 0.31944753705815276 0.935811212086659 0.3809884184720639 0.9694423751425314 0.3703045347776511
0 0.49267491448118583 0.6547654743443558 0.4872360182440137 0.6150715381984037 0.45118153021664764 0.6228285199543899 0.45686059179019384 0.666970503990878 0.49267491448118583 0.6547654743443558
0 0.4165438825541619 0.33779274230330675 0.42901160205245154 0.30432005245153937 0.39659146066134554 0.2823200125427594 0.377743126567845 0.3138256339794755 0.4165438825541619 0.33779274230330675
0 0.1271517354618016 0.6166076727480047 0.15709514937286204 0.6327109771949828 0.1773451961231471 0.6032608928164196 0.1496696180159635 0.581176472063854 0.1271517354618016 0.6166076727480047
0 0.08090176852907639 0.889987732041049 0.11377938996579248 0.7682704002280502 0.045192309007981754 0.747495496009122 0.014561880273660205 0.8620490798175598 0.08090176852907639 0.889987732041049
0 0.0012222941847206386 0.5736723420752565 0.008961728620296466 0.6091692394526796 0.053531332953249716 0.5454426237172177 0.02833091904218928 0.5292549669327252 0.0012222941847206386 0.5736723420752565