0 1 0.23718216761687572 0.9819730889395667 0.30085682896237176 1 0.30398739338654507 1 0.23718216761687572
0 0.9982935245153934 0.22540641619156215 0.9829009122006841 0.21754075598631697 0.9615636841505131 0.2883824891676169 0.9753387708095782 0.29692335575826684 0.9982935245153934 0.22540641619156215
0 0.7382077708095781 0.5931808175598631 0.7231495062713797 0.5910645165336373 0.7218753797035348 0.6257055678449259 0.7341277719498289 0.6280271140250855 0.7382077708095781 0.5931808175598631
0 0.7114105815279361 0.5921175860889395 0.6972206590649943 0.5880216180159635 0.6946066499429875 0.6236751083238312 0.7091267480045611 0.6269149452679589 0.7114105815279361 0.5921175860889395
0 0.6814611607753706 0.5879084697833523 0.6638216180159635 0.5827265256556442 0.660453488027366 0.662097393386545 0.6809221961231471 0.6613734161915622 0.6814611607753706 0.5879084697833523
0 0.5168210513112885 0.4107821505131129 0.4457315062713797 0.42540571379703535 0.45408621664766247 0.45119443899657924 0.5197432120866591 0.4358073808437857 0.5168210513112885 0.4107821505131129
0 0.3129659190421893 0.448769755986317 0.29528157012542755 0.45168696009122006 0.3182227981755986 0.5569684150513112 0.33507525541619154 0.5521339635119726 0.3129659190421893 0.448769755986317
0 0.2899503717217788 0.4527396202964652 0.2712139384264538 0.45670971037628283 0.2946516225769669 0.5584586955530216 0.3110904754846066 0.556567197263398 0.2899503717217788 0.4527396202964652
0 0.2436465062713797 0.513770566704675 0.2069048221208666 0.5179114743443558 0.21514557012542757 0.5700974846066135 0.2460954218928164 0.567244291904219 0.2436465062713797 0.513770566704675
0 0.07215959179019385 0.4665556453819841 0.024015664766248574 0.4723965245153934 0.027705003420752567 0.5143384697833523 0.07803223603192702 0.5100051824401368 0.07215959179019385 0.4665556453819841
0 0.3693171482326112 0 0.35913796807297604 0.03142155872291904 0.3705629327251996 0.03963055758266819 0.3842539794754846 0 0.3693171482326112 0
0 0.789918889395667 0.11597567502850627 0.7716925724059294 0.10501047434435574 0.7635362257696693 0.13748196579247435 0.7812409897377424 0.13937062257696695 0.789918889395667 0.11597567502850627