0 0.7929938118586088 0.2646259589509692 0.8645917126567845 0.3045239418472064 0.9008681505131129 0.21147006727480044 0.8348959954389966 0.17644872748004561 0.7929938118586088 0.2646259589509692
0 1 0.12538821208665907 0.9921633044469783 0.12217902394526796 0.9794446488027365 0.16249199657924743 1 0.1715463819840365 1 0.12538821208665907
0 0.8582423500570125 0.6871994287343216 0.9091953854047891 0.7054198540478906 0.9246480741163057 0.6747132428734322 0.8717054948688712 0.6505671220068415 0.8582423500570125 0.6871994287343216
0 0.7293716545039909 0.5248133272519954 0.7777607582668187 0.5492992405929304 0.8084376590649943 0.49713177879133413 0.7603036259977195 0.46759398289623716 0.7293716545039909 0.5248133272519954
0 0.49266303762827823 0.48139214937286207 0.5260346579247435 0.5016413101482327 0.5454927069555302 0.4343391151653364 0.5125518722919042 0.42162045952109467 0.49266303762827823 0.48139214937286207
0 0.473295149372862 0.15239040592930445 0.4947865370581528 0.08443898403648803 0.4687909350057013 0.07227399201824401 0.4470826567844926 0.141991834663626 0.473295149372862 0.15239040592930445
0 0.37450774572405926 0.05651000912200684 0.41012097263397945 0.058489928164196126 0.4148243683010262 0.020183849486887118 0.37824067844925885 0.011504475484606614 0.37450774572405926 0.05651000912200684
0 0.1769720205245154 0.599362488027366 0.2131761220068415 0.6014149566704675 0.20598656670467502 0.4841789737742303 0.17121024971493728 0.480806291904219 0.1769720205245154 0.599362488027366
0 0.057939815279361456 0.2838449156214367 0.100039661345496 0.2914085370581528 0.11449588255416192 0.20016046978335233 0.07172687913340936 0.1910207388825542 0.057939815279361456 0.2838449156214367
0 0.2777224572405929 0.396972921322691 0.31200497263397947 0.39520019498289627 0.3127926431014823 0.3498346020524515 0.27667134549600914 0.3519797628278222 0.2777224572405929 0.396972921322691
0 0.3909608700114025 0.7207522394526795 0.4776277263397948 0.7547237400228051 0.5007732132269099 0.6890707229190421 0.41170777080957816 0.6491201527936146 0.3909608700114025 0.7207522394526795
0 0.8097733922462941 0.8385771448118585 0.8666134663625997 0.8575204070695552 0.8768421014823262 0.8228837879133409 0.8207578415051311 0.805528850627138 0.8097733922462941 0.8385771448118585
0 0.9532856590649943 0.7503136750285062 0.9554901391106043 0.7128971870011402 0.920309330672748 0.7073826841505131 0.9162660684150513 0.7451716066134549 0.9532856590649943 0.7503136750285062
0 0 0.94094655986317 0.020598530216647662 0.9432766488027365 0.02940004218928164 0.893210473204105 0 0.888337709236032 0 0.94094655986317
0 0.37288910376282786 0.34225672177879135 0.4075543090079818 0.3471112816419612 0.4151785393386545 0.32053138198403647 0.3831899087799316 0.3070323283922463 0.37288910376282786 0.34225672177879135
0 0.21396000228050172 0.9454829304446979 0.24412034777651084 0.9432040661345497 0.24598236716077537 0.9183079167616875 0.21172464652223488 0.9191863740022804 0.21396000228050172 0.9454829304446979
0 0.5310999635119726 0.5674696020524516 0.5477586784492589 0.5826740581527936 0.5697376727480046 0.5288419931584949 0.5537347673888255 0.5193994709236032 0.5310999635119726 0.5674696020524516
0 0.7045524367160775 0.19155299201824402 0.7524245758266819 0.21537722006841503 0.7619288084378563 0.197102401368301 0.7094481231470924 0.17600246408209808 0.7045524367160775 0.19155299201824402