0 0.15462314139110603 0.9084219030786773 0.239061338654504 0.9108794834663626 0.2443283842645382 0.8530669122006841 0.15096910604332953 0.8509499532497149 0.15462314139110603 0.9084219030786773
0 0.1422028095781072 0.7391428529076397 0.14412085404789055 0.7800979692132269 0.18181025085518812 0.7836716818700115 0.18903812998859748 0.7360097514253136 0.1422028095781072 0.7391428529076397
0 0.008561199543899658 0.5957296966932725 0.012405396807297606 0.6323047936145952 0.054726017103762827 0.6396117377423033 0.06177683124287343 0.6044508620296465 0.008561199543899658 0.5957296966932725
0 0.2312358882554162 0.4047246966932725 0.23087885176738882 0.4638106966932725 0.2984458962371722 0.4619424709236032 0.297619685290764 0.40013398859749144 0.2312358882554162 0.4047246966932725
0 0.17234854389965792 0.38407479019384266 0.20637895096921322 0.3840770307867731 0.21092568072976053 0.3478124823261117 0.17145683352337512 0.34718937514253134 0.17234854389965792 0.38407479019384266
0 0.5732741812998859 0.3133071014823261 0.566639952109464 0.3694723090079818 0.6222733352337514 0.3733485838084379 0.6282833797035348 0.3140847719498289 0.5732741812998859 0.3133071014823261
0 0.8234730798175598 0.0013122417331812998 0.8195773568985177 0.038105387685290766 0.8706502508551881 0.04403366818700114 0.8723250581527936 0.011686086659064994 0.8234730798175598 0.0013122417331812998
0 0.45147495781071834 0.21099529988597493 0.44979192702394527 0.22906395667046753 0.5276337183580389 0.23124390307867732 0.5315610695553021 0.21748771265678452 0.45147495781071834 0.21099529988597493
0 0.4856379429874572 0.1781773283922463 0.4818116921322691 0.1928954070695553 0.5214448095781071 0.1979066339794755 0.5180828859749145 0.1801356989737742 0.4856379429874572 0.1781773283922463
0 0 0.08590571379703535 0.06938159635119726 0.08889731698973774 0.07034511402508552 0.04408706385404789 0 0.05105355530216648 0 0.08590571379703535
0 0.07391797263397946 0.16896487913340935 0.0696796818700114 0.20817897035347777 0.10640844925883695 0.2111183717217788 0.1095014298745724 0.1723828700114025 0.07391797263397946 0.16896487913340935
0 0.7673615849486887 0.18316117901938425 0.7639942953249715 0.2193017628278221 0.8128407069555302 0.2182621014823261 0.8159047787913342 0.17925155302166476 0.7673615849486887 0.18316117901938425
0 0.8095014709236031 0.42506277309007984 0.8677717571265678 0.4284812212086659 0.8731557035347777 0.40584758152793615 0.8142314663625998 0.40190241619156214 0.8095014709236031 0.42506277309007984