0 0.23141154047890536 0.6073958255416192 0.1313572976054732 0.615086015963512 0.1338916670467503 0.6713040581527936 0.2301495245153934 0.6610961003420753 0.23141154047890536 0.6073958255416192
0 0.0755543511972634 0.072630669327252 0.15142627251995439 0.08147351995438996 0.154853677309008 0.03889872862029647 0.08723968985176739 0.03588175940706955 0.0755543511972634 0.072630669327252
0 0.20708734435575826 0.21355620182440138 0.19053009350057012 0.16736881641961232 0.15741276966932724 0.1839620741163056 0.1744580148232611 0.22891472976054733 0.20708734435575826 0.21355620182440138
0 0.32383912314709234 0.13784406955530218 0.2724787993158495 0.17413821436716076 0.2858316989737742 0.20071305701254277 0.3383055324971494 0.16694554047890536 0.32383912314709234 0.13784406955530218
0 0.34102010832383123 0.33422361915621435 0.3467766009122007 0.35912761231470924 0.4052246590649943 0.33912773546180164 0.39289455416191565 0.3140067822120866 0.34102010832383123 0.33422361915621435
0 0.3350546077537058 0.3750379190421893 0.32328406955530214 0.3563128483466363 0.2759299030786773 0.37366073660205246 0.2826537662485747 0.40284514367160773 0.3350546077537058 0.3750379190421893
0 0.4125523728620296 0.6306656602052452 0.38211255416191564 0.6472066077537058 0.3940791345496009 0.6681903774230331 0.42606678221208666 0.6522919714937286 0.4125523728620296 0.6306656602052452
0 0.40694438768529073 0.6789726259977195 0.4156950433295325 0.6972607970353477 0.4461363204104903 0.6773302611174459 0.4378509954389966 0.6643608358038768 0.40694438768529073 0.6789726259977195
0 0.4234210763968073 0.7174266670467503 0.45854253021664765 0.6964906499429875 0.4485327890535918 0.6842665404789053 0.41369105017103763 0.7016051140250855 0.4234210763968073 0.7174266670467503
0 0.04093128962371722 0.9753709669327253 0.08954672748004562 0.9478964914481185 0.06833811402508552 0.9098564401368302 0.036950587229190424 0.9298713306727481 0.04093128962371722 0.9753709669327253
0 0.32769086659064994 0.9925592542759407 0.32199946864310147 0.9751938996579247 0.291219157354618 0.9844367525655645 0.291276921322691 0.998722015963512 0.32769086659064994 0.9925592542759407