0 0.036271980615735465 0.7334439475484607 0.021079467502850627 0.7484815347776511 0.025995596351197265 0.804673141391106 0.061266332953249715 0.7846008380843785 0.036271980615735465 0.7334439475484607
0 0.3243312018244014 0.5413554139110605 0.2974978779931585 0.5681397651083239 0.3259308859749145 0.5936666157354618 0.3485232542759407 0.5660596955530216 0.3243312018244014 0.5413554139110605
0 0.6079013489167617 0.35919748118586087 0.5737309441277081 0.3633774732041049 0.5696424002280502 0.39830578677309003 0.608643984036488 0.39697965450399086 0.6079013489167617 0.35919748118586087
0 0.8033819179019384 0.19785721664766248 0.8544455860889396 0.2166344275940707 0.8556082474344355 0.13756031927023946 0.8010563318129988 0.13726684036488027 0.8033819179019384 0.19785721664766248
0 0.8549769247434436 0.12062747092360318 0.856673259977195 0.07875779817559862 0.8266906396807298 0.08317055986316989 0.8231711972633979 0.12460371607753705 0.8549769247434436 0.12062747092360318
0 0.04074826111744583 0.6621261790193843 0.06236580729760548 0.7186446545039908 0.09042315963511974 0.709633755986317 0.07355223033067275 0.6491223283922464 0.04074826111744583 0.6621261790193843
0 0.4965113489167617 0.34510055416191565 0.5047059042189281 0.38431840022805014 0.5401314663625998 0.3740652793614595 0.5313870490307867 0.33042697491448114 0.4965113489167617 0.34510055416191565
0 0.5945678289623717 0.6559905245153933 0.584465417331813 0.6902513808437857 0.6183412303306728 0.7099363158494869 0.6349459293044469 0.6771926465222349 0.5945678289623717 0.6559905245153933
0 0.8638058848346637 0.35766779817559863 0.8328121014823261 0.34369246750285065 0.8146657172177879 0.3744833842645382 0.8438144104903078 0.3945834583808438 0.8638058848346637 0.35766779817559863
0 0.8908731596351197 0.08172744355758267 0.8665661984036488 0.20544170467502848 0.9364353888255416 0.2213816100342075 0.9590003500570126 0.10497040250855189 0.8908731596351197 0.08172744355758267
0 0.9924235860889397 0.3917141470923603 0.98222686659065 0.3568435929304447 0.9422111744583809 0.42352399201824403 0.9684793956670468 0.43791432497149374 0.9924235860889397 0.3917141470923603