0 0.4279886351197263 0.3488615210946408 0.48751970353477764 0.42430229418472065 0.5654347046750285 0.35976198517673885 0.507615708095781 0.287429590649943 0.4279886351197263 0.3488615210946408
0 0.10377833409350057 0.11482449942987458 0.11694443899657925 0.13915256784492588 0.15252418928164196 0.12463512542759407 0.134295755986317 0.09526503078677309 0.10377833409350057 0.11482449942987458
0 0.4651616727480045 0.533313526795895 0.489834669327252 0.566225102622577 0.555669905359179 0.5245502622576966 0.5309726442417332 0.4894002953249715 0.4651616727480045 0.533313526795895
0 0.323947181299886 0.6456599737742303 0.35550027251995436 0.6274225142531357 0.34380342645381984 0.6008851596351197 0.3055398620296465 0.615310779931585 0.323947181299886 0.6456599737742303
0 0.5153520957810719 0.8699645473204104 0.4993727331812999 0.9026655883694413 0.5562822109464083 0.928813197263398 0.5732221083238312 0.895597251995439 0.5153520957810719 0.8699645473204104
0 0.38961671721778796 0.7636881539338655 0.4200008164196123 0.7500865336374002 0.39626229532497154 0.7120002713797035 0.3647268312428734 0.7325429999999999 0.38961671721778796 0.7636881539338655
0 0.8862555473204106 0.9770614663625998 0.9380044127708096 0.9989546921322691 0.9470824196123147 0.9615604173318131 0.9025129521094641 0.9372239270239453 0.8862555473204106 0.9770614663625998
0 0.8446710034207526 0.8285254823261118 0.8162043500570125 0.8752309692132269 0.8483922405929304 0.8956716727480045 0.8786695210946408 0.8488358757126568 0.8446710034207526 0.8285254823261118
0 0.6430514732041049 0.9651302873432155 0.6622667069555302 0.9304352987457241 0.6108900855188141 0.9103824047890535 0.5904508038768529 0.9428664264538199 0.6430514732041049 0.9651302873432155
0 0.06507072862029646 0.9270316100342075 0.06195517217787913 0.949969770809578 0.113519496009122 0.9563010741163056 0.11702546636259976 0.9423761117445838 0.06507072862029646 0.9270316100342075
0 0.5786936510832383 0.3930651425313569 0.583821542759407 0.3805467651083238 0.5715552257696693 0.37325061801596354 0.562554181299886 0.3880939942987457 0.5786936510832383 0.3930651425313569
0 0.603568 0.4487097673888255 0.6142135974914482 0.43507582554161917 0.5880927776510833 0.4066477890535918 0.5758146773090079 0.4213973432155074 0.603568 0.4487097673888255
0 0.5799761995438997 0.47031601140250856 0.5875320057012543 0.45749911060433296 0.5620906328392247 0.43571748004561006 0.5520170034207526 0.4495523112884835 0.5799761995438997 0.47031601140250856
0 0.6185605096921323 0.4678813580387685 0.62619969327252 0.4592574344355759 0.617132850627138 0.44785339794754847 0.6044668643101482 0.45599234435575825 0.6185605096921323 0.4678813580387685
0 0.5411246704675028 0.48467101482326114 0.5491254629418472 0.4731020193842645 0.5384232337514253 0.4628242622576967 0.5276928996579248 0.47226348460661344 0.5411246704675028 0.48467101482326114
0 0.6435887035347776 0.590481307867731 0.6447280410490308 0.6055622554161915 0.6782625074116306 0.607715126567845 0.6779140410490309 0.5935010843785633 0.6435887035347776 0.590481307867731
0 0.12300657354618016 0.6938982212086658 0.12061151653363741 0.7085452006841505 0.18449629304446977 0.711987708095781 0.18369750969213225 0.6965691824401368 0.12300657354618016 0.6938982212086658
0 0.5199925963511972 0.7103701767388826 0.5117027445838085 0.7242933671607754 0.5258830604332954 0.7306044925883695 0.5326088791334094 0.7196881071835803 0.5199925963511972 0.7103701767388826
0 0.5321687958950969 0.6891553249714938 0.5235065096921323 0.7012397331813 0.53842551995439 0.7088427001140251 0.5421998757126568 0.6951679361459521 0.5321687958950969 0.6891553249714938
0 0.5338095188141392 0.6660486704675028 0.5300063557582668 0.6775348608893957 0.5424533546180159 0.6833466499429875 0.5473748027366021 0.6724968004561003 0.5338095188141392 0.6660486704675028
0 0.15499189395667046 0.6721277274800456 0.14808811516533638 0.6796471049030787 0.17594804789053595 0.6939111995438997 0.18182257696693274 0.6825943318129989 0.15499189395667046 0.6721277274800456
0 0.4989798449258837 1 0.5174123705815279 0.9652414355758268 0.48474978791334095 0.948679606613455 0.4624025689851768 0.9991385290763969 0.46941868757126565 1 0.4989798449258837 1