0 0.18737998061573546 0 0.1835405701254276 0.006298693272519954 0.3061155781071836 0.02103240250855188 0.3083242896237172 0 0.18737998061573546 0
0 0.7994674207525656 0.30016467160775373 0.754378692132269 0.4051128004561004 0.8067911915621437 0.42281605701254277 0.8539933112884834 0.31727929190421894 0.7994674207525656 0.30016467160775373
0 0.9935647742303307 0.3893999236031927 0.878006258836944 0.3520837297605473 0.841091621436716 0.4362452326111744 0.956236417331813 0.4655428472063854 0.9935647742303307 0.3893999236031927
0 0.7852051584948688 0.48482913112884835 0.7360997582668187 0.47558554846066137 0.7184027936145952 0.5826920832383125 0.7808744732041049 0.5992593033067274 0.7852051584948688 0.48482913112884835
0 0.8183516681870012 0.4566549612314709 0.8104978415051312 0.5667776556442418 0.8624887993158495 0.5686402668187002 0.8715458563283923 0.4594427502850627 0.8183516681870012 0.4566549612314709
0 0.5532372702394527 0.5854408175598632 0.6192959236031927 0.5972157594070696 0.6228524766248574 0.5558342462941848 0.5592769338654504 0.5497314070695553 0.5532372702394527 0.5854408175598632
0 0.680272236031927 0.46739472291904216 0.6082398380843785 0.4636196647662486 0.6021277229190422 0.5007115518814139 0.673799662485747 0.5113944002280502 0.680272236031927 0.46739472291904216
0 0.7658887514253135 0.23659987343215508 0.8312994481185861 0.26638120752565564 0.8479953956670467 0.2147686465222349 0.7861837502850627 0.19014524173318129 0.7658887514253135 0.23659987343215508
0 0.8903487879133409 0.07680711858608893 0.9200461915621436 0.021327515393386544 0.749659708095781 0.01239793842645382 0.7448146191562143 0.013938663625997721 0.8903487879133409 0.07680711858608893
0 0.5606394880273661 0.14887054047890536 0.6969508643101482 0.21160456328392246 0.756397038768529 0.07691552337514253 0.6374527571265678 0.006517420752565565 0.5606394880273661 0.14887054047890536
0 0.7370433033067275 0.12248695781071836 0.7008251413911061 0.20586821550741163 0.7596069190421892 0.2315203968072976 0.7996351094640821 0.14927134093500571 0.7370433033067275 0.12248695781071836
0 0.8628064538198403 0.21613942645381987 0.8802965655644241 0.18343809806157355 0.7989179566704674 0.15161045153933866 0.7871181790193843 0.18366025883694412 0.8628064538198403 0.21613942645381987