0 0.5973238403648803 0 0.5913375644241733 0.03961701596351198 0.6252632976054732 0.041256611174458384 0.6312067058152793 0 0.5973238403648803 0
0 0.5018962690992018 0.8210576727480046 0.4220590684150513 0.7509431117445837 0.3875785929304447 0.7900687480045611 0.4705853694412771 0.8624861425313569 0.5018962690992018 0.8210576727480046
0 0.0272001755986317 0.7110860068415051 0.055366879133409354 0.7206522269099203 0.07680215393386546 0.661149244013683 0.035168144811858607 0.6551192485746864 0.0272001755986317 0.7110860068415051
0 0.14087001596351198 1 0.1548162086659065 0.9854392668187001 0.12426559179019385 0.9608216020524515 0.09697844697833524 0.9833773261117446 0.11075447206385404 1 0.14087001596351198 1
0 0.1597626510832383 0.9369639737742304 0.1886336921322691 0.9155590182440136 0.1604544196123147 0.8793448084378563 0.13813934435575828 0.9067243044469784 0.1597626510832383 0.9369639737742304
0 0.06760891448118586 0.8688017423033068 0.05566007753705815 0.88191521322691 0.0775671630558723 0.9050970342075256 0.09175161915621437 0.8972391653363739 0.06760891448118586 0.8688017423033068
0 0.0920910969213227 0.8551048152793614 0.07834001368301027 0.8656988893956671 0.09837609578107183 0.8947867377423033 0.11601723717217788 0.8821749076396806 0.0920910969213227 0.8551048152793614
0 0.1518108882554162 0.8779089646522235 0.1198116134549601 0.8352852987457241 0.10534183694412771 0.850201259977195 0.13006621094640822 0.8911707309007982 0.1518108882554162 0.8779089646522235
0 0.9903797525655644 0.6903863648802736 0.9629605176738883 0.5881244766248575 0.9483409030786774 0.5932448426453819 0.9777778939566705 0.6993967890535918 0.9903797525655644 0.6903863648802736
0 0.528752945267959 0.6540913557582668 0.5258938255416191 0.698026409350057 0.5798430741163056 0.7021058631698974 0.5838542576966932 0.656585126567845 0.528752945267959 0.6540913557582668
0 0.5271988403648803 0.11289646408209807 0.5365356841505131 0.056712897377423035 0.5160772554161915 0.05153707867730901 0.5128645461801596 0.1109587354618016 0.5271988403648803 0.11289646408209807
0 0.5003324994298746 0.11154040364880273 0.5048455689851767 0.06032890535917902 0.49122996921322687 0.05406928848346636 0.4809578677309008 0.11320741163055872 0.5003324994298746 0.11154040364880273
0 0.9159815895096921 0 0.9091657628278221 0.0005005188141391105 0.9248927696693272 0.055519205245153934 0.9336842725199543 0.04991871037628278 0.9257779258836945 0 0.9159815895096921 0
0 0.37914085632839223 0.7899022759407069 0.4607754446978335 0.7168575108323831 0.4043738392246294 0.6644732280501711 0.3269260171037628 0.7398606316989738 0.37914085632839223 0.7899022759407069
0 0.5386387137970353 0.9161319737742303 0.5876450695553022 0.8572706989737743 0.5245243489167617 0.8032454389965792 0.47401970581527936 0.8536257457240592 0.5386387137970353 0.9161319737742303
0 0.5775106681870011 0.842646330672748 0.6271859429874572 0.8335746556442417 0.6008659749144812 0.7319407229190422 0.5529712736602053 0.7437345564424174 0.5775106681870011 0.842646330672748