0 1 0.7912945541619156 0.9866528015963512 0.7686195245153934 0.9196262497149372 0.8071654823261117 0.9400236282782212 0.8359341938426453 1 0.8032299156214368 1 0.7912945541619156
0 0.7753562428734322 0.9111319885974914 0.7736234720638541 0.9479459612314709 0.8229401721778791 0.9494573717217788 0.8273745370581528 0.9144121436716077 0.7753562428734322 0.9111319885974914
0 0.7279363295324972 0.8140713591790193 0.7241326784492588 0.8343080125427594 0.7712284777651084 0.8447579817559864 0.7775804218928164 0.8174179612314709 0.7279363295324972 0.8140713591790193
0 0.8129828483466363 0.4471343318129989 0.8395091824401368 0.46980921208665904 0.8752964047890536 0.44486052679589505 0.8433769407069555 0.4193137069555302 0.8129828483466363 0.4471343318129989
0 0.9505513740022805 0.40142490649942986 0.937261574686431 0.3886064549600912 0.9025437263397947 0.4237880353477765 0.914375984036488 0.43824623717217787 0.9505513740022805 0.40142490649942986
0 0.9838962462941848 0.440591110604333 0.9536853055872292 0.4108622736602052 0.9373970239452679 0.4302979407069555 0.9616167206385404 0.4569996271379704 0.9838962462941848 0.440591110604333
0 0.7899594469783353 0.012673100342075257 0.7622645039908781 0.02502238654503991 0.775977189281642 0.062157473204104904 0.8148378152793614 0.04308885860889396 0.7899594469783353 0.012673100342075257
0 0.11024410832383125 0.4344843865450399 0.15089760889395665 0.4159767537058153 0.11462242987457241 0.3450177867730901 0.07811082896237172 0.36266706499429874 0.11024410832383125 0.4344843865450399
0 0.46323789167616874 0.9931120034207527 0.45904442987457245 0.9569953135689852 0.4097292645381984 0.9554823147092361 0.40833342759407065 0.9946782690992019 0.46323789167616874 0.9931120034207527
0 0.10627922348916762 0.6154999030786773 0.07334329532497148 0.6338728255416192 0.08629338768529075 0.6613400615735462 0.1199401778791334 0.6496713785632839 0.10627922348916762 0.6154999030786773
0 0.08649976966932725 0.8092480490307868 0.09151620752565565 0.858402361459521 0.12883394298745723 0.8530049429874572 0.11820999885974914 0.8057972280501711 0.08649976966932725 0.8092480490307868
0 0.7961863922462942 0 0.790409732041049 0.004359288483466363 0.8191930547320411 0.037352599771949824 0.8717475917901939 0 0.7961863922462942 0
0 0.13394029646522235 0.4311046921322691 0.15155659749144812 0.48775118472063855 0.21532860889395666 0.467058496009122 0.1852056259977195 0.40825807183580387 0.13394029646522235 0.4311046921322691