0 0.12647031242873433 0.6798484378563284 0.15170468757126568 0.6482703124287342 0.12142343785632839 0.6292656248574686 0.09589218700114024 0.66015 0.12647031242873433 0.6798484378563284
0 0.12676718700114026 0.5087 0.16654687457240594 0.539128125427594 0.21998593728620297 0.47603437514253133 0.17248437514253137 0.4433703124287343 0.12676718700114026 0.5087
0 0.11370312542759407 0.4113 0.1425015621436716 0.43225312542759403 0.16239218700114025 0.39823281299885976 0.13389218700114025 0.38160312542759406 0.11370312542759407 0.4113
0 0 0.42080156214367165 0.020484375142531357 0.43492499999999995 0.04245312542759407 0.41011093728620296 0.016921874572405928 0.3875421870011403 0 0.40476562485746864 0 0.42080156214367165
0 0.998753125427594 0.9131578129988597 0.953271874572406 0.8840546875712657 0.9223968745724059 0.9327562497149373 0.985928125427594 0.9710843751425313 0.998753125427594 0.9386953124287343 0.998753125427594 0.9131578129988597
0 0.998753125427594 0.6862812497149373 0.998753125427594 0.6583671870011403 0.9752406248574687 0.6310468745724058 0.952975 0.6647062497149372 0.993053125427594 0.696971874572406 0.998753125427594 0.6862812497149373
0 0.8998343751425314 0.5182031254275941 0.9262562497149373 0.5400187502850627 0.9615828129988597 0.4956343751425314 0.9324906248574686 0.47128437514253135 0.8998343751425314 0.5182031254275941
0 0.520425 0.42555312542759405 0.5453625005701255 0.44158906271379705 0.5839562497149373 0.37625781299885974 0.5560499999999999 0.35844062485746864 0.520425 0.42555312542759405
0 0.08520312542759406 0.998753125427594 0.12825 0.998753125427594 0.13626718700114024 0.9773 0.10182968757126568 0.9666093751425313 0.08520312542759406 0.998753125427594
0 0.37792343785632837 0.6738093751425314 0.3972203124287343 0.6869718745724059 0.4438296875712657 0.6334234378563284 0.43136093728620295 0.6239203124287344 0.37792343785632837 0.6738093751425314
0 0.46698750057012545 0.5128578129988597 0.4951906248574686 0.5355656248574686 0.51805 0.5045437502850627 0.487175 0.4837562497149373 0.46698750057012545 0.5128578129988597
0 0.4675812497149373 0.3548765621436716 0.48272187457240595 0.3449718745724059 0.44264375028506275 0.3091453124287343 0.43076875028506273 0.32577500000000004 0.4675812497149373 0.3548765621436716
0 0.08371875028506272 0.18198437514253138 0.1594234378563284 0.12503281299885977 0.13448437514253136 0.07870624971493728 0.06086093728620297 0.13869218700114025 0.08371875028506272 0.18198437514253138