0 0.8507456282782212 0.4874326818700114 0.7301832462941847 0.5206292086659065 0.7437807936145951 0.5647369475484606 0.8568876921322691 0.530404637400228 0.8507456282782212 0.4874326818700114
0 0.6245599452679589 0.680962189281642 0.5921366624857469 0.6894610296465222 0.6071210456100342 0.7382155803876853 0.645220086659065 0.7313062383124288 0.6245599452679589 0.680962189281642
0 0.5186120581527935 0.6947015632839225 0.4820938198403649 0.6907442793614595 0.4785728221208666 0.7321775689851767 0.5164959179019385 0.7300517651083238 0.5186120581527935 0.6947015632839225
0 0.1418039874572406 0.8915745233751425 0.13215427366020524 0.9314579452679589 0.16881258950969213 0.9416595952109464 0.17680054275940707 0.8968554059293045 0.1418039874572406 0.8915745233751425
0 0.5983673272519955 0.2693160877993159 0.609474905359179 0.3023173283922463 0.6389593158494868 0.28543334435575823 0.6287420330672747 0.2571223568985177 0.5983673272519955 0.2693160877993159
0 0.7761786191562144 0.05707366590649943 0.7793138437856328 0.10239318015963511 0.8197318369441277 0.1057112725199544 0.8176149384264538 0.04748827708095781 0.7761786191562144 0.05707366590649943
0 0.9028879543899657 0.8792259452679589 0.8697526590649943 0.8952373044469784 0.8846247491448119 0.9291012291904219 0.9154990011402508 0.9144781527936146 0.9028879543899657 0.8792259452679589
0 0.8953297844925884 0.7752844663625998 0.9101559521094641 0.7921658950969214 0.9740533420752565 0.7466423899657925 0.9627669281641961 0.7333253911060433 0.8953297844925884 0.7752844663625998
0 0.9533734914481187 0.6667971721778791 0.9590149578107183 0.7071308437856327 0.9730023318129989 0.7073971527936146 0.9680949988597491 0.6649131904218928 0.9533734914481187 0.6667971721778791
0 0.6791283432155074 0.09119324059293045 0.6856412953249715 0.03191408665906499 0.6335121436716078 0.03260067958950969 0.6252949407069555 0.08159705245153934 0.6791283432155074 0.09119324059293045
0 0.6864202497149372 0.20856685176738882 0.6145354367160776 0.21724002964652225 0.6171523671607754 0.25396419498289624 0.6944594230330673 0.24600866818700115 0.6864202497149372 0.20856685176738882
0 0.8755875724059293 0.18605667388825542 0.7974318380843786 0.1911063614595211 0.8044655313568985 0.2238680022805017 0.883397496009122 0.22769067388825542 0.8755875724059293 0.18605667388825542