0 0.5198973546180159 0.8009579019384264 0.5133806579247435 0.7389556773090079 0.48008536602052454 0.7460372770809578 0.48862181071835803 0.8102152987457241 0.5198973546180159 0.8009579019384264
0 0.44505970923603194 0.8673316681870011 0.4301505963511973 0.7936740912200685 0.3893333363740023 0.7973671368301026 0.40004395781071833 0.8708705438996579 0.44505970923603194 0.8673316681870011
0 0.5262038928164197 1 0.6741475518814138 0.9844504948688712 0.6617640456100342 0.8779898460661345 0.49090429874572405 0.9114704629418472 0.5059092805017104 1 0.5262038928164197 1
0 0.4714571425313569 0.33439980387685286 0.4589434971493729 0.2551172668187001 0.42403276510832383 0.2581895131128848 0.4398714424173318 0.340706267958951 0.4714571425313569 0.33439980387685286
0 0.4066855644241733 0.26359489965792476 0.4423428449258837 0.2562650456100342 0.43477106499429874 0.18422436602052453 0.39693782326111743 0.19357241391106042 0.4066855644241733 0.26359489965792476
0 0.3893604971493729 0.48512096807297606 0.3776854424173318 0.40813680387685286 0.27309921778791335 0.4585341858608894 0.2795891117445838 0.5032256316989737 0.3893604971493729 0.48512096807297606
0 0.07540146864310149 0.3843852189281642 0.06216963283922463 0.3266709076396807 0.014293436716077537 0.3370760843785633 0.022428911060433297 0.391743921322691 0.07540146864310149 0.3843852189281642
0 0.03943267388825542 0.05920580387685291 0.051010404789053596 0.1523197502850627 0.08609508095781072 0.13997540592930444 0.07272796579247434 0.05212420410490308 0.03943267388825542 0.05920580387685291
0 0.329228472063854 0.2084517913340935 0.2966476419612315 0.21665076738882555 0.30282248802736605 0.26973518472063857 0.34079504675028505 0.26275900456100343 0.329228472063854 0.2084517913340935
0 0.09036531812998859 0.8335661060433295 0.0518145062713797 0.8417971037628279 0.06420930672748004 0.8972128802736602 0.10131330672748005 0.8897309692132268 0.09036531812998859 0.8335661060433295
0 0.28503173204104904 0.65728348004561 0.2612813295324971 0.6585841356898519 0.26851459863169896 0.710363267958951 0.29142608323831243 0.7067611322690992 0.28503173204104904 0.65728348004561