0 0.40048593728620296 0.11330937514253135 0.40048593728620296 0.16491562485746863 0.449175 0.163135937286203 0.44086093728620296 0.10975 0.40048593728620296 0.11330937514253135
0 0.8193796875712657 0.17375312542759408 0.780489062713797 0.26338281299885974 0.8167078129988598 0.27583906271379705 0.8535218745724059 0.18389687457240592 0.8193796875712657 0.17375312542759408
0 0.732989062713797 0.0634812497149373 0.7769265621436716 0.05695781299885975 0.7721765621436716 0.006537500570125428 0.7389265621436716 0.010096874572405929 0.732989062713797 0.0634812497149373
0 0.6109718745724059 0.042993750285062714 0.618989062713797 0.08127812542759408 0.6617375005701255 0.07237968757126567 0.6516453124287342 0.033823437856328395 0.6109718745724059 0.042993750285062714
0 0.6457062497149374 0.7195343751425314 0.6932062497149373 0.7124156248574687 0.6843015621436717 0.636489062713797 0.6368 0.648353125427594 0.6457062497149374 0.7195343751425314
0 0.2918296875712657 0.9983265621436715 0.2971734378563284 0.9022312497149373 0.24848593728620297 0.895114062713797 0.24789218700114024 0.9935812497149373 0.2918296875712657 0.9983265621436715
0 0.345860937286203 0.6406406248574686 0.37732968757126567 0.6406406248574686 0.38505 0.5896281254275941 0.34407968757126567 0.590814062713797 0.345860937286203 0.6406406248574686
0 0.45214375028506276 0.654878125427594 0.4889562497149373 0.6554703124287342 0.4877687502850627 0.6169156248574686 0.45214375028506276 0.6169156248574686 0.45214375028506276 0.654878125427594
0 0.03295312542759407 0.583103125427594 0 0.5873812497149373 0.012765624857468644 0.6246265621436716 0.03770312542759407 0.6169156248574686 0.03295312542759407 0.583103125427594
0 0.639471874572406 0.2502515621436716 0.6368 0.263975 0.6914265621436716 0.26278906271379704 0.6926140627137971 0.24558593728620298 0.639471874572406 0.2502515621436716
0 0.6350203124287344 0.2751578129988597 0.6368 0.29126093728620295 0.6961765621436715 0.28888906271379705 0.6961765621436715 0.27168593728620294 0.6350203124287344 0.2751578129988597
0 0.8184906248574687 0.0999234378563284 0.8072078129988597 0.13585 0.8398640627137971 0.14296718700114025 0.8505531254275941 0.10856406271379704 0.8184906248574687 0.0999234378563284
0 0.9654437502850627 0.7617265621436715 0.959803125427594 0.8025796875712657 0.998753125427594 0.8108828129988598 0.998753125427594 0.7563109372862029 0.9654437502850627 0.7617265621436715
0 0.9013171870011402 0.562475 0.8986453124287344 0.6068312497149373 0.957428125427594 0.6145421870011402 0.9586156248574687 0.5664937502850628 0.9013171870011402 0.562475
0 0.6908328129988597 0.58785 0.6908328129988597 0.6252187502850627 0.7300203124287343 0.616321874572406 0.7294265621436716 0.5819171870011403 0.6908328129988597 0.58785
0 0.4640187502850627 0.5344625005701255 0.4883625005701254 0.5398015621436716 0.506175 0.5077703124287344 0.477675 0.49887343785632837 0.4640187502850627 0.5344625005701255