0 0.26837568301026227 0.1603121961231471 0.2928943397947548 0.19210708095781073 0.3429228950969213 0.16675699315849485 0.3182596932725199 0.13633734549600912 0.26837568301026227 0.1603121961231471
0 0.6969442189281643 0.019197703534777653 0.6547705610034208 0.02283427708095781 0.6829902976054731 0.059192592930444696 0.7077826157354619 0.035362929304446976 0.6969442189281643 0.019197703534777653
0 0.47933636031927024 0.20753006727480047 0.5145199635119726 0.2571404652223489 0.5367783272519955 0.24417576282782213 0.5100065564424173 0.194055913340935 0.47933636031927024 0.20753006727480047
0 0.7839435553021665 0.10597793956670468 0.8125974116305587 0.1382058802736602 0.8431906431014824 0.11220505929304446 0.8222950353477765 0.07244211060433295 0.7839435553021665 0.10597793956670468
0 0.9230214834663626 0.08163845724059292 0.8829524458380844 0.0387479566704675 0.8365005997719499 0.04332687457240593 0.8968508187001141 0.10532325085518815 0.9230214834663626 0.08163845724059292
0 0.9031852622576967 0.19085863968072975 0.9420612098061574 0.21859767730900798 0.9622094515393387 0.18593261231470926 0.9311682269099202 0.16318989623717217 0.9031852622576967 0.19085863968072975
0 0.9328413683010263 0.43884831014823256 0.9657730855188141 0.4701370148232611 0.9949811174458381 0.417553590649943 0.9703943922462942 0.39966527137970354 0.9328413683010263 0.43884831014823256
0 0.8920397548460661 0.5222135005701254 0.9172831721778791 0.5471277012542759 0.935910078677309 0.5156931664766249 0.9087112063854047 0.49613987115165337 0.8920397548460661 0.5222135005701254
0 0.8999268745724059 0.7122618472063854 0.9332754047890536 0.686549047890536 0.8993310672748005 0.6648947730900798 0.8742494994298746 0.6914764663625997 0.8999268745724059 0.7122618472063854
0 0.6889730513112885 0.6914817069555301 0.6567105074116305 0.7200910775370581 0.7124862690992019 0.7593456488027366 0.7369142531356899 0.725738401368301 0.6889730513112885 0.6914817069555301
0 0.7984599133409349 0.6570752177879133 0.7476173147092361 0.6239055758266819 0.7292798209806157 0.652586527936146 0.7756995256556443 0.6880753055872292 0.7984599133409349 0.6570752177879133
0 0.3176117354618016 0.6594069201824401 0.2778593033067275 0.6134891790193842 0.2489321128848347 0.6368826795895097 0.28469560661345494 0.6809907366020524 0.3176117354618016 0.6594069201824401
0 0.8975656157354618 0.5756651744583808 0.9307851938426455 0.6042001334093501 0.9486920022805017 0.5796467742303306 0.9231577810718358 0.5574844378563284 0.8975656157354618 0.5756651744583808
0 0.7992718540478905 0.48368052679589507 0.8553189099201824 0.5354963295324972 0.8662240695553022 0.5169596830102623 0.8108302497149372 0.478794755986317 0.7992718540478905 0.48368052679589507
0 0.8168036738882554 0.498645078677309 0.8021005404789053 0.48516873204104904 0.7689468255416191 0.5109114355758266 0.785421614595211 0.5245724184720638 0.8168036738882554 0.498645078677309