0 0.620653125427594 0.4948703124287343 0.6191656248574686 0.5718328129988597 0.6542421870011402 0.5712406248574686 0.6578093751425313 0.4970937502850627 0.620653125427594 0.4948703124287343
0 0.6447296875712657 0.4228187502850627 0.6441343751425314 0.46031562485746863 0.719635937286203 0.46090937514253133 0.7237984378563284 0.4247265621436716 0.6447296875712657 0.4228187502850627
0 0.7778968745724059 0.415235937286203 0.8522078129988597 0.4199796875712657 0.8539921870011402 0.40633749942987457 0.7796796875712657 0.3992187502850627 0.7778968745724059 0.415235937286203
0 0.8132703124287344 0.8738062497149373 0.8040546875712657 0.9046046875712657 0.858153125427594 0.9224 0.8682593751425314 0.8891812497149373 0.8132703124287344 0.8738062497149373
0 0.2327453124287343 0.7181406248574687 0.2297734378563284 0.7586843751425314 0.310625 0.7574968745724059 0.3165687502850627 0.7219062497149372 0.2327453124287343 0.7181406248574687
0 0.17507812542759407 0.981125 0.21134375028506272 0.981125 0.21847656214367162 0.9461265621436716 0.1780515621436716 0.9455343751425314 0.17507812542759407 0.981125
0 0.26038749942987455 0.46818437514253136 0.25355156214367164 0.5190406248574686 0.2868437502850627 0.5196343751425314 0.292789062713797 0.4680281254275941 0.26038749942987455 0.46818437514253136
0 0.19261718700114025 0.2920593751425314 0.18934687457240593 0.34168124971493724 0.2238281254275941 0.34464687457240595 0.2291765621436716 0.2966 0.19261718700114025 0.2920593751425314
0 0 0.3060906248574687 0.06093593728620297 0.31083750057012544 0.06093593728620297 0.2728734378563284 0 0.2710937502850627 0 0.3060906248574687
0 0.03418281299885975 0.5481062497149373 0.03834531242873432 0.4646265621436716 0.0020812497149372863 0.46328281299885976 0 0.5415812497149373 0.03418281299885975 0.5481062497149373
0 0.19796562485746863 0.0999234378563284 0.19469687457240592 0.14059531242873433 0.2428515621436716 0.14118750057012544 0.24225781299885976 0.103225 0.19796562485746863 0.0999234378563284
0 0.29457187457240597 0.22601250057012542 0.3361874994298746 0.22245312542759405 0.3361874994298746 0.15779687457240593 0.29932812542759407 0.15661093728620296 0.29457187457240597 0.22601250057012542
0 0 0.07119375028506272 0.04369531242873432 0.07323749942987458 0.04607343785632839 0.0017921870011402509 0 0 0 0.07119375028506272
0 0.42417187457240596 0.07178750057012544 0.4663812497149373 0.07475156214367161 0.4663812497149373 0.04034843785632839 0.42952343785632835 0.03916249942987457 0.42417187457240596 0.07178750057012544
0 0.7047734378563284 0.788935937286203 0.6370015621436715 0.7865625005701253 0.6370015621436715 0.803171874572406 0.7018015621436716 0.8019843751425313 0.7047734378563284 0.788935937286203