0 0.3883858597491448 0.16623993614595212 0.39841420752565565 0.11430999657924742 0.34288817787913345 0.10431323489167617 0.33668171037628275 0.15678364082098062 0.3883858597491448 0.16623993614595212
0 0.3016723249714937 0.29622054047890534 0.3346117913340935 0.28941145153933867 0.32515331128848346 0.2523442109464082 0.2874298358038768 0.2608919464082098 0.3016723249714937 0.29622054047890534
0 0.7612095450399088 0.10863285860889396 0.7707262554161916 0.09029742303306727 0.726813189281642 0.06770760091220068 0.7181049543899658 0.08283627936145953 0.7612095450399088 0.10863285860889396
0 0.6851081824401368 0.24751124287343215 0.7036485347776511 0.21015796351197263 0.6281912098061573 0.17229391790193843 0.6099688221208667 0.2019363819840365 0.6851081824401368 0.24751124287343215
0 0.689195425313569 0.2824337080957811 0.7321871516533638 0.29946407981755985 0.7551458312428734 0.2531921744583808 0.7164110524515394 0.23586312086659064 0.689195425313569 0.2824337080957811
0 0.5162471505131129 0.33441391220068417 0.5444192212086659 0.35390945496009124 0.5787351676168757 0.3118409692132269 0.5478481402508553 0.2867138802736602 0.5162471505131129 0.33441391220068417
0 0.6516968289623718 0.5116094811858609 0.6752243580387685 0.4997012006841505 0.6704649372862029 0.45762614823261116 0.6351085803876853 0.475909354618016 0.6516968289623718 0.5116094811858609
0 0.5767211584948688 0.8635306237172178 0.5404121881413911 0.8764218620296466 0.5677653192702394 0.9276566191562143 0.6010305199543899 0.9074143523375142 0.5767211584948688 0.8635306237172178
0 0.3851462907639681 0.7598271368301026 0.4118614709236032 0.7315883329532498 0.3720321117445838 0.6907960524515393 0.34003714937286206 0.7220159315849487 0.3851462907639681 0.7598271368301026
0 0.5431401539338654 0.4986238517673888 0.5471701858608894 0.465588189281642 0.509051590649943 0.4595507970353478 0.5082086966932725 0.49144124971493724 0.5431401539338654 0.4986238517673888
0 0.9317249315849486 0.9624520855188141 0.9162773785632838 0.9058860102622577 0.8070826396807297 0.9348941391106043 0.8267772086659065 0.9927324458380844 0.9317249315849486 0.9624520855188141
0 0.11484165678449258 0.1511768061573546 0.17549413911060432 0.21610336031927024 0.228618496009122 0.15777225085518815 0.15668885860889398 0.09761528164196123 0.11484165678449258 0.1511768061573546