0 0.5661000741163056 0.9051737297605473 0.5339321573546181 0.865393141391106 0.4887690581527936 0.8976253169897377 0.5224474925883694 0.9388907069555302 0.5661000741163056 0.9051737297605473
0 0.6063271949828963 0.9643916259977194 0.5826464823261118 0.9345472417331813 0.5393057844925884 0.9691214059293045 0.5688870421892817 0.9967968574686431 0.6063271949828963 0.9643916259977194
0 0.864092023945268 0.6602935689851767 0.8259253933865451 0.617057771949829 0.7948651858608894 0.6407378278221209 0.8280717537058153 0.688901566704675 0.864092023945268 0.6602935689851767
0 0.7181692246294186 0.635550566704675 0.6528013443557583 0.5649056351197264 0.601834661345496 0.6049512246294185 0.6684536704675029 0.6792311265678449 0.7181692246294186 0.635550566704675
0 0.7412944378563284 0.5995493055872292 0.7072730877993159 0.5556488745724059 0.6796920216647663 0.5745221664766248 0.7128300809578106 0.6188505792474344 0.7412944378563284 0.5995493055872292
0 0.8070557058152794 0.6927314298745725 0.7834474754846066 0.6670395381984037 0.7499194777651084 0.6854243580387686 0.7732790091220069 0.7138788232611174 0.8070557058152794 0.6927314298745725
0 0.46974239794754846 0.4880106168757127 0.515799393386545 0.47296858380843787 0.5003885188141391 0.44060761117445835 0.4519982816419612 0.45806260775370583 0.46974239794754846 0.4880106168757127
0 0.47741892018244014 0.38346071949828964 0.4620391322690992 0.3528807263397948 0.4077640558722919 0.37340452109464084 0.430255322690992 0.4031477742303307 0.47741892018244014 0.38346071949828964
0 0.1695179361459521 0.570969141391106 0.16234584150513115 0.5343121664766248 0.12925461459521095 0.5437880057012543 0.14023238426453818 0.5772452633979476 0.1695179361459521 0.570969141391106
0 0.20044470353477767 0.23345455188141392 0.17679348916761686 0.2053896111744584 0.15164918129988597 0.22778028620296464 0.17204418472063854 0.25641308095781074 0.20044470353477767 0.23345455188141392
0 0.6992709190421892 0.9817534287343215 0.7304002485746864 0.9960545131128848 0.7705794982896237 0.9674770615735462 0.747830369441277 0.9399714606613455 0.6992709190421892 0.9817534287343215
0 0.6605177822120867 0.8708956921322691 0.685917354618016 0.897150157354618 0.7252688882554162 0.8721845769669327 0.7081073055872291 0.8415888027366021 0.6605177822120867 0.8708956921322691
0 0.2360221174458381 0.4345439543899658 0.24210362143671607 0.44274219156214367 0.26393445153933864 0.4346490216647662 0.2586687457240593 0.42215620524515396 0.2360221174458381 0.4345439543899658
0 0.2678276784492588 0.45356520638540476 0.26294382668187 0.4459383420752565 0.24227961801596354 0.45282503078677305 0.24869700342075257 0.4632552451539339 0.2678276784492588 0.45356520638540476
0 0.2782718825541619 0.47355472405929305 0.273377669327252 0.4653342006841505 0.24859924059293045 0.4746649395667047 0.2544746134549601 0.48806444127708093 0.2782718825541619 0.47355472405929305
0 0.28339385062713796 0.49482325997719495 0.2767186590649943 0.4866338232611175 0.2554607913340935 0.4935308745724059 0.26190901710376285 0.505728007981756 0.28339385062713796 0.49482325997719495