0 1 0.21299743329532494 0.9790229464082097 0.21259531584948688 0.9785952554161915 0.250182740022805 1 0.24827943557582668 1 0.21299743329532494
0 1 0.3333142736602053 0.9794778266818701 0.3339348859749145 0.9893521117445838 0.3672128700114025 1 0.36803205017103763 1 0.3333142736602053
0 1 0.3938222143671608 0.9943970798175599 0.39432037742303305 0.9957340091220068 0.4516402497149373 1 0.45216404675028504 1 0.3938222143671608
0 0.772333969213227 0.5204037491448119 0.7324429338654503 0.5838164857468643 0.8083468437856328 0.636352189281642 0.8492745096921324 0.575856275940707 0.772333969213227 0.5204037491448119
0 0.5904604036488027 0.7852552873432156 0.548040007981756 0.8692680091220067 0.5970904401368301 0.9017787080957811 0.6344892417331812 0.8018147970353479 0.5904604036488027 0.7852552873432156
0 0 0.6135596259977195 0.03541159064994299 0.6334585085518813 0.0735117172177879 0.5391550718358039 0 0.5018414994298745 0 0.6135596259977195
0 0.7054331858608893 0.34907982212086663 0.6903842269099202 0.3806908141391106 0.716030621436716 0.39917440935005705 0.735204849486887 0.36806993614595207 0.7054331858608893 0.34907982212086663
0 0.6445642919042189 0.3332421550741163 0.6212663443557583 0.36384029874572404 0.6629078688711516 0.38847058950969215 0.6819133842645382 0.35874017331813 0.6445642919042189 0.3332421550741163
0 0.7556339395667047 0.2130478551881414 0.739042401368301 0.24586263968072974 0.7822547217787913 0.28044447662485744 0.8045158483466363 0.24693105815279362 0.7556339395667047 0.2130478551881414
0 0.8632423261117447 0.1551602212086659 0.835039716077537 0.1461230125427594 0.8246237172177879 0.17411854618015965 0.8401129007981756 0.18438585860889398 0.8632423261117447 0.1551602212086659
0 0.7079201060433294 0.09008363283922462 0.7263541402508551 0.11047120410490308 0.750328109464082 0.07438012884834665 0.7200489475484607 0.0595104401368301 0.7079201060433294 0.09008363283922462
0 0.678537077537058 0.09066016533637401 0.7099966590649942 0.09591611174458381 0.7136799623717218 0.054545687571265676 0.677253669327252 0.05564903876852907 0.678537077537058 0.09066016533637401
0 0.6403855496009122 0.16265039224629418 0.6313700820980616 0.20197133865450398 0.680731274800456 0.22057877537058154 0.6971542896237172 0.189136496009122 0.6403855496009122 0.16265039224629418
0 0.06154619042189281 0 0.05991219726339795 0.013307808437856327 0.1666899338654504 0.04175308095781072 0.1699817080957811 0 0.06154619042189281 0
0 0.37081425541619156 0.10724587571265679 0.42365136259977193 0.14300791448118585 0.43886865336374004 0.11002596807297606 0.39273814823261116 0.0764790205245154 0.37081425541619156 0.10724587571265679
0 0.4794222873432155 0.25720117217787913 0.4703801550741163 0.2853669692132269 0.4999846556442417 0.305731330672748 0.5174460421892817 0.2772045165336374 0.4794222873432155 0.25720117217787913
0 0.7955708198403648 0.10784955416191562 0.7546352839224629 0.08071318472063853 0.7193198825541619 0.14177225769669327 0.7563736431014824 0.16399581299885976 0.7955708198403648 0.10784955416191562
0 0.683714338654504 0.5608646966932725 0.6634555210946409 0.589455757126568 0.7011207730900798 0.626174378563284 0.7239895507411631 0.5885197730900799 0.683714338654504 0.5608646966932725