0 0.9819727035347776 0.8886541516533637 0.9727313420752565 0.8714052155074116 0.9061077936145951 0.8974958825541619 0.912709015963512 0.9238261060433296 0.9819727035347776 0.8886541516533637
0 0.9953490729760548 0.93950117331813 0.9858247753705814 0.9139501881413911 0.9367219372862029 0.935246054732041 0.9461618734321551 0.9595906111744584 0.9953490729760548 0.93950117331813
0 0.09768359521094641 0.1549987685290764 0.0839137993158495 0.08575781984036489 0.035674684150513114 0.09389262713797035 0.046403505131128855 0.16220437628278223 0.09768359521094641 0.1549987685290764
0 0.06776692018244014 0.04638356898517674 0.0651637354618016 0.03043568415051311 0.022647248574686432 0.03526794298745724 0.022568906499429872 0.05968288141391106 0.06776692018244014 0.04638356898517674
0 0.23267176738882556 0.5660713204104904 0.22884923375142532 0.5411976898517674 0.15335202394526795 0.5595760649942987 0.15636101368301028 0.5855607149372862 0.23267176738882556 0.5660713204104904
0 0.3106813409350057 0.7623906852907639 0.2940053534777651 0.7069156830102623 0.26327616419612315 0.7185908084378564 0.2750070820980616 0.767186189281642 0.3106813409350057 0.7623906852907639
0 0.0731137936145952 1 0.06887883010262258 0.9858100273660205 0.03483263055872292 0.9977155324971494 0.03499237628278221 1 0.0731137936145952 1
0 0.05753818472063854 0.8193753717217789 0.04472365564424173 0.7850747742303307 0.02058094754846066 0.7939069635119727 0.02364674458380844 0.8377499030786774 0.05753818472063854 0.8193753717217789
0 0.2861023261117446 0.9471349452679589 0.27412285860889396 0.9077527833523376 0.24295480273660205 0.9301753261117446 0.2535256921322691 0.9621815290763969 0.2861023261117446 0.9471349452679589
0 0.504862795895097 0.8836249669327252 0.5118362816419613 0.8429065199543899 0.4748234218928164 0.8413267468643102 0.46795665336374004 0.8793154743443558 0.504862795895097 0.8836249669327252
0 0.5356818654503991 0.8519558061573547 0.5183393876852908 0.8507877092360319 0.5072972018244014 0.8801357149372862 0.5259486499429874 0.8829994435575826 0.5356818654503991 0.8519558061573547
0 0.4172535758266818 0.35853217787913344 0.3982362611174458 0.3078775530216648 0.35063409464082096 0.31656458608893956 0.35652481299885974 0.3667587537058153 0.4172535758266818 0.35853217787913344
0 1 0.49038472405929306 0.9733996875712656 0.44686349372862033 0.9413907115165336 0.4657720752565564 0.9702569087799315 0.5125724743443557 1 0.4918302189281642 1 0.49038472405929306
0 0.0713647229190422 0.4425382371721779 0.060121250855188144 0.3839125450399088 0.018950029646522235 0.3909594823261117 0.028933110604332957 0.4486066476624857 0.0713647229190422 0.4425382371721779