0 0.1071897251995439 0.4613660923603193 0.16093762257696692 0.46687475712656784 0.16016668301026227 0.4181592793614595 0.10863115735461802 0.420860141391106 0.1071897251995439 0.4613660923603193
0 0.20283198859749146 0.869580944127708 0.29272147320410485 0.8280054526795896 0.2783867514253136 0.7924882485746865 0.1909152770809578 0.8360164310148233 0.20283198859749146 0.869580944127708
0 0.023272719498289622 0.7642386704675028 0.021458394526795897 0.7976293854047891 0.07205820296465222 0.7997340809578107 0.07627318928164196 0.755515385404789 0.023272719498289622 0.7642386704675028
0 0.04239881870011402 0.675835283922463 0.08143041277080958 0.683895762827822 0.08807937514253135 0.6407402018244014 0.0494278802736602 0.6347376510832383 0.04239881870011402 0.675835283922463
0 0.6553093717217788 0.6288483181299885 0.6459476077537057 0.6769056978335234 0.722236150513113 0.6818244925883694 0.7268591870011403 0.634017022805017 0.6553093717217788 0.6288483181299885
0 0.979710510832383 0.222405645381984 0.8814093432155075 0.2281519566704675 0.8910648836944127 0.2764002474344356 0.9867488301026226 0.2660345803876853 0.979710510832383 0.222405645381984
0 0.5825293660205245 0.33954053021664765 0.5834892748004561 0.38051676168757126 0.6340278141391106 0.3701372417331813 0.63238086659065 0.3387116180159635 0.5825293660205245 0.33954053021664765
0 0.6142507936145952 0.4460904446978335 0.6161152622576966 0.48166662143671607 0.654679259977195 0.48083469783352334 0.6521612679589509 0.44410364082098064 0.6142507936145952 0.4460904446978335
0 0.5607945610034207 0 0.5585458905359179 0.029243915621436713 0.592560646522235 0.03221779589509692 0.598955889395667 0.006910912200684151 0.5747252303306727 0 0.5607945610034207 0
0 0.25601524401368303 0.705665094640821 0.27313264424173317 0.7035788802736602 0.27145802280501713 0.6489651140250856 0.257893228050171 0.6523515564424173 0.25601524401368303 0.705665094640821
0 0.282265921322691 0.7078567434435575 0.2994454709236032 0.7069564013683011 0.2987065655644242 0.647537078677309 0.28253236830102624 0.6466026031927024 0.282265921322691 0.7078567434435575
0 0.1274470456100342 0.8705588791334093 0.161243598631699 0.8580839441277082 0.15242706955530216 0.8258449338654503 0.11714024059293043 0.8389925336374002 0.1274470456100342 0.8705588791334093
0 0.7820623933865452 0.9846553238312429 0.8365594811858609 0.981799251995439 0.8262292485746865 0.9433371835803877 0.7857273192702394 0.951108165336374 0.7820623933865452 0.9846553238312429
0 0.5904047103762828 0.954507094640821 0.638325149372862 0.9508065610034208 0.6275483249714937 0.8925078677309009 0.5833926989737742 0.8974975074116306 0.5904047103762828 0.954507094640821
0 0.593812181299886 0.7248249270239453 0.6282007924743443 0.7236172611174458 0.6350345598631698 0.6840178403648802 0.597717022805017 0.6859735689851768 0.593812181299886 0.7248249270239453
0 0.4977065815279362 0.47776455530216644 0.5080828380843785 0.5057598711516533 0.5391379555302166 0.4862953968072976 0.532532157354618 0.46226443329532496 0.4977065815279362 0.47776455530216644