0 0.47228412086659066 0.7614435860889396 0.4368740262257697 0.7995141562143672 0.5712609498289624 0.9351313956670467 0.6027364846066136 0.8997864446978335 0.47228412086659066 0.7614435860889396
0 0.8615524572405929 0.8037886909920182 0.8310717582668187 0.8350670102622576 0.8984345815279362 0.9001444161915622 0.9226202360319271 0.8632504697833523 0.8615524572405929 0.8037886909920182
0 1 0.6989976225769668 0.9895231550741164 0.6903416909920183 0.9661011630558722 0.7168951151653363 0.9939955370581528 0.7413323363740023 1 0.7345700273660205 1 0.6989976225769668
0 0.9710741425313569 0.4335648415051311 0.9229682246294184 0.38768161573546184 0.8943172976054733 0.4207741584948689 0.9483967571265679 0.4648095404789054 0.9710741425313569 0.4335648415051311
0 0.7200785279361459 0.4300341755986317 0.6797668791334094 0.4712872633979476 0.7201277696693272 0.509981063854048 0.759542740022805 0.46827042645381983 0.7200785279361459 0.4300341755986317
0 0.7341951391106043 0.32199571835803875 0.7089893135689852 0.35243858038768533 0.7337381231470924 0.37977861459521095 0.7600633101482326 0.34645486545039905 0.7341951391106043 0.32199571835803875
0 0.8423679224629418 0.11008827137970353 0.8193192497149373 0.1389887537058153 0.8483542748004561 0.1668522212086659 0.8724372862029647 0.1347837411630559 0.8423679224629418 0.11008827137970353
0 1 0.48484149714937286 0.9901866339794755 0.4708148483466363 0.9641142428734322 0.5089109327251995 0.9971668574686432 0.5376393717217788 1 0.521003770809578 1 0.48484149714937286
0 0.42219261915621437 0.9912036636259978 0.46139537286202964 0.9543358483466362 0.43121482212086665 0.9230453249714937 0.38699420182440136 0.9592050148232611 0.42219261915621437 0.9912036636259978
0 0.2350972269099202 0.7996114503990878 0.16677242075256557 0.8687446989737743 0.2507634754846066 0.9690609760547321 0.329088417331813 0.8887238597491449 0.2350972269099202 0.7996114503990878
0 0.2040899156214367 0.8237593637400228 0.17816822576966934 0.7966050957810719 0.15160375484606614 0.826060842645382 0.1789754298745724 0.8547889087799315 0.2040899156214367 0.8237593637400228
0 0.4390166339794755 0.5779495895096921 0.4144248472063854 0.6046882907639681 0.454320023945268 0.6404516784492588 0.48002794982896235 0.6207500125427593 0.4390166339794755 0.5779495895096921
0 0.4976182702394527 0.4929229543899658 0.47283917445838086 0.5184890205245154 0.510270952109464 0.5576467468643101 0.5403838460661345 0.534543803876853 0.4976182702394527 0.4929229543899658
0 0.3490363979475484 0.6847799201824402 0.30148777765108326 0.6424153352337514 0.27328755416191564 0.6691244047890536 0.32410767844925886 0.7169823466362599 0.3490363979475484 0.6847799201824402
0 0.035213790193842645 0.7537213762827822 0.06949612884834663 0.8005917388825542 0.0972319361459521 0.7709504697833524 0.05072594982896237 0.7239121128848346 0.035213790193842645 0.7537213762827822
0 0.011452231470923602 0.5933689863169898 0.0214668677309008 0.6669267194982896 0.08106265564424173 0.6081932782212086 0.04349754732041049 0.5645480353477765 0.011452231470923602 0.5933689863169898
0 0.08870710034207525 0.3569020490307868 0.04972471037628278 0.40275223033067276 0.08660073432155073 0.4383910718358039 0.1300942189281642 0.39483374116305586 0.08870710034207525 0.3569020490307868
0 0.32604277651083236 0.5585715176738882 0.2947855598631699 0.5280542554161916 0.2533165062713797 0.5700902269099202 0.2844390649942987 0.6030334218928165 0.32604277651083236 0.5585715176738882
0 0.14780075142531357 0.2711963352337514 0.09560138198403648 0.23738332155074116 0.07533195324971494 0.2724546966932725 0.12811776168757127 0.30617482668187 0.14780075142531357 0.2711963352337514
0 0.30032243785632834 0.21036905245153933 0.2669687229190422 0.18559262143671607 0.2348316738882554 0.22915630444697832 0.2681853181299886 0.260244834663626 0.30032243785632834 0.21036905245153933
0 0.45516391220068414 0.26279192246294186 0.47824197263397944 0.2302814606613455 0.43384282896237175 0.19643531470923603 0.4095811927023945 0.22612748004561 0.45516391220068414 0.26279192246294186
0 0.4762129464082098 0.28951564082098064 0.5349058244013684 0.35296047548460663 0.5730520228050171 0.30183079247434436 0.5151646499429875 0.24727722690992018 0.4762129464082098 0.28951564082098064
0 0.4818069236031927 0.3589643283922463 0.5058766545039909 0.3858123500570126 0.532534007981756 0.35694304104903074 0.5040562805017104 0.33259821436716075 0.4818069236031927 0.3589643283922463
0 0.4747473192702395 0.4129853443557583 0.44244600228050174 0.3910479863169898 0.38721689395667047 0.44428060433295324 0.4136961254275941 0.474955054732041 0.4747473192702395 0.4129853443557583
0 0.3802513158494869 0.4495934834663626 0.3589236328392246 0.4211104446978335 0.33568740592930446 0.4488367491448118 0.3543284834663626 0.4717337924743443 0.3802513158494869 0.4495934834663626
0 0 0.36082715963511974 0.04385972976054732 0.39226086088939566 0.06456442987457241 0.36373321094640826 0.01935978221208666 0.3209957936145952 0 0.3499491562143672 0 0.36082715963511974
0 0 0.41838969897377426 0.021095815279361458 0.38504400798175603 0 0.3645598255416192 0 0.41838969897377426
0 0.7736843842645382 0.05183429076396807 0.7373034606613456 0.015515882554161916 0.7227856202964652 0.026232979475484603 0.7622538232611175 0.06687162143671607 0.7736843842645382 0.05183429076396807
0 0.4347303192702395 0.7253109418472065 0.45667204104903075 0.7500898198403648 0.48672292246294185 0.7236887856328392 0.4551287730900798 0.6986352485746865 0.4347303192702395 0.7253109418472065
0 0.36507650741163056 0.691255102622577 0.4046076510832383 0.6375030410490308 0.3683468802736602 0.596959125427594 0.3250510068415051 0.6470978209806156 0.36507650741163056 0.691255102622577
0 0.1300634503990878 0.7014272930444698 0.10334056784492589 0.726097338654504 0.12371052337514253 0.7523290456100341 0.1512603204104903 0.7215133523375142 0.1300634503990878 0.7014272930444698