0 0.48984687457240594 0.1399515621436716 0.5079562497149372 0.1922015621436716 0.5685187502850627 0.16432187457240593 0.5483312497149373 0.11805468757126568 0.48984687457240594 0.1399515621436716
0 0.7374421870011403 0.10170312542759408 0.759114062713797 0.129325 0.8018640627137971 0.09432812542759406 0.7787078129988597 0.06882031242873432 0.7374421870011403 0.10170312542759408
0 0.1781265621436716 0.11326562485746863 0.17723593728620296 0.1465265621436716 0.2282984378563284 0.14356093728620295 0.22414218700114025 0.11093593728620296 0.1781265621436716 0.11326562485746863
0 0.27698593728620297 0.44861562485746864 0.2858921870011403 0.48463593728620297 0.35417499999999996 0.456164062713797 0.345860937286203 0.42413281299885974 0.27698593728620297 0.44861562485746864
0 0.27164218700114023 0.6293718745724058 0.32032968757126573 0.6234390627137971 0.3155796875712657 0.590814062713797 0.269860937286203 0.5949671870011402 0.27164218700114023 0.6293718745724058
0 0.29390781299885976 0.7208093751425313 0.30073593728620296 0.7563109372862029 0.3417062497149373 0.7480062497149373 0.33101718700114025 0.710635937286203 0.29390781299885976 0.7208093751425313
0 0.15853281299885974 0.9022718745724059 0.16239218700114025 0.9390093751425314 0.19445312542759408 0.9384156248574687 0.19445312542759408 0.902825 0.15853281299885974 0.9022718745724059
0 0.33309531242873436 0.7021296875712657 0.3417062497149373 0.7349562497149373 0.3862375005701254 0.7165671870011403 0.3725812497149373 0.6827578129988597 0.33309531242873436 0.7021296875712657
0 0.20840781299885974 0.6336359372862029 0.20692343785632838 0.6708937502850627 0.24314218700114026 0.6714875005701254 0.24907968757126567 0.6299656248574687 0.20840781299885974 0.6336359372862029
0 0 0.7297031254275941 0.02820312542759407 0.715975 0.012171874572405931 0.6762328129988598 0 0.6839437502850627 0 0.7297031254275941
0 0.7727703124287343 0.04094218700114025 0.7303171870011402 0.07323749942987458 0.7436765621436716 0.08839531242873432 0.782864062713797 0.05280624971493729 0.7727703124287343 0.04094218700114025