0 0.5924637662485747 1 0.6034578004561003 0.989254598631699 0.5872773329532498 0.9589022177879133 0.5524299007981756 0.9897370946408209 0.5672803044469783 1 0.5924637662485747 1
0 0.11043826795895097 0.6266784777651083 0.14516667046750287 0.6496413375142531 0.15469925769669327 0.6247544344355758 0.12751623147092359 0.6062291949828963 0.11043826795895097 0.6266784777651083
0 0.13909291790193842 0.5916934834663625 0.19826929874572405 0.612771614595211 0.21034068415051313 0.536019810718358 0.16121423489167616 0.5142472531356899 0.13909291790193842 0.5916934834663625
0 0.8358184230330672 0.5882346522234891 0.8579618301026226 0.5971920798175598 0.8969879293044469 0.5134207708095782 0.8689389167616876 0.4989621596351197 0.8358184230330672 0.5882346522234891
0 0.5786975872291904 0.3537027023945268 0.6009571664766249 0.37543053363740025 0.623910228050171 0.3406505290763968 0.5964390501710376 0.32348094070695554 0.5786975872291904 0.3537027023945268
0 0.48139360889395666 0.2990272770809578 0.5041431790193843 0.3251083637400228 0.5302929486887115 0.2952569441277081 0.5045500364880274 0.269956503990878 0.48139360889395666 0.2990272770809578
0 0.6663358768529076 0.2009497708095781 0.6889994561003421 0.23409388483466365 0.7320518278221209 0.19792011744583807 0.7122983329532497 0.17106056442417333 0.6663358768529076 0.2009497708095781
0 0.6289363283922463 0.06411025883694413 0.650820237172178 0.09425644583808437 0.6762201927023945 0.08124206043329532 0.6557763968072976 0.04432067274800456 0.6289363283922463 0.06411025883694413
0 0.4689667229190422 0.05135158722919042 0.4213667023945268 0.015739271379703535 0.40091972519954394 0.04538755416191562 0.44552519954389963 0.08177866248574686 0.4689667229190422 0.05135158722919042
0 0.6663807183580388 0.9927141710376283 0.6851869498289623 0.9641340364880274 0.6594440376282782 0.9388335963511973 0.6360013112884835 0.969258818700114 0.6663807183580388 0.9927141710376283
0 0.6682028688711517 0.8443812748004561 0.6534858072976054 0.8936592041049031 0.6828855598631699 0.9084065210946408 0.6964537172177879 0.8645487913340935 0.6682028688711517 0.8443812748004561
0 1 0.21922319498289625 0.9805134298745724 0.25356606157354616 1 0.267608007981756 1 0.21922319498289625
0 0.21870175370581527 0.36358218700114026 0.18253291334093502 0.3473960558722919 0.1647914503990878 0.3776178164196123 0.19275261801596352 0.3991406590649943 0.21870175370581527 0.36358218700114026
0 0.5173406396807297 0.7089191436716077 0.5050453272519955 0.6935583854047891 0.4538980729760547 0.7478401470923604 0.4657049247434436 0.7588479771949829 0.5173406396807297 0.7089191436716077
0 0.48649924515393383 0.7009467035347777 0.47391577993158496 0.6869415952109463 0.4448574538198404 0.710508779931585 0.4620777411630559 0.7226672702394527 0.48649924515393383 0.7009467035347777