0 0.5667825883694413 0 0.5564856955530216 0.03172779361459521 0.6135990285062713 0.042484871151653364 0.6244362394526796 0 0.5667825883694413 0
0 0.4179147856328392 0.1637427069555302 0.40593803762827824 0.19506258038768529 0.4339323740022805 0.2056045142531357 0.44560446636259976 0.17406701368301025 0.4179147856328392 0.1637427069555302
0 0.2306049726339795 0.07400943557582668 0.21460664652223488 0.12627148232611174 0.2668325176738882 0.1416816488027366 0.2846317856328392 0.08995238996579247 0.2306049726339795 0.07400943557582668
0 0.1459269669327252 0.01397496009122007 0.1330028928164196 0.03522488597491448 0.2077509498289624 0.05754856556442418 0.2149957023945268 0.03533375712656784 0.1459269669327252 0.01397496009122007
0 0 0.24001045838084378 0.037088166476624856 0.2488727229190422 0.05658732953249715 0.1947826989737742 0 0.18426134777651085 0 0.24001045838084378
0 0.09173353135689852 0.45266008095781074 0.06924937628278222 0.5063368403648802 0.12626535917901938 0.5227679578107183 0.1427057172177879 0.46619567274800455 0.09173353135689852 0.45266008095781074
0 0.5928904173318129 0.49577590992018244 0.594646102622577 0.5289942485746865 0.6412215769669327 0.5272098882554161 0.6402593819840364 0.49114962713797033 0.5928904173318129 0.49577590992018244
0 0.5444398472063854 0.5034105245153934 0.5467459156214367 0.5354214184720639 0.5924519749144812 0.534259968072976 0.5928904173318129 0.49577590992018244 0.5444398472063854 0.5034105245153934
0 0.8570148221208665 0.8116223808437856 0.9299470661345496 0.8245255689851767 0.9344377582668187 0.8000039076396808 0.864135047890536 0.7858863363740023 0.8570148221208665 0.8116223808437856
0 0.8053310228050171 0.9138587115165335 0.9106586636259977 0.935735220068415 0.9195932303306728 0.9193775062713797 0.8065424903078677 0.8975111619156214 0.8053310228050171 0.9138587115165335
0 0.36982344127708094 0.6580768916761687 0.4197602622576967 0.6759450068415052 0.4359513318129989 0.6462603010262257 0.38900529646522236 0.628881858608894 0.36982344127708094 0.6580768916761687
0 0.3275820661345496 0.5032567833523375 0.31141021094640825 0.5335364937286202 0.34878695895096923 0.5490071128848347 0.36118496237172176 0.5127820490307867 0.3275820661345496 0.5032567833523375
0 0.7462302656784493 0.9908009828962372 0.7502519543899657 0.9698619350057013 0.6988474629418472 0.9609598779931584 0.6904833397947548 0.9936529475484607 0.7462302656784493 0.9908009828962372
0 0.49091401026225767 0.2806428449258837 0.4940959236031927 0.3037083477765108 0.5548848814139111 0.29207819726339795 0.5512960741163055 0.27437390992018246 0.49091401026225767 0.2806428449258837
0 0.697022708095781 0.44935096579247435 0.6977558814139111 0.4873594697833524 0.7422185621436715 0.48461857354618015 0.7370367685290764 0.4383102690992018 0.697022708095781 0.44935096579247435