0 0.29747031242873434 0.6407515621436716 0.2870796875712657 0.6934343751425313 0.33814218700114024 0.6981796875712657 0.35001718700114026 0.6536906248574686 0.29747031242873434 0.6407515621436716
0 0.03592343785632839 0.3007515621436716 0.08936093728620297 0.31024218700114026 0.09470312542759407 0.2966 0.04007812542759407 0.2877031254275941 0.03592343785632839 0.3007515621436716
0 0.10509531242873432 0.2938375005701254 0.10479843785632839 0.3084625005701254 0.15586093728620298 0.31736093728620296 0.160610937286203 0.3007515621436716 0.10509531242873432 0.2938375005701254
0 0.023156249714937287 0.32230312542759404 0.02345312542759407 0.33871562485746864 0.06026562485746864 0.34227500000000005 0.06620312542759407 0.3286312497149373 0.023156249714937287 0.32230312542759404
0 0.06056249942987457 0.6398625005701254 0.06382812542759407 0.6264062497149373 0.007421874572405929 0.6175078129988597 0.005640624857468643 0.6305578129988597 0.06056249942987457 0.6398625005701254
0 0.05165781299885975 0.6701062497149373 0.05848437514253135 0.654878125427594 0.0008906248574686432 0.641235937286203 0 0.6560640627137971 0.05165781299885975 0.6701062497149373
0 0.16120468757126566 0.7012390627137971 0.1522984378563284 0.7385156248574687 0.18911093728620296 0.7397031254275941 0.19801718700114024 0.7100437502850626 0.16120468757126566 0.7012390627137971
0 0.044531249714937285 0.8702484378563284 0.041265624857468645 0.9063843751425313 0.07451562485746864 0.9129093751425313 0.08401562485746863 0.8796906248574687 0.044531249714937285 0.8702484378563284
0 0.6127546875712656 0.7225875005701254 0.6017687502850628 0.7752921870011402 0.7044890627137971 0.7859703124287344 0.713989062713797 0.731396874572406 0.6127546875712656 0.7225875005701254
0 0.46223750057012547 0.8408937502850626 0.4628296875712657 0.8524046875712656 0.5287374994298746 0.8541843751425313 0.5328937502850627 0.8405421870011403 0.46223750057012547 0.8408937502850626
0 0.5931593751425314 0.8364468745724059 0.5898937502850627 0.8642687502850628 0.6433312497149373 0.8672343751425313 0.6480828129988597 0.8458796875712657 0.5931593751425314 0.8364468745724059
0 0.5833624994298745 0.8791437502850626 0.5851453124287344 0.90935 0.6130515621436716 0.9111296875712657 0.6231453124287343 0.8838437502850628 0.5833624994298745 0.8791437502850626
0 0.7769265621436716 0.7930875005701254 0.7659421870011403 0.8489000000000001 0.8137390627137971 0.854778125427594 0.8202703124287344 0.7972406248574686 0.7769265621436716 0.7930875005701254
0 0.8238328129988598 0.9342640627137971 0.860053125427594 0.944346874572406 0.8719281254275941 0.88325 0.8309593751425313 0.8761312497149373 0.8238328129988598 0.9342640627137971
0 0.9538656248574687 0.7444468745724059 0.9497093751425314 0.7574968745724059 0.9966156248574687 0.7711406248574687 0.9972093751425314 0.7557171870011402 0.9538656248574687 0.7444468745724059
0 0.9431781254275942 0.7930875005701254 0.998396874572406 0.7996125005701255 0.998753125427594 0.7853765621436717 0.9479281254275941 0.7758859372862029 0.9431781254275942 0.7930875005701254
0 0.806910937286203 0.5571374994298746 0.806614062713797 0.5753921870011403 0.8588656248574686 0.5854765621436716 0.865396874572406 0.5712406248574686 0.806910937286203 0.5571374994298746