0 0.6727504914481185 0.47174763397947544 0.6414309464082099 0.5108644994298746 0.6743121470923603 0.533480740022805 0.7046990513112885 0.4905347149372862 0.6727504914481185 0.47174763397947544
0 0.9086240798175599 0.14684753249714938 0.8738666442417331 0.1385554982896237 0.8549642850627138 0.2099149007981756 0.8949601698973775 0.21505344469783352 0.9086240798175599 0.14684753249714938
0 0.7406388597491449 0.08438927137970353 0.7048867890535917 0.04761459863169898 0.6725047958950969 0.09033323717217788 0.7167220684150513 0.1202770661345496 0.7406388597491449 0.08438927137970353
0 0.8929818084378564 0.03926384036488027 0.8618883101482325 0.033814417331813 0.8603288745724059 0.07426848460661345 0.8926362656784492 0.07937846066134549 0.8929818084378564 0.03926384036488027
0 0.49532376624857466 0.9217482417331813 0.44453451311288483 0.9478804287343217 0.4587111448118586 0.9794674139110604 0.5088964743443558 0.9572180421892816 0.49532376624857466 0.9217482417331813
0 0.5852891379703535 0.894247992018244 0.6188992953249715 0.852673126567845 0.5885175929304446 0.8335358358038769 0.5584676556442417 0.8749832508551881 0.5852891379703535 0.894247992018244
0 0.5816122645381984 0.7719877730900798 0.5521909099201825 0.7462801527936146 0.5330662611174458 0.7772477092360319 0.5648726944127708 0.7993073683010262 0.5816122645381984 0.7719877730900798
0 0.39971381984036486 0.6684275381984037 0.4287973249714937 0.6163182953249715 0.39855905815279363 0.6013332166476625 0.3723819452679589 0.6515601949828962 0.39971381984036486 0.6684275381984037
0 0.49398777309007985 0.7643536738882554 0.4653447377423033 0.7439658814139111 0.4248402417331813 0.7923151710376283 0.45401645952109465 0.8147637354618016 0.49398777309007985 0.7643536738882554
0 0.18916222234891678 0.9526394424173318 0.1866831698973774 0.8986618289623718 0.13219418472063854 0.8869000524515392 0.13934499429874572 0.9555673226909921 0.18916222234891678 0.9526394424173318
0 0.30128053135689853 0.4193673397947549 0.29112920410490306 0.41793949714937284 0.2833442212086659 0.45029339680729763 0.2942209749144812 0.44961651653363743 0.30128053135689853 0.4193673397947549
0 0.28012330216647663 0.5282345359179019 0.2443655849486887 0.5253244389965793 0.23596649258836944 0.5571056738882554 0.27588529076396806 0.5625439657924743 0.28012330216647663 0.5282345359179019
0 0.3045112063854048 0.46084235689851766 0.27151477537058155 0.4518947149372862 0.2537784732041049 0.5226192873432155 0.29253689167616875 0.5289892668187001 0.3045112063854048 0.46084235689851766
0 0.36970020410490306 0.217354905359179 0.30932883808437855 0.19035163511972636 0.2820477810718358 0.2429920478905359 0.34407498175598633 0.26637282326111744 0.36970020410490306 0.217354905359179
0 0.18248612428734323 0.08071159293044469 0.15153008551881414 0.06218534435575827 0.13084002622576968 0.11637793044469784 0.16986641277080958 0.12957084036488029 0.18248612428734323 0.08071159293044469
0 0.06417987685290764 0.5048816271379704 0.025308603192702395 0.4979214743443558 0.01858606841505131 0.5266736020524515 0.05653915051311288 0.533665818700114 0.06417987685290764 0.5048816271379704
0 0.052481888255416186 0.28903182782212083 0.02155416305587229 0.28832951197263396 0.00835333637400228 0.3357253363740023 0.0452210433295325 0.33711139224629416 0.052481888255416186 0.28903182782212083
0 0.2632027343215507 0.6393317958950969 0.2782963774230331 0.6120681140250855 0.24513261231470923 0.5983734207525656 0.2341735267958951 0.6248986077537058 0.2632027343215507 0.6393317958950969
0 0.520531543899658 0.46933978221208666 0.5032699464082099 0.5026187251995439 0.5254271539338655 0.5244212326111745 0.5498247035347776 0.49594304675028505 0.520531543899658 0.46933978221208666