0 0.8682745096921324 0.6906053044469783 0.8268927890535918 0.6986490969213226 0.8297257058152794 0.7132231927023945 0.8711068939566704 0.7082802234891675 0.8682745096921324 0.6906053044469783
0 0.8665276727480045 0.6691634184720638 0.8620904469783353 0.6494558095781072 0.8142974732041048 0.6587458221208666 0.8238654424173318 0.6768512542759407 0.8665276727480045 0.6691634184720638
0 0 0.48867320866590647 0.03426172177879133 0.48262278449258833 0.023737503990877994 0.39736287343215504 0 0.39939068529076394 0 0.48867320866590647
0 0 0.39752237742303304 0.043130904218928165 0.3928896271379704 0.03897281527936146 0.3574952326111745 0 0.36248380501710376 0 0.39752237742303304
0 0 0.33765207183580387 0.03840072405929305 0.33120575598631696 0.029081353477765106 0.291049314709236 0 0.29370948460661345 0 0.33765207183580387
0 0 0.17277337058152792 0.05898522006841505 0.16483382782212086 0.044934412770809576 0.11432275598631698 0 0.12489983352337515 0 0.17277337058152792
0 0.6297957194982896 0.7115502713797035 0.6250662474344355 0.7245684389965792 0.733723929304447 0.7250045256556443 0.7337987981755987 0.7082750604332954 0.6297957194982896 0.7115502713797035
0 0.4818168437856329 0.7717752862029648 0.48115271379703534 0.7870291402508552 0.5852202474344356 0.7638509578107183 0.5842835917901938 0.7512529064994299 0.4818168437856329 0.7717752862029648
0 0.5314557080957811 0.743975802736602 0.5797179315849487 0.7339881220068415 0.5756060399087799 0.7190577708095781 0.5248988597491449 0.7289142485746865 0.5314557080957811 0.743975802736602
0 0.06284791220068414 0.8568437765108324 0.06906488255416192 0.8701568072976055 0.11780247776510833 0.8610588312428734 0.11274566476624857 0.8459349087799316 0.06284791220068414 0.8568437765108324
0 0.05812087685290764 0.8263017810718358 0.06187681071835804 0.8425126419612315 0.11481726795895097 0.8316983762827823 0.10489391562143671 0.8117646647662485 0.05812087685290764 0.8263017810718358