0 0.2560759817559863 0.09281689851767388 0.30631066818700114 0.10409734321550741 0.3015887787913341 0.047735856328392244 0.25557642645381984 0.04540507753705816 0.2560759817559863 0.09281689851767388
0 0.3674189635119726 0.06796808779931585 0.4227635347776511 0.06581503306727479 0.42282141961231473 0.009297654503990877 0.3596216761687571 0.016001179019384266 0.3674189635119726 0.06796808779931585
0 0.6730754720638541 0.35319891562143674 0.6716433979475485 0.3056326339794755 0.6346508802736602 0.3039772839224629 0.6303635210946408 0.35274842873432155 0.6730754720638541 0.35319891562143674
0 0.7347629030786773 0.4696703329532497 0.7306490205245153 0.3711319646522235 0.692608992018244 0.3741495758266819 0.700903818700114 0.47202732839224626 0.7347629030786773 0.4696703329532497
0 1 0.5541127833523375 0.9922552690992018 0.5521251197263398 0.9793663363740023 0.603460921322691 1 0.6091083922462941 1 0.5541127833523375
0 0.38674278449258837 0.6789865781071835 0.43714844127708097 0.6761144743443558 0.43464720182440136 0.6224070262257696 0.38342655872291903 0.6251076362599771 0.38674278449258837 0.6789865781071835
0 0 0.42169832953249714 0.057095173318129994 0.43031988825541617 0.05719425541619157 0.3437384275940707 0 0.3450329007981756 0 0.42169832953249714
0 0.07398209236031927 0.46702224743443554 0.044227084378563285 0.46662519270239455 0.044370108323831245 0.4978624002280501 0.07311378449258837 0.5011232326111744 0.07398209236031927 0.46702224743443554
0 0.48638115279361455 0.2096352725199544 0.49154720068415053 0.13607775940706954 0.4700838928164196 0.13707260889395667 0.46846254161915624 0.20646179019384264 0.48638115279361455 0.2096352725199544
0 0.4123096647662486 0.25473093500570126 0.42772237514253136 0.2525903762827822 0.4303518403648803 0.21610483922462942 0.4147191607753706 0.21978311516533638 0.4123096647662486 0.25473093500570126
0 0.41482561573546184 0.21375316077537057 0.43118078791334097 0.20996203534777652 0.4314384378563284 0.17745906499429873 0.41845622120866593 0.17891409464082098 0.4137611881413911 0.21753023831242874 0.41482561573546184 0.21375316077537057
0 0.41294992930444696 0.17347411744583807 0.4306300889395667 0.16856982782212085 0.43036658380843784 0.14035745724059293 0.4159341379703535 0.14023714481185862 0.41294992930444696 0.17347411744583807