0 0.23065954389965793 0.622325992018244 0.21126441847206387 0.5692229806157355 0.13060560205245153 0.6054731755986317 0.1489319612314709 0.6624131128848346 0.23065954389965793 0.622325992018244
0 0.4613095096921323 0.0632169338654504 0.4371054549600912 0.03827388597491448 0.4076881242873432 0.07363987457240594 0.42756902964652227 0.1012362542759407 0.4613095096921323 0.0632169338654504
0 0.46716886088939563 0.18671320296465221 0.513910047890536 0.1346712189281642 0.4872284230330673 0.11409680273660204 0.44856692930444697 0.159473078677309 0.46716886088939563 0.18671320296465221
0 0.5840895473204105 0.533054448118586 0.6063852451539339 0.5014954002280502 0.5800725781071836 0.4843749806157355 0.5627854526795895 0.5105752041049031 0.5840895473204105 0.533054448118586
0 0.6558776031927024 0.5445124709236032 0.6284826887115165 0.5280560661345496 0.6081654663625998 0.5604418551881414 0.6331141892816419 0.5767688893956671 0.6558776031927024 0.5445124709236032
0 0.9145188027366021 0.10762358608893957 0.928128259977195 0.08864209806157354 0.9165691106043329 0.029175429874572407 0.8821877263397947 0.07821164082098062 0.9145188027366021 0.10762358608893957
0 0.8086104891676168 0.9008334697833523 0.8037054002280503 0.8600402303306727 0.7414207023945268 0.8788022348916762 0.7514271448118587 0.9240492303306728 0.8086104891676168 0.9008334697833523
0 0.6522957514253135 0.7999276795895096 0.6564243261117445 0.7682675997719498 0.6265605176738882 0.7702109635119726 0.6264399361459522 0.8007163158494869 0.6522957514253135 0.7999276795895096
0 0.5746955267958951 0.9390419851767389 0.5752463637400228 0.9232052896237172 0.4987144937286203 0.9293428996579247 0.5021158027366021 0.9452852428734322 0.5746955267958951 0.9390419851767389
0 0.4625183283922463 1 0.4589042702394527 0.9688094732041048 0.41954213568985177 0.9701366944127708 0.42076147548460663 1 0.4625183283922463 1
0 0 0.5409130980615735 0.015331805017103763 0.5383349338654504 0.01220785062713797 0.469363818700114 0 0.4690657708095781 0 0.5409130980615735
0 0.09303260661345496 0.185019078677309 0.06078068072976055 0.1840282690992018 0.059193524515393385 0.24120982440136832 0.08760699315849486 0.24113216419612313 0.09303260661345496 0.185019078677309