0 0.8142261915621437 0.5382687206385405 0.8005960285062713 0.5074122542759407 0.7477005324971494 0.5406031459521095 0.7718091710376282 0.5713581140250855 0.8142261915621437 0.5382687206385405
0 0.9617556887115165 0.5320826305587228 0.9287584800456101 0.521274457240593 0.9096134321550742 0.5663668312428735 0.9452539726339795 0.5853176168757126 0.9617556887115165 0.5320826305587228
0 0.7516381117445838 0.6838097548460661 0.7476131117445838 0.6466378597491448 0.6615016271379703 0.6653307434435576 0.6609879042189282 0.7043381060433296 0.7516381117445838 0.6838097548460661
0 0.8265785689851767 0.6666900136830103 0.8225370148232611 0.706193181299886 0.8601483774230331 0.7092919737742304 0.8666127183580388 0.674240251995439 0.8265785689851767 0.6666900136830103
0 0.6020568916761687 0.9420389429874572 0.587489518814139 0.9087801584948688 0.5491274549600912 0.9195268358038768 0.5601254811858609 0.9551191516533637 0.6020568916761687 0.9420389429874572
0 0.6051086100342076 0.6053863842645382 0.6335248722919042 0.6369165792474344 0.6629839179019384 0.6076174743443558 0.6392964367160775 0.5756041448118586 0.6051086100342076 0.6053863842645382
0 0.7227015803876854 0.4181878654503991 0.7020810285062714 0.44638207639680727 0.7302330193842645 0.4717768415051311 0.7572575450399088 0.44222029874572405 0.7227015803876854 0.4181878654503991
0 0.587891834663626 0.5127465575826682 0.6122087297605473 0.4831224367160775 0.5894379350057012 0.46400862941847204 0.5602250273660205 0.4950703204104903 0.587891834663626 0.5127465575826682
0 0.6063270171037628 0.26207731698973774 0.5873231881413912 0.2953869304446978 0.6213548962371721 0.3199553557582668 0.6459568506271379 0.28594891448118587 0.6063270171037628 0.26207731698973774
0 0.5032753797035348 0.3287636316989738 0.4764932850627138 0.35577888939566704 0.5090339532497149 0.3782705541619156 0.5316023888255417 0.3511374526795895 0.5032753797035348 0.3287636316989738
0 0.32569479133409346 0.4218858950969213 0.3508881824401368 0.39211019042189277 0.30023818472063857 0.3644857822120866 0.2875624789053592 0.39801526681870014 0.32569479133409346 0.4218858950969213
0 0.26254833523375143 0.4397432827822121 0.2812498734321551 0.40429397833523373 0.22404955302166477 0.37699057354618015 0.2064948369441277 0.4142005302166477 0.26254833523375143 0.4397432827822121
0 0.0812892645381984 0.48750479475484604 0.10531166818700115 0.44938586316989737 0.052970423033067274 0.4267926681870011 0.04052202964652224 0.47047211060433297 0.0812892645381984 0.48750479475484604
0 0.2699307354618016 0.562665244013683 0.24047328050171038 0.6005082143671608 0.2685528244013683 0.6211212143671607 0.2984549452679589 0.5821759429874572 0.2699307354618016 0.562665244013683
0 0.36697140478905355 0.6174712873432155 0.3287904424173318 0.5975095336374002 0.3122193580387685 0.6203758164196123 0.3452485940706955 0.6420887810718358 0.36697140478905355 0.6174712873432155
0 0.7710686989737743 0.21197776510832383 0.7463852314709236 0.24967048802736602 0.7755583021664766 0.26953179589509696 0.7975489532497149 0.2382875347776511 0.7710686989737743 0.21197776510832383
0 0.8466743340935007 0.30625897035347777 0.8296798072976055 0.29625965222348916 0.8039613249714938 0.3308316750285063 0.8189690159635119 0.3395039692132269 0.8466743340935007 0.30625897035347777
0 0.8688858928164196 0.32350429988597496 0.8490384743443559 0.31240380957810715 0.8166709714937287 0.35300518814139115 0.8317612964652223 0.3622654538198403 0.8688858928164196 0.32350429988597496
0 0.30904696237172175 0.15838848688711515 0.32307325769669326 0.10247191448118587 0.2888061881413911 0.09114953021664765 0.273138582668187 0.14606446750285063 0.30904696237172175 0.15838848688711515
0 0.7247983181299886 0.11313669441277081 0.7019475085518815 0.09773104789053591 0.6815985792474344 0.129991086659065 0.7032303705815279 0.14312237856328391 0.7247983181299886 0.11313669441277081
0 0.30678670809578107 0.3300218141391106 0.2919764857468643 0.3547628392246294 0.3225509863169897 0.3739301641961232 0.3383216328392247 0.345357244013683 0.30678670809578107 0.3300218141391106
0 0.6792957069555302 0.14133605473204106 0.6502624275940707 0.171531503990878 0.6787651083238313 0.1908890205245154 0.7085644424173319 0.15974491334093502 0.6792957069555302 0.14133605473204106
0 0.3497100820980616 0.7420942326111745 0.29026425655644245 0.6945469543899657 0.2606062269099202 0.7480278380843786 0.3150115849486887 0.7853079464082098 0.3497100820980616 0.7420942326111745