0 0.17062031242873432 0.00041406271379703535 0.15813593728620295 0.02353750057012543 0.28131406271379705 0.031835937286202966 0.2829796875712657 0 0.17062031242873432 0.00041406271379703535
0 0.7885984378563283 0.28476562485746865 0.749064062713797 0.3919296875712657 0.8023312497149373 0.40686562485746863 0.8439453124287343 0.2990031254275941 0.7885984378563283 0.28476562485746865
0 0.9871 0.3637203124287343 0.869746874572406 0.332503125427594 0.8372875005701255 0.4184812497149373 0.9538078129988597 0.44171250057012545 0.9871 0.3637203124287343
0 0.7840203124287344 0.4699234378563284 0.7344984378563284 0.4632625005701254 0.7224312497149373 0.5711484378563284 0.7856843751425314 0.5844234378563284 0.7840203124287344 0.4699234378563284
0 0.8156468745724059 0.44005312542759406 0.8135671870011403 0.550435937286203 0.8655843751425313 0.549575 0.8689140627137971 0.44005312542759406 0.8156468745724059 0.44005312542759406
0 0.557635937286203 0.5825375005701254 0.6242203124287342 0.5908390627137969 0.6256062497149374 0.549328125427594 0.5617984378563284 0.5465609372862029 0.557635937286203 0.5825375005701254
0 0.6783187502850627 0.4580046875712657 0.6061874994298746 0.4580046875712657 0.6020249999999999 0.49536562485746866 0.6741578129988598 0.5022828129988598 0.6783187502850627 0.4580046875712657
0 0.7517390627137971 0.22304531242873432 0.8186187502850627 0.24936250057012543 0.8325906248574686 0.19694687457240592 0.769575 0.17559218700114027 0.7517390627137971 0.22304531242873432
0 0.7237984378563284 0 0.7190406248574686 0.0017921870011402509 0.8676656248574687 0.05695781299885975 0.8944187502850628 0 0.7237984378563284 0
0 0.5421796875712657 0.14617812542759406 0.6815874994298746 0.20169218700114025 0.7339031254275942 0.0640765621436716 0.6114375005701254 0 0.5421796875712657 0.14617812542759406
0 0.7169609372862029 0.11059843785632839 0.6851562497149373 0.19576093728620297 0.7452 0.2183015621436716 0.7808687502850628 0.13407031242873432 0.7169609372862029 0.11059843785632839
0 0.8474531254275941 0.19754062485746865 0.8632078129988597 0.1639687502850627 0.7802749999999999 0.13644375028506273 0.7701687502850627 0.16906718700114023 0.8474531254275941 0.19754062485746865