0 0.30881668643101484 0.23690911174458382 0.30945912314709234 0.19902798289623716 0.2379652189281642 0.20051231014823262 0.23295165336374002 0.23921246750285063 0.30881668643101484 0.23690911174458382
0 0.42989190421892814 0.21785189395667046 0.4379678962371722 0.158364590649943 0.3691041014823261 0.16032854389965795 0.364496913340935 0.21898526567844928 0.42989190421892814 0.21785189395667046
0 0.5675559486887115 0.053362730900798176 0.5161787696693273 0.06058686659064994 0.5283861128848346 0.1146022645381984 0.5744253603192703 0.10342236031927024 0.5675559486887115 0.053362730900798176
0 0.3332122542759407 0.5059609863169897 0.33876997377423035 0.43336536944127707 0.2897556887115165 0.43573703420752563 0.2866871482326112 0.5062012611174459 0.3332122542759407 0.5059609863169897
0 0.3075746431014823 0.5623501128848346 0.24607089509692132 0.5653770228050171 0.24632249942987458 0.6016070661345495 0.30352231698973775 0.5990270775370582 0.3075746431014823 0.5623501128848346
0 0.2882701459521095 0.7266026624857469 0.29363288939566706 0.6961890296465222 0.25069409350057015 0.6983515769669327 0.25328297491448115 0.7264641630558722 0.2882701459521095 0.7266026624857469
0 0.32888409464082097 0.7633144994298746 0.32997795667046753 0.7399875575826682 0.253962732041049 0.7414330501710377 0.2545701197263398 0.7670971676168757 0.32888409464082097 0.7633144994298746
0 0.8626392234891676 0.697614473204105 0.8701676864310148 0.6549184401368301 0.8015263968072976 0.6453536955530217 0.7897674321550741 0.693209117445838 0.8626392234891676 0.697614473204105
0 0.8414449623717217 0.7596135336374003 0.8438797126567844 0.7286820296465222 0.7913806864310148 0.7285733945267959 0.7861042474344355 0.7619168358038768 0.8414449623717217 0.7596135336374003
0 0.6421669464082098 0.7908129464082099 0.64191992018244 0.775090566704675 0.6041968540478905 0.7733447525655645 0.6066966111744584 0.7899863420752566 0.6421669464082098 0.7908129464082099
0 0.6378352383124287 0.815379283922463 0.6381732120866591 0.7997584686431015 0.6007451345496009 0.7980583215507412 0.6014690524515393 0.8162050307867731 0.6378352383124287 0.815379283922463
0 0.6403559361459522 0.8387406590649943 0.6389394492588371 0.8228120729760547 0.6011157217787914 0.8216371391106043 0.600891251995439 0.8366052462941848 0.6403559361459522 0.8387406590649943
0 0.9473444139110605 0.7752703295324971 0.9499551710376283 0.7570357206385405 0.8941842348916762 0.7566500273660206 0.8907634891676168 0.774340402508552 0.9473444139110605 0.7752703295324971
0 0.829300125427594 0.3491896567844926 0.8283329099201824 0.33756065564424176 0.7918638916761688 0.3389695940706956 0.7916966955530217 0.35703215963511975 0.829300125427594 0.3491896567844926
0 0.8294464732041049 0.37574982782212085 0.8302688791334093 0.36081892816419614 0.7887695758266818 0.3582279737742303 0.7934929726339794 0.37423511858608893 0.8294464732041049 0.37574982782212085
0 0.8314489566704676 0.39178332725199544 0.8298954743443557 0.3800509521094641 0.7904830319270238 0.3793288962371722 0.7921236921322692 0.3957047685290764 0.8314489566704676 0.39178332725199544
0 0.8330756134549601 0.41679578905359177 0.8342750022805017 0.40313718129988596 0.7955530182440137 0.4019276157354618 0.7946443899657926 0.41906614367160777 0.8330756134549601 0.41679578905359177
0 0.8886871459521095 0.967562197263398 0.8961832542759407 0.9284779167616876 0.8590122303306728 0.9150441470923603 0.8540419099201825 0.9620562177879133 0.8886871459521095 0.967562197263398
0 0.7893300547320411 0.8360596385404788 0.7902815313568985 0.7964258586088939 0.749149842645382 0.7934776887115166 0.7449404652223489 0.8378838677309008 0.7893300547320411 0.8360596385404788
0 0.32799321094640815 0.8916136385404789 0.33063416875712653 0.8595126750285063 0.3063830513112885 0.8601058358038769 0.30571189623717215 0.891302298745724 0.32799321094640815 0.8916136385404789