0 0.03473437514253135 0.616614062713797 0.029390624857468642 0.6553984378563285 0.10064062485746864 0.6583671870011403 0.10776718700114025 0.6239203124287344 0.03473437514253135 0.616614062713797
0 0.12854687457240593 0.5431484378563284 0.19801718700114024 0.5413671870011403 0.20276718700114024 0.5087 0.13507812542759406 0.50395 0.12854687457240593 0.5431484378563284
0 0.6225515621436716 0.8998343751425314 0.6172062497149373 0.9363187502850626 0.6563953124287343 0.9363187502850626 0.6563953124287343 0.9012781254275941 0.6225515621436716 0.8998343751425314
0 0.7745515621436716 0.8205062497149372 0.825614062713797 0.8205062497149372 0.830364062713797 0.7949671870011403 0.7769265621436716 0.7943734378563284 0.7745515621436716 0.8205062497149372
0 0.8425359372862029 0.9238796875712657 0.842239062713797 0.9588874994298746 0.8766765621436715 0.9606703124287344 0.883803125427594 0.925628125427594 0.8425359372862029 0.9238796875712657
0 0.5869249999999999 0.520425 0.5792062497149373 0.5538375005701254 0.5970203124287343 0.5550265621436716 0.6035515621436716 0.522360937286203 0.5869249999999999 0.520425
0 0.6109718745724059 0.5195343751425313 0.6053312497149372 0.5526515621436716 0.6290828129988598 0.5568078129988597 0.6308625005701254 0.5253296875712656 0.6109718745724059 0.5195343751425313
0 0.9583171870011402 0.8882562497149372 0.958021874572406 0.9095937502850627 0.998396874572406 0.9107812497149373 0.998753125427594 0.8911828129988597 0.9583171870011402 0.8882562497149372
0 0.9788031254275941 0.9194281254275941 0.9782093751425314 0.9363187502850626 0.993053125427594 0.9357249999999999 0.998753125427594 0.9220656248574687 0.9788031254275941 0.9194281254275941
0 0.9799906248574687 0.9624515621436716 0.993646874572406 0.9618578129988598 0.9954281254275941 0.9458218745724059 0.9770218745724059 0.9446343751425313 0.9799906248574687 0.9624515621436716
0 0.4984562497149373 0.9541375005701255 0.5138937502850627 0.9357249999999999 0.49786250057012543 0.9250343751425313 0.4877687502850627 0.9440406248574686 0.4984562497149373 0.9541375005701255
0 0.520425 0.8977140627137971 0.511221874572406 0.8918171870011403 0.49608124971493733 0.909 0.5085500000000001 0.918503125427594 0.520425 0.8977140627137971
0 0.5643625005701255 0.8003125005701254 0.5637687502850627 0.7822703124287343 0.5293312497149373 0.7813078129988598 0.5323 0.7949671870011403 0.5643625005701255 0.8003125005701254
0 0.6409578129988598 0.5621531254275941 0.6682687502850627 0.5621531254275941 0.675989062713797 0.5229546875712656 0.6480828129988597 0.5259234378563283 0.6409578129988598 0.5621531254275941