0 0.29092078107183583 0.3497554663625998 0.32493229418472064 0.3628238483466362 0.3381657069555302 0.28723964424173315 0.29903199087799315 0.2876569635119726 0.29092078107183583 0.3497554663625998
0 0.10097030216647662 0.3264855507411631 0.14812231242873433 0.3376379258836944 0.15993007753705815 0.28725369327252 0.10555352565564424 0.2803048722919042 0.10097030216647662 0.3264855507411631
0 0.04641194298745724 0.30616286202964654 0.05459850171037628 0.2589197890535918 0.009686046750285062 0.2496279566704675 0.008048987457240593 0.29650719498289624 0.04641194298745724 0.30616286202964654
0 0.11652588141391106 0.9021337901938427 0.1442782166476625 0.8561680820980616 0.1315520969213227 0.8462178848346636 0.10085047206385404 0.8914849270239452 0.11652588141391106 0.9021337901938427
0 0.07754384720638541 0.8781946921322691 0.08973868871151652 0.8863455632839224 0.12006423831242873 0.8419534298745723 0.10830612884834664 0.8311458688711517 0.07754384720638541 0.8781946921322691
0 0.10055319954389967 0.9851081482326112 0.11795942531356898 0.9461481322690992 0.09029784264538199 0.9214176921322691 0.053068082098061575 0.9834499315849486 0.10055319954389967 0.9851081482326112
0 0.1551605393386545 0.987015078677309 0.17018411288483465 0.9652011049030786 0.1380564811858609 0.9492248221208667 0.1194979030786773 0.9857697115165336 0.1551605393386545 0.987015078677309
0 0.9119617901938426 0.9447622588369442 0.9852234104903078 0.9318737012542759 0.9878343283922463 0.8571067753705816 0.9044404857468643 0.8708312941847207 0.9119617901938426 0.9447622588369442
0 0.9406036168757126 0.6861355461801596 0.9781976887115165 0.6987364857468642 0.9817394675028506 0.6403385803876853 0.9406884481185861 0.6326668722919042 0.9406036168757126 0.6861355461801596
0 0.9028336305587229 0.8487930410490307 0.9363629019384264 0.8416447799315849 0.9340309703534778 0.8071048551881415 0.8976501938426454 0.8099931927023944 0.9028336305587229 0.8487930410490307
0 0.8810509749144811 0.8599146123147092 0.8789189258836945 0.8188448734321551 0.8360580923603192 0.8209143751425314 0.8431875769669327 0.8550261584948688 0.8810509749144811 0.8599146123147092
0 0.7679123740022805 0.21966517217787912 0.780786669327252 0.22546175940706956 0.7825827753705815 0.19314538198403647 0.7677218494868872 0.19113958380843785 0.7679123740022805 0.21966517217787912
0 0.7466150843785633 0.2510034982896237 0.7619841379703535 0.25332253249714937 0.7604550433295325 0.18880799315849486 0.750674621436716 0.18579294868871152 0.7466150843785633 0.2510034982896237
0 0.7407549885974914 0.2656516567844926 0.7413845028506272 0.17952741277080958 0.7317628369441277 0.18275608665906498 0.7272059806157354 0.26220795553021664 0.7407549885974914 0.2656516567844926
0 0.7064104218928164 0.26207587001140253 0.7219053671607754 0.2608346294184721 0.7231648278221209 0.18483228620296466 0.7098012234891676 0.18198917103762827 0.7064104218928164 0.26207587001140253
0 0.7001716909920183 0.2535404424173318 0.7020027274800456 0.18409328848346637 0.6859351151653365 0.18472041961231472 0.6869689749144813 0.25723817673888255 0.7001716909920183 0.2535404424173318
0 0.8273215279361459 0.050039877993158496 0.7976311197263398 0.03236793272519954 0.7718651242873432 0.06622371151653364 0.8045665188141391 0.08905075370581528 0.8273215279361459 0.050039877993158496