0 0.2757323283922463 0.9268580752565564 0.29038583580387684 0.9520005598631699 0.32505653591790196 0.9304653683010263 0.3118160102622577 0.9058804754846066 0.2757323283922463 0.9268580752565564
0 0.6486137183580388 0.8081483751425313 0.6049892291904219 0.8330683078677309 0.6292389714937286 0.8735429247434435 0.6789414686431015 0.851988677309008 0.6486137183580388 0.8081483751425313
0 0.5644840935005702 0.7623930285062714 0.5747556602052452 0.7886433523375143 0.6215545347776511 0.7702297947548461 0.6012413842645381 0.7409779179019385 0.5644840935005702 0.7623930285062714
0 0.5628641459521095 0.6246057217787914 0.5523774264538198 0.5959182987457241 0.517124275940707 0.6059488586088939 0.5205693888255416 0.6354367753705815 0.5628641459521095 0.6246057217787914
0 0.3851777001140251 0.9532002953249714 0.3929164446978335 0.980250180159635 0.4254182314709236 0.9743067194982896 0.4092254846066135 0.945598291904219 0.3851777001140251 0.9532002953249714
0 0.47356925655644244 0.14081819726339795 0.442699590649943 0.14974116077537059 0.450741574686431 0.1767742143671608 0.484733755986317 0.16901181984036487 0.47356925655644244 0.14081819726339795
0 0.4564807628278221 0.19936894982896236 0.42388140820980613 0.21162170125427593 0.4339620182440137 0.2371599486887115 0.4701765438996579 0.22676276738882553 0.4564807628278221 0.19936894982896236
0 0.7782186978335234 0.25933658950969213 0.778226189281642 0.23651617901938427 0.7353196887115165 0.24173082554161915 0.7372570387685291 0.26365854846066133 0.739629590649943 0.265758677309008 0.7782186978335234 0.25933658950969213
0 0.8623553922462941 0.4720501379703535 0.8330000182440137 0.4752077582668187 0.8368367229190422 0.5117120672748005 0.8621583899657924 0.5074536339794755 0.8623553922462941 0.4720501379703535
0 0.8368915712656784 0.5569020114025085 0.8094476624857468 0.5669687126567845 0.8154900923603192 0.5895466157354617 0.8488912839224629 0.5798223033067275 0.8368915712656784 0.5569020114025085
0 0.13929165222348916 0.09928462371721779 0.1478061014823261 0.11384584948688711 0.2015212850627138 0.09352513683010262 0.19519100912200685 0.08226340022805018 0.13929165222348916 0.09928462371721779
0 0.15706101140250853 0.04024055872291905 0.12140564424173318 0.04900511174458381 0.12748145153933865 0.06378124515393387 0.16085276738882556 0.05045004104903079 0.15706101140250853 0.04024055872291905
0 0.8577002417331814 0.736763787913341 0.8686789749144812 0.766130290763968 0.8953197491448118 0.7535333625997719 0.8838472143671607 0.7234890798175598 0.8577002417331814 0.736763787913341
0 0.9326424629418473 0.5558522006841505 0.8978196168757127 0.5707569600912201 0.9053362690992018 0.5973113135689853 0.9432501527936146 0.5875613762827823 0.9326424629418473 0.5558522006841505