0 0.23435468757126568 0.4170593751425314 0.2444484378563284 0.4521015621436716 0.3252 0.41468437514253137 0.31599687457240594 0.3824968745724059 0.23435468757126568 0.4170593751425314
0 0.25454218700114023 0.5150562497149374 0.35488593728620293 0.465760937286203 0.3436046875712657 0.43547187457240594 0.24266718700114023 0.4746703124287343 0.25454218700114023 0.5150562497149374
0 0.27769843785632836 0.5239656248574687 0.29076093728620295 0.5394062497149373 0.36913749942987456 0.5085218745724059 0.35904218700114027 0.48773593728620296 0.27769843785632836 0.5239656248574687
0 0.20822968757126567 0.5881078129988597 0.23910468757126566 0.5762296875712657 0.2278234378563284 0.5423749999999999 0.19160468757126567 0.5536593751425314 0.20822968757126567 0.5881078129988597
0 0.30382343785632837 0.5601937502850627 0.3115421870011402 0.589889062713797 0.3943718745724059 0.5561703124287344 0.37626249942987455 0.5204015621436716 0.30382343785632837 0.5601937502850627
0 0.8857015621436716 0.36242031242873435 0.7740765621436716 0.41587187457240593 0.7936703124287343 0.4687312497149373 0.910046874572406 0.41366875028506267 0.8857015621436716 0.36242031242873435
0 0.901139062713797 0.38736406271379703 0.918953125427594 0.4348781254275941 0.9617031254275941 0.4243546875712657 0.9421078129988598 0.3701406248574687 0.901139062713797 0.38736406271379703
0 1 0.6124578129988597 0.9652656248574687 0.6296812497149373 0.9801093751425314 0.6783828129988597 1 0.6712562497149372 1 0.6124578129988597
0 0.6487937502850627 0.40458750057012544 0.6683890627137969 0.4455671870011403 0.7449828129988597 0.4081515621436716 0.7230140627137971 0.35577656214367165 0.6487937502850627 0.40458750057012544
0 0.6850140627137971 0.38914531242873435 0.6820453124287343 0.3345062497149373 0.6357312497149372 0.34341406271379704 0.6366218745724058 0.39318281299885977 0.6850140627137971 0.38914531242873435
0 0.46710624971493725 0.486546874572406 0.4718562497149373 0.5168374994298746 0.5235124994298745 0.5018406248574687 0.5122312497149373 0.463385937286203 0.46710624971493725 0.486546874572406
0 0.4077312497149373 0.3499468745724059 0.411885937286203 0.3737046875712657 0.48521562485746866 0.3477624994298746 0.4783875005701254 0.3208453124287344 0.4077312497149373 0.3499468745724059
0 0.5003562497149373 0.2418546875712657 0.527075 0.2721453124287343 0.5564656248574686 0.2515734378563284 0.5383562497149373 0.2228484378563284 0.5003562497149373 0.2418546875712657
0 0.6600765621436716 0.1307937502850627 0.628014062713797 0.14920468757126568 0.6529515621436716 0.19552968757126568 0.6882796875712658 0.17497812542759406 0.6600765621436716 0.1307937502850627
0 0.6024812497149372 0.061304687571265684 0.5721999999999999 0.08625 0.6001078129988597 0.12599531242873432 0.635139062713797 0.11000624971493729 0.6024812497149372 0.061304687571265684
0 0.5543874994298745 0.006070312428734321 0.5169812497149373 0.023887499429874573 0.5457781254275941 0.05474375028506272 0.5704187502850627 0.03873593728620297 0.5543874994298745 0.006070312428734321
0 0.3436046875712657 0.04705156214367161 0.36260624971493727 0.09040624971493728 0.39526249942987457 0.07344687457240592 0.37447968757126565 0.029232812998859752 0.3436046875712657 0.04705156214367161
0 0.3679484378563284 0.0012468745724059293 0.3228234378563284 0.0012468745724059293 0.3459796875712657 0.03695312542759407 0.38368281299885976 0.015556249714937286 0.3679484378563284 0.0012468745724059293
0 0.1613234378563284 0.022106249714937288 0.17319843785632838 0.0618984378563284 0.22693281299885973 0.03336875028506271 0.21297968757126567 0.0012468745724059293 0.1613234378563284 0.022106249714937288
0 0.07760312542759407 0.017948437856328395 0.09304062485746864 0.04823749942987458 0.12362031242873432 0.03693124971493728 0.11263437514253137 0.007257812998859749 0.07760312542759407 0.017948437856328395
0 0.8631390627137969 0.009634375142531357 0.8548265621436717 0.0012468745724059293 0.7853578129988597 0.0012468745724059293 0.8055468745724059 0.02863906271379704 0.8631390627137969 0.009634375142531357
0 0.28304218700114026 0.7603421870011403 0.2515734378563284 0.7740031254275941 0.2610734378563284 0.8084500000000001 0.2910593751425314 0.7957484378563284 0.28304218700114026 0.7603421870011403
0 0.19338593728620296 0.868435937286203 0.22901093728620295 0.8595265621436716 0.21772968757126568 0.8280484378563284 0.18507343785632838 0.8428968745724059 0.19338593728620296 0.868435937286203
0 0.44988749942987455 0.9278265621436715 0.4587937502850627 0.9622734378563285 0.5065906248574686 0.9453734378563283 0.49441875028506277 0.910603125427594 0.44988749942987455 0.9278265621436715