0 0.6748000000000001 0.5853156248574687 0.684003125427594 0.6175031254275941 0.7656453124287343 0.5829406248574687 0.7555515621436717 0.5478984378563284 0.6748000000000001 0.5853156248574687
0 0.6563953124287343 0.564528125427594 0.7573328129988598 0.5253296875712656 0.7454578129988597 0.4849437502850627 0.645114062713797 0.534239062713797 0.6563953124287343 0.564528125427594
0 0.6308625005701254 0.49147812542759406 0.6409578129988598 0.512264062713797 0.7223015621436717 0.47603437514253133 0.709239062713797 0.4605937502850627 0.6308625005701254 0.49147812542759406
0 0.7721765621436716 0.457625 0.8083953124287343 0.4463406248574686 0.7917703124287343 0.4118921870011402 0.7608953124287343 0.4237703124287343 0.7721765621436716 0.457625
0 0.605628125427594 0.4438296875712657 0.6237375005701254 0.4795984378563284 0.6961765621436715 0.4398062497149373 0.6884578129988598 0.41011093728620296 0.605628125427594 0.4438296875712657
0 0.20632968757126566 0.5312687502850627 0.08995312542759407 0.5863312497149372 0.11429843785632839 0.6375796875712656 0.22592343785632837 0.5841281254275941 0.20632968757126566 0.5312687502850627
0 0.03829687457240593 0.5756453124287343 0.05789218700114025 0.6298593751425313 0.09886093728620296 0.6126359372862029 0.08104687457240593 0.5651218745724059 0.03829687457240593 0.5756453124287343
0 0 0.3875421870011403 0.03473437514253135 0.3703187502850627 0.019890624857468644 0.3216171870011402 0 0.3287437502850627 0 0.3875421870011403
0 0.25501718700114023 0.5918484378563283 0.27698593728620297 0.6442234378563284 0.3512062497149373 0.5954124994298746 0.33161093728620294 0.5544328129988597 0.25501718700114023 0.5918484378563283
0 0.36426875028506267 0.656585937286203 0.36337812542759407 0.6068171870011403 0.31498593728620294 0.6108546875712657 0.3179546875712657 0.6654937502850627 0.36426875028506267 0.656585937286203
0 0.47648750057012546 0.49815937514253134 0.4877687502850627 0.536614062713797 0.5328937502850627 0.513453125427594 0.5281437502850628 0.48316250057012544 0.47648750057012546 0.49815937514253134
0 0.5147843751425314 0.6522375005701254 0.5216124994298745 0.6791546875712656 0.5922687502850628 0.6500531254275941 0.5881140627137971 0.6262953124287343 0.5147843751425314 0.6522375005701254
0 0.44353437514253136 0.7484265621436716 0.46164375028506266 0.7771515621436715 0.4996437502850627 0.7581453124287343 0.472925 0.7278546875712657 0.44353437514253136 0.7484265621436716
0 0.3470484378563284 0.8044703124287342 0.3117203124287343 0.8250218745724059 0.33992343785632845 0.8692062497149373 0.371985937286203 0.8507953124287343 0.3470484378563284 0.8044703124287342
0 0.39989218700114026 0.8740046875712657 0.364860937286203 0.8899937502850628 0.3975187502850627 0.9386953124287343 0.4278 0.91375 0.39989218700114026 0.8740046875712657
0 0.4542218745724059 0.9452562497149373 0.4295812497149373 0.961264062713797 0.4456125005701254 0.9939296875712657 0.4830187502850627 0.9761125005701254 0.4542218745724059 0.9452562497149373
0 0.6047375005701254 0.926553125427594 0.6255203124287343 0.9707671870011403 0.6563953124287343 0.9529484378563283 0.6373937502850627 0.9095937502850627 0.6047375005701254 0.926553125427594
0 0.6540203124287344 0.963046874572406 0.6163171870011402 0.9844437502850627 0.6320515621436716 0.998753125427594 0.6771765621436715 0.998753125427594 0.6540203124287344 0.963046874572406
0 0.7730671870011402 0.9666312497149372 0.7870203124287343 0.998753125427594 0.8386765621436717 0.9778937502850626 0.8268015621436716 0.9381015621436716 0.7730671870011402 0.9666312497149372
0 0.8763796875712656 0.9630687502850628 0.8873656248574686 0.9927421870011403 0.9223968745724059 0.9820515621436716 0.9069593751425313 0.9517625005701253 0.8763796875712656 0.9630687502850628
0 0.21464218700114024 0.998753125427594 0.19445312542759408 0.971360937286203 0.13686093728620297 0.9903656248574687 0.14517343785632839 0.998753125427594 0.21464218700114024 0.998753125427594
0 0.7389265621436716 0.19155 0.7089406248574687 0.20425156214367163 0.7169578129988597 0.23965781299885974 0.7484265621436716 0.22599687457240594 0.7389265621436716 0.19155
0 0.7822703124287343 0.17195156214367163 0.8149265621436717 0.15710312542759405 0.806614062713797 0.13156406271379703 0.7709890627137971 0.1404734378563284 0.7822703124287343 0.17195156214367163
0 0.4934093751425313 0.054626562143671606 0.5055812497149372 0.08939687457240593 0.5501125005701254 0.07217343785632839 0.5412062497149372 0.0377265621436716 0.4934093751425313 0.054626562143671606