0 0.7106168608893957 0.31624936374002277 0.7629008095781072 0.3009649885974915 0.7453128198403649 0.2519156020524515 0.7001584868871151 0.2590673454960091 0.7106168608893957 0.31624936374002277
0 0.020946620296465223 0.12427876966932724 0.08532924515393386 0.10567652223489167 0.07487676396807298 0.0751103283922463 0.01531864652223489 0.08874513911060433 0.020946620296465223 0.12427876966932724
0 0.08405179931584948 0.4252941938426454 0.1441127810718358 0.40597479589509694 0.12377346864310149 0.3041260763968073 0.05283456100342075 0.31676174458380846 0.08405179931584948 0.4252941938426454
0 0 0.5313802668187001 0.0014672862029646522 0.5406443477765108 0.04583790877993159 0.5294134196123147 0.026015278221208665 0.4751146031927024 0 0.47712267502850625 0 0.5313802668187001
0 0.672114834663626 0.6753861641961232 0.764801677309008 0.6494992884834663 0.7438280342075256 0.5967828244013683 0.6595694595210946 0.622736425313569 0.672114834663626 0.6753861641961232
0 0.47650088597491447 0.6713449874572406 0.562198558722919 0.6367584127708096 0.5562153614595211 0.616691078677309 0.46533052109464085 0.6450958084378563 0.47650088597491447 0.6713449874572406
0 0.48897014481185863 0.7057950661345496 0.5917373397947548 0.6727066738882554 0.5871230159635119 0.6524225313568985 0.4790984310148233 0.687745244013683 0.48897014481185863 0.7057950661345496
0 0.5311109532497149 0.7327439509692132 0.5991670718358039 0.7107566157354619 0.5931838734321551 0.6906892827822121 0.5259937662485747 0.7181443990877993 0.5311109532497149 0.7327439509692132
0 0.4011475096921323 0.859798338654504 0.45321513911060435 0.8431481755986318 0.4488155917901938 0.8242300649942987 0.3973976545039909 0.8449822223489167 0.4011475096921323 0.859798338654504
0 0.391128157354618 0.8319668084378564 0.4439149692132269 0.8109978437856328 0.4387962394526796 0.7963985359179019 0.38716173660205244 0.8157833603192702 0.391128157354618 0.8319668084378564
0 0.2544623819840365 0.6953057080957811 0.3789057411630559 0.6573825176738882 0.3695371345496009 0.6336496499429874 0.24487720980615738 0.6702055096921322 0.2544623819840365 0.6953057080957811
0 0.09333777765108324 0.18851230672748004 0.014235380843785634 0.21665658836944127 0.014610169897377423 0.23040946636259976 0.10374684036488027 0.2048808061573546 0.09333777765108324 0.18851230672748004
0 0.08493614937286202 0.16582067730900799 0.05762224515393387 0.1755523888255416 0.06318235461801597 0.18788442417331813 0.09404298631698975 0.17398722234891675 0.08493614937286202 0.16582067730900799
0 0.2538363523375143 0.7198195085518814 0.25933719954389967 0.7393684161915621 0.29146513797035345 0.7258716442417331 0.28621238540478905 0.7078891493728621 0.2538363523375143 0.7198195085518814