0 0 0.12970923717217786 0.00658459977194983 0.16713384606613454 0.04045987913340935 0.15432592246294183 0.028718800456100344 0.11344650399087798 0 0.12446119156214368 0 0.12970923717217786
0 0.1597574116305587 0.12857543785632838 0.14579915621436715 0.10178388027366021 0.11502769213226909 0.11748959977194984 0.12793848688711518 0.14109435917901939 0.1597574116305587 0.12857543785632838
0 0.29107048460661344 0.0987395165336374 0.3161270649942987 0.08503298631698974 0.30854256556442416 0.06094158836944128 0.2764640741163056 0.07800176852907639 0.29107048460661344 0.0987395165336374
0 0.40300723489167617 0.5496317970353478 0.41637729988597494 0.576504441277081 0.4488169817559863 0.5641586237172178 0.43757722120866593 0.5332344446978335 0.40300723489167617 0.5496317970353478
0 0.10042266248574686 0.5340543318129989 0.08218510376282782 0.5066665986316989 0.0592238677309008 0.5224722542759407 0.07730186545039908 0.5551240490307868 0.10042266248574686 0.5340543318129989
0 0.5180975849486887 0.3873001402508552 0.5463403797035348 0.3749445724059293 0.5334856191562144 0.3432059806157355 0.5019626795895097 0.35781972063854045 0.5180975849486887 0.3873001402508552
0 0.6235704994298745 0.9415305051311289 0.635030873432155 0.9846788836944128 0.6694241197263399 0.9734233557582668 0.6585391117445838 0.9279582941847206 0.6235704994298745 0.9415305051311289
0 0.2810687388825542 1 0.2854650900798176 0.9974344230330673 0.2762631197263398 0.9831542417331813 0.24988855302166477 1 0.2810687388825542 1
0 0.237519251995439 0.9975836465222349 0.2744367251995439 0.9744250376282781 0.26611109236031927 0.9642471915621437 0.2331019236031927 0.9832290342075257 0.237519251995439 0.9975836465222349
0 0.22666612428734323 0.9715548631698974 0.2650796727480046 0.9547751185860889 0.25911543557582667 0.9400793477765108 0.22376657354618015 0.9551897628278221 0.22666612428734323 0.9715548631698974
0 0.602957078677309 0.2957048323831243 0.596447282782212 0.27924911288483467 0.5619844857468643 0.2942760228050171 0.5702392953249714 0.3124824846066135 0.602957078677309 0.2957048323831243
0 0.6598270456100342 0.2865162656784493 0.6452792713797036 0.2598075598631699 0.6221529851767388 0.2744388198403649 0.6350089977194983 0.29978691904218924 0.6598270456100342 0.2865162656784493