0 0.1237984378563284 0.2094031254275941 0.019593750285062713 0.2075546875712657 0.024640624857468645 0.26100937514253136 0.12201562485746865 0.26100937514253136 0.1237984378563284 0.2094031254275941
0 0.5150812497149373 0.2183015621436716 0.5020187502850627 0.24914531242873433 0.5940515621436716 0.2687203124287343 0.5993937502850627 0.23906250057012543 0.5150812497149373 0.2183015621436716
0 0.4987531254275941 0.27693750057012545 0.487175 0.323885937286203 0.5792062497149373 0.33812187457240594 0.5857375005701254 0.295414062713797 0.4987531254275941 0.27693750057012545
0 0.46669062485746865 0.03765624971493729 0.5133 0.037382812998859746 0.5138937502850627 0.01662187457240593 0.4652062497149373 0.018993750285062713 0.46669062485746865 0.03765624971493729
0 0.5358625005701254 0.04983906271379703 0.5809875005701255 0.05577031242873432 0.5809875005701255 0.03322968757126568 0.5352687502850627 0.033823437856328395 0.5340812497149373 0.03145156214367161 0.5358625005701254 0.04983906271379703
0 0.6180968745724059 0 0.615425 0.02255312542759407 0.6748000000000001 0.02136718700114025 0.6789578129988598 0.0035718745724059296 0.6180968745724059 0
0 0.6866765621436716 0.03587812542759407 0.6825203124287343 0.05873750057012543 0.7418953124287344 0.0664484378563284 0.7502078129988596 0.04627968757126568 0.6866765621436716 0.03587812542759407
0 0.692910937286203 0.002965624857468643 0.6908328129988597 0.018401562143671606 0.7502078129988596 0.023739062713797037 0.7567390627137971 0.004757812998859749 0.692910937286203 0.002965624857468643
0 0.8743015621436716 0 0.869553125427594 0.010690624857468644 0.8731140627137971 0.01128281299885975 0.9170531254275941 0.021959375142531358 0.9212093751425313 0 0.8743015621436716 0
0 0.7442703124287343 0.995928125427594 0.6777687502850627 0.9882156248574687 0.6706453124287343 0.9977078129988597 0.7436765621436716 0.9987546875712657 0.7442703124287343 0.995928125427594
0 0.971678125427594 0.38457031242873435 0.971678125427594 0.4063421870011403 0.998753125427594 0.406935937286203 0.998396874572406 0.38320937514253134 0.971678125427594 0.38457031242873435
0 0.8336296875712658 0.35966406271379703 0.8315531254275941 0.3766781254275941 0.9087406248574685 0.3766781254275941 0.9093343751425315 0.36362812542759404 0.8336296875712658 0.35966406271379703
0 0.8318484378563283 0.39791250057012545 0.8321453124287342 0.4140484378563284 0.896271874572406 0.41760781299885974 0.8974593751425314 0.40159218700114024 0.8318484378563283 0.39791250057012545
0 0.8514421870011403 0.42815624971493726 0.8511453124287343 0.44726718700114027 0.8944906248574687 0.44726718700114027 0.8927078129988598 0.42769218700114026 0.8514421870011403 0.42815624971493726
0 0.7035984378563284 0.3721171870011402 0.6997374994298746 0.3861687502850627 0.7323953124287343 0.39091562485746867 0.7335828129988597 0.3784578129988598 0.7035984378563284 0.3721171870011402