0 0.4438739897377423 0.09262071835803877 0.4176157183580388 0.0325821425313569 0.38610862599771945 0.05311290992018244 0.4111343409350057 0.11246458722919042 0.4438739897377423 0.09262071835803877
0 0.4773760501710376 0.09463648916761687 0.5007919224629419 0.09620961117445838 0.491697149372862 0.043223323831242874 0.4648500011402509 0.04942865222348917 0.4773760501710376 0.09463648916761687
0 0.2222523534777651 0.7840827822120866 0.16648010490307869 0.7671227126567844 0.15168157924743442 0.8048196955530217 0.21289375598631696 0.8254887149372863 0.2222523534777651 0.7840827822120866
0 0.6646488323831242 0.9615049076396808 0.7215907890535918 0.9889242337514254 0.7669430798175598 0.9032644446978335 0.7058643625997719 0.8622025393386544 0.6646488323831242 0.9615049076396808
0 0.6042932474344356 0.19989451083238313 0.5814957309007982 0.1235743614595211 0.5664343033067275 0.13058358380843788 0.5839024389965792 0.1981129669327252 0.6042932474344356 0.19989451083238313
0 0.06065004218928164 0.5387140649942987 0.09912734207525656 0.5332779657924743 0.09641759635119727 0.4901582474344356 0.06028829874572406 0.4952420102622577 0.06065004218928164 0.5387140649942987
0 0.12186977309007982 0.6926899167616876 0.12206725541619155 0.611896701254276 0.08436883466362599 0.6095576442417332 0.08765588711516534 0.6939253226909919 0.12186977309007982 0.6926899167616876
0 0.20365437514253135 0.7072367753705816 0.20409712998859747 0.671876433295325 0.17066008779931582 0.6761155541619156 0.17021765792474344 0.7114743683010263 0.20365437514253135 0.7072367753705816
0 0.5134581459521095 0.5674565689851767 0.5142803728620297 0.6101750843785633 0.561740897377423 0.6131738369441277 0.5644013534777651 0.5740309863169898 0.5134581459521095 0.5674565689851767
0 0.5052519053591791 0.6593091573546179 0.5079564469783352 0.5733796339794756 0.4721894287343215 0.5686125176738883 0.4664893671607754 0.6553254184720638 0.5052519053591791 0.6593091573546179
0 0.5859335461801596 0.7750217867730901 0.5761960250855188 0.8094176248574686 0.6074799452679589 0.8105961083238312 0.6146056898517673 0.7789884937286203 0.5859335461801596 0.7750217867730901