0 0.26713728962371724 0.10782303420752565 0.25869860775370584 0.03262448118586089 0.19106284036488025 0.0361788677309008 0.18601295781071836 0.12110337172177879 0.26713728962371724 0.10782303420752565
0 0.4139205131128848 0.28383343329532496 0.3634180273660205 0.28234115849486885 0.35797833409350055 0.3109123215507411 0.40730386316989736 0.31301898061573546 0.4139205131128848 0.28383343329532496
0 0.3620791527936146 0.7160430809578108 0.33104515279361457 0.6050506054732041 0.27377635461801597 0.6242592588369441 0.30121170125427593 0.7331220262257697 0.3620791527936146 0.7160430809578108
0 0.418292015963512 0.7043821288483466 0.3920041676168757 0.593306810718358 0.34203357354618014 0.6052760535917902 0.3662037103762828 0.7141911277080959 0.418292015963512 0.7043821288483466
0 0.5677592827822121 0.7961031607753706 0.49027975256556444 0.8140674754846067 0.5047620935005701 0.86127503990878 0.5763775108323831 0.8475668392246294 0.5677592827822121 0.7961031607753706
0 0.3491735176738882 0.8272071208665907 0.37070533067274797 0.9039570900798175 0.43048895096921325 0.8928276522234891 0.4088754652223489 0.8113987069555303 0.3491735176738882 0.8272071208665907
0 0.30338044583808443 0.41509511516533637 0.29776836259977196 0.39976885062713796 0.2618964070695553 0.40294225997719496 0.26725003078677306 0.4204718095781072 0.30338044583808443 0.41509511516533637
0 0.5869506145952109 0.5347299794754846 0.5814057616875713 0.4891448072976055 0.5430951049030787 0.48877899087799315 0.553819582668187 0.5418358403648802 0.5869506145952109 0.5347299794754846
0 0.7854936556442417 0.4440542405929304 0.748207007981756 0.45123263740022806 0.7604285872291905 0.5050056567844926 0.8012047662485746 0.4936157172177879 0.7854936556442417 0.4440542405929304
0 0.6306209920182441 0.4509113112884835 0.630351842645382 0.4354917833523375 0.5534022622576966 0.44988536944127705 0.5578477525655644 0.4664196784492588 0.6306209920182441 0.4509113112884835
0 0.772643779931585 0.4223283181299886 0.7771446054732042 0.40801164994298744 0.7001241322690992 0.41825427708095786 0.7063506020524515 0.43475749942987457 0.772643779931585 0.4223283181299886
0 0.7428951311288484 0.4531053158494869 0.743865031927024 0.4406286761687571 0.7080430809578108 0.44675635119726337 0.7079727309007982 0.45964704218928165 0.7428951311288484 0.4531053158494869
0 0.6280978392246295 0.476465488027366 0.6289849486887116 0.4592458209806157 0.5890745450399087 0.4692938836944128 0.5956209965792474 0.487118283922463 0.6280978392246295 0.476465488027366
0 0.9297863204104903 0.23923291676168756 0.9306837662485746 0.2226053454960091 0.8700755667046751 0.23752631470923602 0.8730625883694413 0.2556472565564424 0.9297863204104903 0.23923291676168756
0 0.914389015963512 0.2756915644241733 0.914703165336374 0.25966801482326113 0.8768368187001141 0.26765665450399084 0.8836532930444697 0.2839401698973774 0.914389015963512 0.2756915644241733
0 0.9247917730900798 0.2933064435575827 0.920950330672748 0.2773569931584949 0.9038619885974915 0.2849782622576967 0.9076362029646522 0.2971658118586089 0.9247917730900798 0.2933064435575827
0 0.9212915655644242 0.3989695598631699 0.9728467685290764 0.3927297856328392 0.9660716396807297 0.3447938517673888 0.9216594857468644 0.35209506271379704 0.9212915655644242 0.3989695598631699
0 0.16865603534777648 0.8618019167616876 0.1621277970353478 0.828099779931585 0.11192554618015964 0.8438080102622577 0.12200381984036487 0.8768543397947549 0.16865603534777648 0.8618019167616876