0 0.8760029942987457 0.7926741858608893 0.8480045860889396 0.8143363842645381 0.8877833534777652 0.8642698312428735 0.9149055233751426 0.8429054629418471 0.8760029942987457 0.7926741858608893
0 0.7276075838084378 0.9335039156214368 0.7541252257696693 0.9630018278221208 0.7908623888255416 0.9379103922462941 0.7669990912200684 0.9023355473204104 0.7276075838084378 0.9335039156214368
0 0.6686831527936146 0.728101598631699 0.6896781676168757 0.7543262440136831 0.73681317331813 0.7234279817559863 0.7131937286202965 0.692506125427594 0.6686831527936146 0.728101598631699
0 0.6491845096921324 0.7077394868871152 0.6917548814139111 0.6918475575826682 0.6880762234891676 0.6783794389965793 0.6489687662485747 0.6923077525655644 0.6491845096921324 0.7077394868871152
0 0.648447259977195 0.6596668757126567 0.6492853705815279 0.6756589920182441 0.6758827445838085 0.6669409817559863 0.6737897901938427 0.6553674709236031 0.648447259977195 0.6596668757126567
0 0.6166118084378563 0.6761837753705816 0.6752954435575826 0.6273721790193844 0.6640001128848346 0.6160837993158494 0.6076587913340934 0.6641796396807298 0.6166118084378563 0.6761837753705816
0 0.9185901208665906 0.4934477685290764 0.9682197662485746 0.45342519156214367 0.9446977970353477 0.4243632827822121 0.897439897377423 0.46426156214367165 0.9185901208665906 0.4934477685290764
0 0.9069065621436715 0.30457696009122004 0.9369336088939567 0.28755870581527937 0.8977842896237171 0.23258853819840367 0.8703461824401368 0.2536268072976055 0.9069065621436715 0.30457696009122004
0 0.8681855530216648 0.16701963169897377 0.8993814424173318 0.20636901710376282 0.9429353340935006 0.1808514857468643 0.9156002212086659 0.13008283124287343 0.8681855530216648 0.16701963169897377
0 0.705354961231471 0.4862086510832383 0.6698501311288484 0.4553996077537058 0.6527419338654503 0.4806498985176739 0.6767229395667046 0.5127982633979475 0.705354961231471 0.4862086510832383
0 0.8479144013683011 0.6878208437856329 0.8564701288483467 0.6695542884834664 0.802094803876853 0.624696409350057 0.7900394709236032 0.6385838688711516 0.8479144013683011 0.6878208437856329
0 0.509420937286203 0.8885096978335233 0.5250173774230331 0.913828141391106 0.5469937377423033 0.8963806385404789 0.5334240022805017 0.8700265815279362 0.509420937286203 0.8885096978335233
0 0.3870167331812999 0.8105777856328392 0.39687318700114027 0.8284755302166477 0.4434797366020525 0.793136337514253 0.43093593500570126 0.7750133044469784 0.3870167331812999 0.8105777856328392
0 0.6882776989737742 0.39859952793614595 0.6959517035347776 0.4088885655644242 0.7253950820980615 0.3864355963511973 0.7168068962371721 0.3757203819840365 0.6882776989737742 0.39859952793614595
0 0.6710871744583808 0.37692888711516537 0.6823824241733182 0.38821570809578104 0.7074721676168757 0.3677777263397948 0.6965911824401368 0.3530207194982896 0.6710871744583808 0.37692888711516537
0 0.7642140114025086 0.5882586875712656 0.7672377491448119 0.6005751299885975 0.800984 0.5864536955530216 0.7961115302166476 0.5729261003420753 0.7642140114025086 0.5882586875712656
0 0.4231217787913341 0.3649759486887115 0.3911078449258837 0.34408216989737744 0.3644815929304447 0.36923671721778795 0.388473842645382 0.39589728392246293 0.4231217787913341 0.3649759486887115
0 0.42485089509692137 0.31855464766248576 0.40115824857468646 0.3429608859749145 0.4151921938426454 0.3554826282782212 0.4400747673888255 0.3367640969213227 0.42485089509692137 0.31855464766248576
0 0.17574660889395666 0.6933491527936146 0.2072048677309008 0.6922950604332954 0.20638184378563285 0.6425559053591791 0.17657385062713796 0.6410341619156215 0.17574660889395666 0.6933491527936146
0 0.756232684150513 0.5607605883694413 0.7611593637400228 0.5753524298745725 0.7768803055872292 0.5690115952109464 0.7756443728620296 0.5567735689851767 0.756232684150513 0.5607605883694413
0 0.43146962257696697 0.5356072759407069 0.4200749635119726 0.5451135302166477 0.45018797605473204 0.5807879897377423 0.46060736031927024 0.5697197001140251 0.43146962257696697 0.5356072759407069
0 0.7194205290763969 0.17600207639680732 0.7225994743443558 0.19128007867730903 0.7573790490307867 0.17988799315849488 0.7552792257696693 0.16818341277080956 0.7194205290763969 0.17600207639680732
0 0.7148385176738882 0.15664190992018245 0.7155215017103762 0.16967402508551882 0.7315912462941847 0.16431628278221208 0.7266041014823261 0.15424317217787914 0.7148385176738882 0.15664190992018245
0 0.6531219464082099 0.22699644925883694 0.6578018369441276 0.23684940136830104 0.6730091220068416 0.23775475484606615 0.6719717730900798 0.22363344241733182 0.6531219464082099 0.22699644925883694
0 0.649539441277081 0.20401807753705817 0.6474145963511972 0.22016860433295324 0.6666034948688712 0.21760300684150513 0.6655813568985176 0.203771921322691 0.649539441277081 0.20401807753705817
0 0.6740625610034208 0.22946325883694416 0.6795495416191563 0.24343117217787913 0.6988499407069555 0.23729077765108325 0.6921952348916761 0.2237611402508552 0.6740625610034208 0.22946325883694416
0 0.8773823489167617 0.3197851687571266 0.8579178745724059 0.28873005017103764 0.8189931379703534 0.30047236830102625 0.8300670079817559 0.33592733409350056 0.8773823489167617 0.3197851687571266