0 0 0.9401953124287343 0.04067187457240593 0.9597703124287343 0.06679687457240592 0.9084984378563284 0 0.8773187502850627 0 0.9401953124287343
0 0.04601562485746864 0.9834968745724059 0.03235937514253136 0.9977328129988597 0.08104687457240593 0.9987546875712657 0.07748437514253136 0.9965468745724059 0.04601562485746864 0.9834968745724059
0 0.5468468745724059 0.7359296875712658 0.5251750000000001 0.8061375005701253 0.5625812497149373 0.8180015621436716 0.5803937502850627 0.7462265621436717 0.5468468745724059 0.7359296875712658
0 0.4747062497149373 0.750971874572406 0.4845031254275941 0.7145828129988597 0.392175 0.6916546875712656 0.37911250057012547 0.7248734378563284 0.4747062497149373 0.750971874572406
0 0.541503125427594 0.5864906248574686 0.5328937502850627 0.6181015621436716 0.57505 0.6275921870011403 0.5827687502850627 0.6008984378563283 0.541503125427594 0.5864906248574686
0 0.3607062497149373 0.454978125427594 0.3669406248574687 0.4157031254275941 0.3328 0.4122687502850627 0.3256734378563284 0.450825 0.3607062497149373 0.454978125427594
0 0.7490203124287343 0.3543265621436716 0.7341765621436716 0.41760781299885974 0.8167078129988598 0.43421718700114026 0.823239062713797 0.3600703124287343 0.7490203124287343 0.3543265621436716
0 0.9458484378563284 0.34365156214367165 0.9348656248574687 0.4045578129988598 0.9728656248574687 0.4098968745724059 0.9894906248574686 0.35888281299885977 0.9458484378563284 0.34365156214367165
0 0.749614062713797 0.18626875028506273 0.742785937286203 0.2653734378563284 0.7917703124287343 0.2705 0.806614062713797 0.19398124971493727 0.749614062713797 0.18626875028506273
0 0.6106765621436716 0.023739062713797037 0.607114062713797 0.06170312542759407 0.6599578129988598 0.06466875028506272 0.6653 0.027892187001140253 0.6106765621436716 0.023739062713797037
0 0.2591734378563284 0.16218906271379704 0.24670468757126565 0.19813281299885974 0.31023749942987455 0.21948750057012542 0.32211093728620294 0.18330312542759408 0.2591734378563284 0.16218906271379704
0 0.20692343785632838 0.29600781299885975 0.20573593728620296 0.31696562485746865 0.2377984378563284 0.314989062713797 0.2419546875712657 0.2995671870011402 0.20692343785632838 0.29600781299885975
0 0.20662656214367162 0.32230312542759404 0.19564218700114022 0.3576968745724059 0.21464218700114024 0.3624421870011403 0.22414218700114025 0.328039062713797 0.20662656214367162 0.32230312542759404
0 0.9476312497149373 0.646978125427594 0.939614062713797 0.6815703124287343 0.9847406248574686 0.6851296875712657 0.9883031254275941 0.6501312497149373 0.9476312497149373 0.646978125427594
0 0.7157703124287342 0.7480062497149373 0.749910937286203 0.7581687502850627 0.7620828129988597 0.7064843751425314 0.725864062713797 0.6981796875712657 0.7157703124287342 0.7480062497149373
0 0.18495312542759407 0.6934343751425313 0.2208765621436716 0.7030187502850628 0.23482968757126568 0.6667406248574687 0.18673593728620297 0.6578437502850628 0.18495312542759407 0.6934343751425313
0 0.2422515621436716 0.6709968745724059 0.23067343785632838 0.7052968745724059 0.25145468757126566 0.7118234378563283 0.265110937286203 0.6774187502850627 0.2422515621436716 0.6709968745724059
0 0.40078437514253135 0.8026453124287343 0.39455 0.816814062713797 0.44739375028506273 0.8304578129988598 0.4509562497149373 0.816814062713797 0.40078437514253135 0.8026453124287343
0 0.08728124971493728 0.33653593728620296 0.07510937514253135 0.40870937514253136 0.12973593728620297 0.4146421870011402 0.15051562485746867 0.341089062713797 0.08728124971493728 0.33653593728620296