0 0.9142359464082098 0.11060828620296466 0.8905306818700114 0.14263028392246294 0.9301642519954391 0.1758375541619156 0.9510850809578107 0.14580380501710374 0.9142359464082098 0.11060828620296466
0 0.1884847103762828 0.2822528221208666 0.1765917092360319 0.31608143899657926 0.20159704332953252 0.3273821664766249 0.2123916716077537 0.29182181755986314 0.1884847103762828 0.2822528221208666
0 0.14504486088939567 0.25918680729760546 0.15157961459521097 0.2708150581527936 0.2021394709236032 0.2659498015963512 0.2005966316989738 0.24427685290763967 0.14504486088939567 0.25918680729760546
0 0.28307539566704676 0.8627848517673888 0.3161899099201824 0.9352062462941847 0.36636143101482327 0.915001204104903 0.33537520296465223 0.841766645381984 0.28307539566704676 0.8627848517673888
0 0.7839639099201824 0.9151711254275942 0.7773205153933865 0.9510554275940707 0.8289216727480045 0.9490407628278221 0.8296761767388825 0.917566803876853 0.7839639099201824 0.9151711254275942
0 0.7159698415051311 0.9062613169897377 0.7126946351197263 0.9233164047890535 0.7698554903078677 0.9174405450399088 0.7681159749144811 0.8994905313568985 0.7159698415051311 0.9062613169897377
0 0.7700324104903079 1 0.7484898597491448 0.9786515541619156 0.7229695450399088 1 0.7700324104903079 1
0 0.8972419942987456 0.6734151984036488 0.8558231128848347 0.7140109498289623 0.8818286088939566 0.7403220935005701 0.9226530741163056 0.6996936259977194 0.8972419942987456 0.6734151984036488
0 0.6992871710376283 0.36129291676168757 0.6694553660205245 0.3852723158494869 0.6947314846066134 0.408453496009122 0.7192934355758267 0.3884772189281642 0.6992871710376283 0.36129291676168757
0 0.5362503922462941 0.2802820205245154 0.5069820912200684 0.30488395210946406 0.5301012257696693 0.32945571379703537 0.5583831721778791 0.3123295929304447 0.5362503922462941 0.2802820205245154
0 0.36292253021664767 0.16843871379703534 0.3356518734321551 0.18898807753705815 0.3550985302166476 0.20983284150513112 0.3828015655644242 0.1867056989737742 0.36292253021664767 0.16843871379703534
0 0.6120349874572406 0.231389086659065 0.5818896693272521 0.2500056647662486 0.5983210889395667 0.27157017217787915 0.6247288369441277 0.2504686419612315 0.6120349874572406 0.231389086659065
0 0.90016821322691 0.2767825872291904 0.8733679190421892 0.2997317309007982 0.8990044127708096 0.3274113751425313 0.9262047833523376 0.30250079361459525 0.90016821322691 0.2767825872291904
0 0.8013702850627138 0.8329256396807297 0.8272532075256557 0.8616054903078677 0.8525958437856328 0.8380479737742303 0.8299540695553022 0.8100699635119727 0.8013702850627138 0.8329256396807297
0 0.7879550775370582 0.15745095324971495 0.8008973591790194 0.17179013797035347 0.823574385404789 0.14798339794754847 0.8103207115165336 0.13961578791334092 0.7879550775370582 0.15745095324971495
0 0.8037409452679589 0.17431585860889395 0.819618394526796 0.1894034344355758 0.8428579498289623 0.1662676795895097 0.827604511972634 0.1506182417331813 0.8037409452679589 0.17431585860889395
0 0.7826434002280501 0.24745881413911058 0.7793992668187001 0.2639209646522235 0.8060456328392246 0.27800357696693273 0.814772425313569 0.2705250535917902 0.7826434002280501 0.24745881413911058
0 0.8874029338654504 0.22503108095781071 0.8801262212086659 0.2389051984036488 0.9135071653363741 0.2551307080957811 0.9216848129988597 0.24108319156214367 0.8874029338654504 0.22503108095781071
0 0.5204656374002281 0.9108654150513114 0.5354086579247435 0.9324379737742303 0.5644763249714937 0.9173667286202964 0.547613638540479 0.8926863181299886 0.5204656374002281 0.9108654150513114