0 0.5432431299885975 0.549365322690992 0.5513028095781072 0.6026718415051311 0.6223964697833524 0.5919294503990877 0.6137845792474345 0.5410079315849486 0.5432431299885975 0.549365322690992
0 0.4709312405929304 0.515294023945268 0.4375569737742303 0.5179550148232611 0.4389485336374002 0.5636564401368301 0.47511052907639684 0.5594621881413911 0.4709312405929304 0.515294023945268
0 0.47022320068415047 0.21957227822120867 0.4182994070695553 0.23146466020524514 0.4312860581527936 0.29477890421892816 0.48582353591790195 0.28848238540478904 0.47022320068415047 0.21957227822120867
0 0.14013934663626 0.2930317251995439 0.08680447320410489 0.29722881071835805 0.1087256898517674 0.3960190912200684 0.16264878449258838 0.3885456157354618 0.14013934663626 0.2930317251995439
0 0.09477959977194983 0.5521456385404789 0.0549237251995439 0.546606 0.05701256898517674 0.5982336590649944 0.09267260433295325 0.599392732041049 0.09477959977194983 0.5521456385404789
0 0 0.4329191368301026 0.00039436944127708095 0.4555125450399088 0.06394281755986317 0.450840259977195 0.05636666590649943 0.3417042976054732 0 0.3450006476624857 0 0.4329191368301026
0 0.20777687343215506 0.08133310604332952 0.19479708437856327 0.005251172177879133 0.15240822805017104 0.005991072976054733 0.17466763740022803 0.09022479703534778 0.20777687343215506 0.08133310604332952
0 0.10929161801596352 0.05662627366020525 0.07848315735461801 0.05864863854047891 0.08013678335233752 0.08534259407069555 0.11631794070695553 0.08233568871151653 0.10929161801596352 0.05662627366020525
0 0.17515226225769667 0.10447007069555302 0.14353782554161915 0.110364905359179 0.14886895781071835 0.14352691448118585 0.1785286875712657 0.14122924287343216 0.17515226225769667 0.10447007069555302
0 0.40164159293044466 0.7302876020524515 0.3680501299885975 0.721669417331813 0.3581737787913341 0.8364545781071835 0.3926257696693273 0.836447055872292 0.40164159293044466 0.7302876020524515
0 0.9558649304446978 0.28057470353477765 0.9270448152793614 0.2813746795895097 0.9276769201824402 0.317587913340935 0.9620993865450399 0.31579938654503986 0.9558649304446978 0.28057470353477765
0 0.887257913340935 0.8604728814139111 0.8886598643101482 0.906769527936146 0.9243613215507412 0.910301677309008 0.9162825336374003 0.8558109338654505 0.887257913340935 0.8604728814139111
0 0.6276880193842646 0.871535936145952 0.5540486499429874 0.8621337502850628 0.556142062713797 0.8799124230330673 0.6263784355758267 0.888187890535918 0.6276880193842646 0.871535936145952
0 0.6155275587229191 0.940338331812999 0.5802750695553022 0.9353106191562144 0.5761356374002281 0.9704210228050172 0.6088999110604333 0.9757875245153934 0.6155275587229191 0.940338331812999
0 0.4367768323831243 0.9060449270239452 0.37773213454960086 0.9020294743443558 0.375321842645382 0.9341389304446978 0.4295692953249715 0.9450688460661345 0.4367768323831243 0.9060449270239452
0 0.007223196123147092 0.8467357639680729 0.041198875712656784 0.8505965188141391 0.06281138312428734 0.7602524446978335 0.005678531356898517 0.7541236168757126 0.007223196123147092 0.8467357639680729