0 0.5435918084378563 0.588781692132269 0.5415311208665906 0.6367240171037628 0.6149823911060434 0.6322682531356899 0.6160851767388825 0.5799104629418472 0.5435918084378563 0.588781692132269
0 0.5397689543899657 0.44663754275940704 0.543129503990878 0.4853605290763968 0.6398197434435575 0.4780330832383124 0.6447726944127707 0.44166942189281644 0.5397689543899657 0.44663754275940704
0 0.5322554036488027 0.3732683911060433 0.5259339407069555 0.40890125085518814 0.5622378244013684 0.4103948631698974 0.5688441299885975 0.37796425085518814 0.5322554036488027 0.3732683911060433
0 0.4689235792474344 0.3754603204104903 0.46910968871151654 0.4087321277080958 0.49516629076396806 0.4100436841505131 0.49709229646522235 0.3736853660205245 0.4689235792474344 0.3754603204104903
0 0.21490282896237173 0.4686928825541619 0.20544087229190422 0.5049234264538198 0.26326128392246295 0.510858881413911 0.27197034207525655 0.47072228848346637 0.21490282896237173 0.4686928825541619
0 0.66948251995439 0.5292591755986317 0.6687347537058153 0.5828941071835804 0.7060984811858609 0.5851588015963511 0.7076900992018245 0.5318502554161916 0.66948251995439 0.5292591755986317
0 0.8796474561003421 0.5060576966932725 0.8837380832383125 0.5503599954389965 0.9189843728620296 0.5495150946408209 0.9185341961231471 0.5051547970353478 0.8796474561003421 0.5060576966932725
0 0.7626508118586088 0.656741228050171 0.77156778677309 0.7104433899657925 0.8174980136830102 0.70286651995439 0.8081575222348917 0.6528990376282782 0.7626508118586088 0.656741228050171
0 0.7212563283922463 0.7296686066134549 0.7201686841505132 0.7850520627137971 0.7660652440136829 0.7807683340935005 0.7624398905359179 0.7231730843785633 0.7212563283922463 0.7296686066134549
0 0.7752616830102622 0.7879042029646522 0.7868511356898518 0.8403128449258838 0.8494949167616875 0.8323253397947549 0.8414567924743445 0.7772054469783353 0.7752616830102622 0.7879042029646522
0 0.90564765336374 0.8452761664766248 0.9414623363740022 0.8492946989737743 0.9478153808437857 0.8166111151653364 0.9117440649942988 0.8108092884834663 0.90564765336374 0.8452761664766248
0 0.5527680068415051 0.7096087765108324 0.5600445290763968 0.74063282668187 0.6114123511972633 0.73620765336374 0.6088455028506271 0.7011726214367161 0.5527680068415051 0.7096087765108324
0 0.6631603443557583 0.6271307115165337 0.6656593112884835 0.65783096009122 0.7047599988597492 0.6573914618015964 0.7054138654503991 0.6244659794754845 0.6631603443557583 0.6271307115165337
0 0.4562354230330673 0.7923630444697833 0.4649094344355758 0.8442033899657925 0.5164173797035347 0.83282565336374 0.5053981710376283 0.7759356727480046 0.4562354230330673 0.7923630444697833
0 0.5256162371721779 0.8928652246294185 0.5177386636259977 0.8587016180159636 0.475858669327252 0.8656682223489167 0.48656956670467505 0.9070296978335234 0.5256162371721779 0.8928652246294185
0 0.26871470239452677 0.9293396773090079 0.2802989338654504 0.9599929258836944 0.33733464994298745 0.9466271619156214 0.3275255165336374 0.9099535689851767 0.26871470239452677 0.9293396773090079