0 0.16392305587229192 0.1216907605473204 0.21912547776510832 0.06888087799315849 0.18508886202964653 0.020707134549600915 0.12503121778791335 0.08868096351197263 0.16392305587229192 0.1216907605473204
0 0.09138964652223489 0.24090962713797034 0.0609276590649943 0.26094383922462944 0.08831759521094641 0.30708609806157355 0.1160014298745724 0.2907664344355758 0.09138964652223489 0.24090962713797034
0 0.3899757149372862 0.5209869885974915 0.40222212200684154 0.48808534549600907 0.3701126145952109 0.4766830125427594 0.3555954002280502 0.5059923272519954 0.3899757149372862 0.5209869885974915
0 0.35577240820980616 0.44697249144811857 0.37218540364880276 0.4141294298745724 0.3399850307867731 0.3896483033067275 0.31932076852907637 0.4151146875712657 0.35577240820980616 0.44697249144811857
0 0.6465386031927024 0.328278236031927 0.601019441277081 0.2992488654503991 0.583568456100342 0.32930336830102624 0.6219157947548462 0.35762586316989736 0.6465386031927024 0.328278236031927
0 0.6348960285062714 0.276269409350057 0.6687231083238312 0.22968519498289625 0.6422011448118586 0.21144981870011403 0.6076754697833523 0.25607885404789055 0.6348960285062714 0.276269409350057
0 0.6121341220068415 0.7439015496009121 0.5901972029646522 0.7167217651083237 0.564885031927024 0.7329155689851768 0.5848512633979476 0.7621998129988597 0.6121341220068415 0.7439015496009121
0 0.7538432303306727 0.8952236989737742 0.7314399646522235 0.870490425313569 0.709903094640821 0.8906514572405929 0.7286212234891676 0.918810417331813 0.7538432303306727 0.8952236989737742
0 0.16013211516533638 0.951310503990878 0.1378080387685291 0.922415818700114 0.10775018358038768 0.9501613249714937 0.1227879566704675 0.9761349042189281 0.16013211516533638 0.951310503990878
0 0.9468014116305588 0.663039661345496 0.981896677309008 0.6236364150513113 0.9545330182440137 0.6006855028506272 0.9185106442417331 0.6394457639680731 0.9468014116305588 0.663039661345496
0 0.8803329201824401 0.6540372656784493 0.9082777126567846 0.6257093637400228 0.884627125427594 0.6055382462941847 0.8612469418472064 0.6359066134549601 0.8803329201824401 0.6540372656784493
0 0.846379110604333 0.7209231231470924 0.8259100114025085 0.687716070695553 0.7949171539338654 0.7089656716077537 0.8144148301026226 0.7406542953249715 0.846379110604333 0.7209231231470924
0 0.6012046670467502 0.16661364994298747 0.6240215096921323 0.13687093500570124 0.5866113660205245 0.10374123945267959 0.5622022428734322 0.13713635689851766 0.6012046670467502 0.16661364994298747
0 0 0.24826622462941847 0.026761948688711516 0.23299675940706954 0 0.18650724857468642 0 0.24826622462941847
0 0.07946587913340934 0.586311717217788 0.10268272405929305 0.5584991505131129 0.07850135005701254 0.5395449794754846 0.05852332953249715 0.5667606590649943 0.07946587913340934 0.586311717217788
0 0.642811433295325 0.4273043261117446 0.6899509714937286 0.45888989395667046 0.694798582668187 0.44361056328392245 0.6550789247434436 0.411792598631699 0.642811433295325 0.4273043261117446
0 0.6519282941847206 0.5161771071835803 0.6782180102622577 0.4902735233751425 0.6498550068415051 0.470943937286203 0.62095030672748 0.4980328791334093 0.6519282941847206 0.5161771071835803
0 0.6546330832383124 0.7719970786773089 0.6446150912200684 0.7566894640820981 0.6215488061573546 0.7703873090079818 0.6301894583808437 0.787776109464082 0.6546330832383124 0.7719970786773089
0 0.5889971014823262 0.7845822611174459 0.6004796978335233 0.7994438631698974 0.6406805792474344 0.7610591824401368 0.6316971482326111 0.7484448631698974 0.5889971014823262 0.7845822611174459