0 1 0.23958685404789054 0.9701828221208666 0.20215263740022804 0.9309210205245154 0.23472152907639682 0.973342802736602 0.29825564310148234 1 0.28568745153933867 1 0.23958685404789054
0 0.7614710057012543 0.1280711242873432 0.7727354891676169 0.15816825883694413 0.8261086510832384 0.14258792702394527 0.8116684720638541 0.10910982098061574 0.7614710057012543 0.1280711242873432
0 0.5455174583808438 0.3761348483466363 0.5191743055872292 0.35674867388825543 0.4984373683010262 0.38800287913340936 0.5287125952109464 0.4057765450399088 0.5455174583808438 0.3761348483466363
0 0.6364615142531357 0.3615783888255416 0.6149703329532498 0.33680587229190423 0.5772667605473204 0.3671716795895097 0.6067607753705815 0.38903846294184724 0.6364615142531357 0.3615783888255416
0 0.6535918563283922 0.6119400216647662 0.6190406978335233 0.6447866294184721 0.6436667628278222 0.6741315245153934 0.6801594310148232 0.6343447981755986 0.6535918563283922 0.6119400216647662
0 0.7594734857468644 0.6901470034207525 0.7215177867730901 0.6483960992018244 0.6969071698973774 0.6716970638540478 0.7369096556442417 0.7130994982896236 0.7594734857468644 0.6901470034207525
0 0.2593557742303307 0.5234539179019384 0.22704932383124285 0.5380316624857469 0.2403319771949829 0.5680774925883695 0.2709081459521095 0.5511935644241733 0.2593557742303307 0.5234539179019384
0 0.07883412656784493 0.6388782816419613 0.04785259521094641 0.6524222884834664 0.06670122234891676 0.6813569064994299 0.09494902964652223 0.6635888836944127 0.07883412656784493 0.6388782816419613
0 0.12479110376282783 0.03553964652223489 0.09660083922462942 0.045838696693272514 0.11456335575826683 0.08692622576966934 0.14689560091220066 0.0699588118586089 0.12479110376282783 0.03553964652223489
0 0.3219153055872292 0.9301437867730901 0.2899991197263398 0.8879380250855188 0.26185102622576967 0.9117019543899658 0.2945614196123147 0.9531063454960091 0.3219153055872292 0.9301437867730901
0 0.3292753181299886 0.8604572508551881 0.30342824059293044 0.8321588529076397 0.2822587879133409 0.847806518814139 0.30530376396807296 0.8802458551881414 0.3292753181299886 0.8604572508551881
0 0.24299715963511972 0.7541501915621437 0.20840422234891676 0.7678489828962372 0.22228509350057013 0.8027539361459521 0.258542078677309 0.7883621516533638 0.24299715963511972 0.7541501915621437
0 0.8751987936145953 0.654105157354618 0.846549622576967 0.6242678620296466 0.8107474572405929 0.6575590729760548 0.8360762098061574 0.6851940444697833 0.8751987936145953 0.654105157354618
0 0.9225223637400227 0.049380548460661346 0.8299720877993159 0.038016803876852905 0.84512378677309 0.08031612428734322 0.9227788323831242 0.05216380159635119 0.9225223637400227 0.049380548460661346
0 0.5342482702394526 0.07803794868871151 0.5109152041049031 0.05363748574686431 0.4880245347776511 0.07086686431014823 0.5113830034207526 0.0985605952109464 0.5342482702394526 0.07803794868871151
0 0.5217063352337514 0.7016310775370582 0.5599381596351197 0.6680399817559863 0.5467923181299886 0.6532652782212086 0.5075009110604333 0.6942038848346637 0.5217063352337514 0.7016310775370582
0 0.5025925872291904 0.652623905359179 0.48093443557582666 0.6194543865450398 0.4576865883694413 0.6468110376282783 0.47863147776510834 0.6771994629418472 0.5025925872291904 0.652623905359179
0 0.21261375370581528 0.5727499441277081 0.19398869327251997 0.5782397901938426 0.20528341391106045 0.6050520627137971 0.22209807753705815 0.5978444059293044 0.21261375370581528 0.5727499441277081
0 0.2184779669327252 0.593210874572406 0.23246060205245156 0.5865543751425314 0.2042869977194983 0.5382278449258837 0.18765724515393387 0.5469553033067275 0.2184779669327252 0.593210874572406