0 0.09440624971493729 0.580264062713797 0.12736093728620296 0.569460937286203 0.10776718700114025 0.5344625005701255 0.07689218700114026 0.5487 0.09440624971493729 0.580264062713797
0 0.08015781299885974 0.7537203124287343 0.11845312542759408 0.7189421870011402 0.07867187457240593 0.6774187502850627 0.04007812542759407 0.7124156248574687 0.08015781299885974 0.7537203124287343
0 0.3954406248574686 0.649646874572406 0.43255 0.6809781254275941 0.4574874994298746 0.6560640627137971 0.41355000000000003 0.6216593751425314 0.3954406248574686 0.649646874572406
0 0.5412062497149372 0.917060937286203 0.5097375005701255 0.8874015621436716 0.48598749942987457 0.9105375005701254 0.5150812497149373 0.9342640627137971 0.5412062497149372 0.917060937286203
0 0.7739578129988597 0.6905656248574686 0.7941453124287342 0.6703 0.7389265621436716 0.6299656248574687 0.7193328129988598 0.6507265621436715 0.7739578129988597 0.6905656248574686
0 0.6243312497149373 0.6140656248574687 0.6670828129988597 0.5736125005701254 0.615425 0.5362421870011402 0.5851453124287344 0.577764062713797 0.6243312497149373 0.6140656248574687
0 0.24937656214367163 0.42726718700114025 0.24670468757126565 0.40811718700114025 0.17723593728620296 0.4116765621436716 0.17486093728620294 0.42769218700114026 0.24937656214367163 0.42726718700114025
0 0.33576875028506276 0.15240468757126566 0.3547687502850627 0.103225 0.31973749942987456 0.09610781299885975 0.3019234378563284 0.14000312542759408 0.33576875028506276 0.15240468757126566
0 0.2704546875712657 0.13051093728620294 0.2847046875712657 0.11212187457240592 0.286485937286203 0.10856406271379704 0.25739218700114025 0.09373437514253134 0.23898593728620296 0.12220624971493728 0.2704546875712657 0.13051093728620294
0 0.34378281299885977 0.33475781299885976 0.3464546875712657 0.30431093728620295 0.3138 0.2924484378563284 0.3084546875712657 0.3262593751425314 0.34378281299885977 0.33475781299885976
0 0.302814062713797 0.3338671870011402 0.2686734378563284 0.3262593751425314 0.26036093728620296 0.3493921870011402 0.2894546875712657 0.3571046875712657 0.302814062713797 0.3338671870011402
0 0.2805484378563284 0.21296250057012542 0.2760953124287343 0.24580468757126567 0.3060796875712657 0.25033281299885973 0.3132046875712657 0.21770781299885975 0.2805484378563284 0.21296250057012542
0 0.4456125005701254 0.08542968757126568 0.4916281254275941 0.10170312542759408 0.49726875028506273 0.07297187457240592 0.463425 0.056364062713797035 0.4456125005701254 0.08542968757126568
0 0.19148437514253133 0.07949843785632839 0.22978281299885975 0.09102812542759407 0.2377984378563284 0.05992343785632839 0.19920468757126567 0.04924687457240593 0.19148437514253133 0.07949843785632839