0 0.2728825929304447 0.40528504218928163 0.25778769441277083 0.4532805005701254 0.3122276579247435 0.4642378677309008 0.32402948688711514 0.4161123500570125 0.2728825929304447 0.40528504218928163
0 0.17770144697833523 0.674961818700114 0.038226721778791335 0.6726826613454959 0.0362368574686431 0.7284182497149373 0.17575065450399086 0.7304758255416192 0.17770144697833523 0.674961818700114
0 0.662126007981756 1 0.6669375484606613 0.9879847993158495 0.6072951277080958 0.9774682314709237 0.5994075473204106 1 0.662126007981756 1
0 1 0.46754396579247437 0.968467062713797 0.46099335233751426 0.9506589156214368 0.53806248004561 0.9835760889395667 0.5462783033067274 1 0.49173264766248576 1 0.46754396579247437
0 0.4767733283922463 0.3363000741163056 0.5289865781071835 0.3479183158494869 0.5374791778791334 0.31685074230330673 0.48791442873432156 0.30388918586088937 0.4767733283922463 0.3363000741163056
0 0.3922022508551881 0.41245263854047887 0.3898341345496009 0.4669141242873432 0.4223361984036488 0.46721734207525656 0.4277661128848347 0.41932641619156213 0.3922022508551881 0.41245263854047887
0 0.7444031299885975 0.31956456328392246 0.7333651334093501 0.3513907217787913 0.7656631185860889 0.3596988643101482 0.7753596351197264 0.32864207411630564 0.7444031299885975 0.31956456328392246
0 0.6863141356898518 0.7447431835803877 0.6767560649942987 0.7852726134549601 0.715471818700114 0.7930861117445838 0.7247690216647662 0.755745771949829 0.6863141356898518 0.7447431835803877
0 0.952693220068415 0.5914915017103763 0.9328171083238312 0.6392483979475485 0.9720743055872293 0.6457008654503992 0.9824113261117446 0.5973345153933866 0.952693220068415 0.5914915017103763
0 0.06788261459521094 0.07845469555302166 0.0582915370581528 0.13284839794754846 0.22171360775370583 0.16890220524515392 0.23649985062713796 0.112408417331813 0.06788261459521094 0.07845469555302166
0 0.17803956328392245 0 0.17162102394526796 0.025582622576966935 0.23328459749144811 0.045161271379703535 0.24405716647662487 0.004582615735461802 0.21806786202964654 0 0.17803956328392245 0
0 0.20357212656784493 0.736817378563284 0.18418056670467503 0.816018944127708 0.23380424743443556 0.816678842645382 0.2515882805017104 0.7380458335233752 0.20357212656784493 0.736817378563284