0 0.5259576488027367 0.7001846909920182 0.5838117160775371 0.7140049680729761 0.5951587924743443 0.6599193090079818 0.545867921322691 0.6488147742303306 0.5259576488027367 0.7001846909920182
0 0.43047556328392245 0.6911880342075257 0.41799445952109465 0.741456275940707 0.45827612656784494 0.7540661231470924 0.4789047468643101 0.7003319019384264 0.43047556328392245 0.6911880342075257
0 0.3596882337514253 0.6720727263397948 0.34424931698973776 0.7254384697833522 0.4020382668187001 0.7396280501710377 0.4177826716077537 0.6811105233751426 0.3596882337514253 0.6720727263397948
0 0.5128322656784493 0.8498463774230332 0.5099463204104903 0.8867290045610035 0.5723170672748005 0.8971681664766248 0.5814884230330672 0.8673800832383124 0.5128322656784493 0.8498463774230332
0 0.41100781185860885 0.33314615849486884 0.3917176978335234 0.3810079692132269 0.45270638084378567 0.3958569441277081 0.4693432337514253 0.3476558084378563 0.41100781185860885 0.33314615849486884
0 0.5185758472063854 0.0958069361459521 0.49426338654503993 0.1687146282782212 0.5653557457240592 0.187818669327252 0.5949353261117446 0.11409444811858609 0.5185758472063854 0.0958069361459521
0 0.44737610262257693 0.0790305473204105 0.4332084834663626 0.13201595781071837 0.4945650171037628 0.14820701140250855 0.5093924891676169 0.09659929988597492 0.44737610262257693 0.0790305473204105
0 0.3661836157354618 0 0.33683031698973775 0.10416634207525656 0.42715563283922464 0.12190186088939567 0.4549012565564424 0.015828660205245156 0.402625086659065 0 0.3661836157354618 0
0 0.2540364298745724 0.05398477537058153 0.24444303876852908 0.08787597263397948 0.2900439566704675 0.09767301482326111 0.2983044481185861 0.06963141961231471 0.2540364298745724 0.05398477537058153
0 0.10803303990877992 0.12292420980615734 0.10122541847206386 0.15127434435575826 0.13256198403648803 0.1616246898517674 0.14583425769669325 0.1307954047890536 0.10803303990877992 0.12292420980615734
0 0.8956918164196123 0.12491115849486886 0.8845833420752566 0.1537087537058153 0.9170099931584949 0.16300582554161916 0.9241705974914481 0.13777373318129987 0.8956918164196123 0.12491115849486886
0 0.04001391790193842 0.659127700114025 0.031314839224629416 0.6913662725199544 0.05966120296465223 0.6964406579247434 0.06498497491448119 0.6611191322690991 0.04001391790193842 0.659127700114025
0 0.9419181870011402 0.8645944846066135 0.9452364184720639 0.8543240330672748 0.9280924937286202 0.8387161539338654 0.9206605587229191 0.851800961231471 0.9419181870011402 0.8645944846066135
0 0.9248529578107184 0.810928329532497 0.9189037149372862 0.820733275940707 0.9388739578107184 0.8288604800456101 0.9497562314709236 0.8201427251995439 0.9248529578107184 0.810928329532497
0 0.9334150410490308 0.7828859680729761 0.9256082337514253 0.7929678711516533 0.9486215313568985 0.8043526750285063 0.9555494925883694 0.795835685290764 0.9334150410490308 0.7828859680729761
0 0.2972276795895097 0.3287640592930445 0.3293536442417332 0.33804777765108324 0.3469930558722919 0.279040945267959 0.3041015872291904 0.27268384150513114 0.2972276795895097 0.3287640592930445
0 0.13924758266818701 0.30151081527936147 0.08321510604332953 0.2910278688711516 0.07231526111744584 0.32890906841505135 0.13309297605473203 0.3432448643101483 0.13924758266818701 0.30151081527936147