0 0.4476077822120867 0.03410102166476625 0.41513263740022804 0.02230694070695553 0.4001388209806157 0.05816086431014823 0.4285212770809578 0.07145435575826682 0.4476077822120867 0.03410102166476625
0 0.33367050741163057 0.24338327251995437 0.36386117331813 0.1943072212086659 0.3323386408209806 0.1688901550741163 0.300894543899658 0.22740175712656785 0.33367050741163057 0.24338327251995437
0 0.21820717901938425 0.32994607069555304 0.20566218586088938 0.36478239908779936 0.25581735347776513 0.3873359863169898 0.27409132497149374 0.35438983352337516 0.21820717901938425 0.32994607069555304
0 0.10475480729760547 0.4642670456100342 0.08841071037628277 0.5024073477765109 0.13628261687571266 0.5236108722919042 0.15531724401368302 0.48446831242873434 0.10475480729760547 0.4642670456100342
0 0.015882846066134552 0.5276908985176739 0.045275225769669324 0.5410565769669328 0.06403360205245154 0.5146899304446978 0.0306711322690992 0.4947986031927024 0.015882846066134552 0.5276908985176739
0 0.028421662485746863 0.5779708529076397 0.04399665678449259 0.5933431938426454 0.06242937856328393 0.5678481402508552 0.044192571265678444 0.5561584675028506 0.028421662485746863 0.5779708529076397
0 0.051411338654503994 0.6063608768529076 0.06752298859749145 0.6140362770809578 0.08155340935005702 0.583470220068415 0.07058211744583809 0.5740742018244014 0.051411338654503994 0.6063608768529076
0 0 0.7599367810718358 0.03359537628278221 0.7080862086659065 0.0022897240592930444 0.6835771083238312 0 0.6860738346636259 0 0.7599367810718358
0 0.24732710832383126 0.6873197947548461 0.27692512884834664 0.6977222873432156 0.30173586545039904 0.6405324355758266 0.26801732155074115 0.6325202063854048 0.24732710832383126 0.6873197947548461
0 0.21216751197263398 0.8669923580387685 0.24283677993158495 0.8875881584948688 0.27415818244013684 0.8308535758266818 0.2410226054732041 0.814549314709236 0.21216751197263398 0.8669923580387685
0 0.49150572405929305 0.7668904139110605 0.46703194754846067 0.7937486351197264 0.5004343477765109 0.8347739167616876 0.5236423489167616 0.8090160171037628 0.49150572405929305 0.7668904139110605
0 0.7896145803876853 0.9680833443557583 0.8217914059293044 0.9500965712656785 0.778731621436716 0.8780407856328393 0.745565684150513 0.9007199931584948 0.7896145803876853 0.9680833443557583
0 0.6928516636259977 0.4470611961231471 0.6702115108323831 0.39667165222348916 0.6188898985176738 0.42224768985176736 0.6414483432155075 0.4678699201824401 0.6928516636259977 0.4470611961231471
0 0.7805632428734322 0.5192617730900798 0.7632261733181299 0.4876942542759407 0.7148830022805017 0.5146689635119727 0.7364104891676169 0.555457503990878 0.7687115678449259 0.535693818700114 0.7613093386545039 0.5310098061573546 0.7805632428734322 0.5192617730900798
0 0.03906781755986317 0.6638288882554162 0.06847120068415051 0.6855265678449259 0.09145955074116305 0.6543980775370581 0.06685450513112884 0.6273815302166477 0.03906781755986317 0.6638288882554162
0 0.657051401368301 0.5933593329532497 0.6848467730900799 0.6125622052451539 0.7076500843785632 0.5811231744583808 0.6849822622576967 0.5595988905359179 0.657051401368301 0.5933593329532497
0 0.7993583648802737 0.6586624275940707 0.8087305838084379 0.6521753990877993 0.7783567491448119 0.6018418289623717 0.7671390330672748 0.610283007981756 0.7993583648802737 0.6586624275940707
0 0.7447469179019385 0.6232980296465223 0.7746954606613455 0.6712241927023945 0.7864229897377423 0.6565674982896238 0.756241638540479 0.6130906214367161 0.7447469179019385 0.6232980296465223
0 0.8787694002280502 0.9261049007981755 0.8986763135689853 0.9560665210946407 0.9341843010262257 0.9329558871151653 0.9154025473204105 0.900096945267959 0.8787694002280502 0.9261049007981755
0 0.7015270387685291 0.6631317582668187 0.6774675496009123 0.6840653842645382 0.7060838848346636 0.717018393386545 0.7259459076396807 0.7020392850627137 0.7015270387685291 0.6631317582668187
0 0.6604425028506271 0.5108621128848346 0.6260347274800456 0.5352400820980616 0.6382768928164195 0.555737732041049 0.6691762679589509 0.5320072337514253 0.6604425028506271 0.5108621128848346
0 0.8422105655644241 0.4200062291904219 0.807925377423033 0.44260873660205247 0.8260569384264539 0.47244621322690994 0.8628677639680731 0.45270028164196124 0.8422105655644241 0.4200062291904219
0 0.8126052611174458 0.4351983876852908 0.8454173660205245 0.4166608380843786 0.8325127058152794 0.3639744994298746 0.7922500353477765 0.3861574549600912 0.8126052611174458 0.4351983876852908
0 0.8518915461801596 0.5111551368301026 0.8865602816419612 0.49155701482326114 0.8732853740022805 0.46949914823261113 0.8409442326111745 0.4806296328392246 0.8518915461801596 0.5111551368301026