0 0.7129959190421893 0.07490087685290764 0.744661913340935 0.0978494047890536 0.7659544903078677 0.06754364538198404 0.7384025860889396 0.04681630672748004 0.7129959190421893 0.07490087685290764
0 0.5588194868871152 0.278024748004561 0.5829967605473204 0.3035514355758267 0.6282499224629419 0.2683392337514253 0.5988457194982896 0.244174181299886 0.5588194868871152 0.278024748004561
0 0.4532230193842645 0.2162664538198404 0.478921976054732 0.23924512314709234 0.4984416054732041 0.22047223945267957 0.4685092120866591 0.19697700456100342 0.4532230193842645 0.2162664538198404
0 0.34364167502850623 0.20747893500570125 0.40520071493728615 0.2649088700114025 0.4268959794754846 0.24411468415051313 0.3665564401368301 0.18978205701254275 0.34364167502850623 0.20747893500570125
0 0.3219102816419612 0.2676912713797035 0.35227098973774235 0.2895813785632839 0.3926441208665906 0.2590612326111745 0.36109563283922463 0.2315504275940707 0.3219102816419612 0.2676912713797035
0 0.30351223375142533 0.2517080832383124 0.25620601140250854 0.29012274458380843 0.28187320752565564 0.31847950855188145 0.32793637172177875 0.2795984766248575 0.30351223375142533 0.2517080832383124
0 0.03742758608893957 0.17397379133409352 0.06259810946408209 0.1976050205245154 0.09146826567844926 0.17123185518814138 0.05884584606613455 0.14484886088939566 0.03742758608893957 0.17397379133409352
0 0.16622198403648802 0.6268388266818701 0.141549590649943 0.5965864435575827 0.08501051425313569 0.6437359258836944 0.10826525313568985 0.6718607765108324 0.16622198403648802 0.6268388266818701
0 0.1989506716077537 0.6030954925883695 0.16855794184720638 0.575235401368301 0.14916260319270241 0.5951908335233751 0.17377060091220067 0.6219904082098061 0.1989506716077537 0.6030954925883695
0 0.28679900114025086 0.6834404789053592 0.3143616545039909 0.7127904925883695 0.359027165336374 0.6662919509692132 0.3296596670467503 0.6396359783352337 0.28679900114025086 0.6834404789053592
0 0.27382654846066135 0.7815464036488028 0.3011093489167617 0.8139140752565565 0.3237132702394527 0.7960849019384265 0.30434767730900797 0.7652009099201824 0.27382654846066135 0.7815464036488028
0 0.6988751744583809 0.8891562223489167 0.6921629464082097 0.8707507639680729 0.6342912907639681 0.899526385404789 0.6415822109464082 0.9149173397947549 0.6988751744583809 0.8891562223489167
0 0.9868066305587229 0.4845960912200684 0.9058270148232611 0.40995971379703533 0.8763293740022804 0.44172331014823263 0.9291868403648802 0.49588710262257696 0.9030779156214367 0.5201302862029646 0.9289630638540479 0.5448804481185862 0.9868066305587229 0.4845960912200684
0 0.5211631539338655 0.4366533283922463 0.49589298175598634 0.4631964367160775 0.5200369407069556 0.49410138198403647 0.5481354732041049 0.4660669589509692 0.5211631539338655 0.4366533283922463
0 0.5996734686431014 0.39973672063854043 0.5670460501710377 0.3619605849486887 0.5402207822120866 0.3850834458380844 0.5735048848346636 0.4205721584948689 0.5996734686431014 0.39973672063854043
0 0.4300517377423033 0.5979151607753705 0.4235953078677309 0.5364863409350057 0.3741783295324972 0.5434729076396807 0.3810367343215508 0.6002058597491449 0.4300517377423033 0.5979151607753705