0 0.7320984378563284 0.0475 0.7519890627137971 0.09414843785632838 0.7977078129988597 0.07276718700114025 0.7798953124287343 0.02525468757126568 0.7320984378563284 0.0475
0 0.7217078129988598 0.13097187457240594 0.7365515621436717 0.16957656214367162 0.7888015621436716 0.14166250057012542 0.7798953124287343 0.11255937514253136 0.7217078129988598 0.13097187457240594
0 0.6973640627137971 0.25412656214367163 0.7056765621436716 0.28598281299885975 0.7395203124287343 0.2741046875712657 0.732989062713797 0.24678437514253138 0.6973640627137971 0.25412656214367163
0 0.6178 0.434460937286203 0.624925 0.4700953124287343 0.6789578129988598 0.4534656248574686 0.6706453124287343 0.4166453124287343 0.6178 0.434460937286203
0 0.06264062485746864 0.14700624971493728 0.12647031242873433 0.15081250057012544 0.13151562485746865 0.09592968757126567 0.07036093728620296 0.09414843785632838 0.06264062485746864 0.14700624971493728
0 0.19950156214367162 0.27015781299885977 0.1997984378563284 0.30320624971493726 0.25382968757126567 0.30558281299885975 0.255610937286203 0.2663843751425314 0.19950156214367162 0.27015781299885977
0 0.18525 0.5444718745724059 0.1831734378563284 0.5977875005701254 0.253235937286203 0.6144171870011402 0.2621421870011402 0.5621531254275941 0.18525 0.5444718745724059
0 0.33398593728620296 0.4910343751425314 0.33576875028506276 0.506325 0.4052374994298746 0.5092937502850627 0.40820624971493724 0.49444687457240594 0.33398593728620296 0.4910343751425314
0 0.20098437514253134 0.7634906248574687 0.23542343785632838 0.7729921870011403 0.24670468757126565 0.7421093751425314 0.2164234378563284 0.7290437502850626 0.20098437514253134 0.7634906248574687
0 0.28351718700114026 0.6631187502850627 0.31973749942987456 0.6738093751425314 0.32448593728620295 0.662525 0.2882671870011403 0.6512406248574686 0.28351718700114026 0.6631187502850627
0 0.33309531242873436 0.5765343751425314 0.32686093728620297 0.5870968745724059 0.3565484378563284 0.5966 0.36367499999999997 0.5847218745724059 0.33309531242873436 0.5765343751425314
0 0.32507968757126565 0.03681249942987457 0.3191421870011403 0.13394062485746866 0.42601875028506275 0.13275312542759407 0.42482968757126566 0.039509375142531354 0.32507968757126565 0.03681249942987457
0 0.721410937286203 0.6531296875712657 0.7288328129988597 0.688064062713797 0.7846453124287344 0.674996874572406 0.7763328129988598 0.6411437502850627 0.721410937286203 0.6531296875712657
0 0.6854890627137971 0.6548046875712656 0.747239062713797 0.6417374994298747 0.7407078129988598 0.6078843751425314 0.6819265621436715 0.6251078129988598 0.6854890627137971 0.6548046875712656
0 0.8745999999999999 0.6504578129988597 0.8873656248574686 0.6827187502850627 0.9378343751425313 0.6666828129988598 0.9313031254275941 0.6334234378563284 0.8745999999999999 0.6504578129988597
0 0.721410937286203 0.8063171870011403 0.7312078129988598 0.8365421870011402 0.7810828129988597 0.8210999999999999 0.7798953124287343 0.7937812497149374 0.721410937286203 0.8063171870011403
0 0.9333796875712657 0.8686624994298745 0.9390218745724059 0.8858359372862029 0.998753125427594 0.867425 0.998753125427594 0.8531718745724058 0.9333796875712657 0.8686624994298745
0 0.948521874572406 0.815225 0.9544593751425314 0.833571874572406 0.9966156248574687 0.818725 0.998753125427594 0.799125 0.948521874572406 0.815225
0 0.9467406248574686 0.9422578129988597 0.952678125427594 0.9755171870011403 0.998753125427594 0.9600765621436717 0.998753125427594 0.9268171870011402 0.9467406248574686 0.9422578129988597
0 0.910521874572406 0.9814578129988598 0.8336296875712658 0.9978031254275941 0.8321453124287342 0.998753125427594 0.9140828129988597 0.998753125427594 0.910521874572406 0.9814578129988598
0 0.9698968745724059 0.43089843785632836 0.9912718745724058 0.4837562497149373 0.998753125427594 0.46831406271379705 0.998396874572406 0.4148624994298746 0.9698968745724059 0.43089843785632836
0 0.6011765621436717 0.10271875028506272 0.6041453124287343 0.11968749942987457 0.6356140627137971 0.11315312542759408 0.6356140627137971 0.09711875028506271 0.6011765621436717 0.10271875028506272
0 0.6083000000000001 0.14581875028506272 0.6468953124287343 0.1380984378563284 0.645114062713797 0.12325 0.6077062497149374 0.13156406271379703 0.6083000000000001 0.14581875028506272