0 0.8158171870011403 0.8953796875712656 0.7579265621436716 0.945228125427594 0.7893953124287343 0.9951171870011402 0.8529281254275941 0.9303796875712657 0.8158171870011403 0.8953796875712656
0 0.8944906248574687 0.7801203124287344 0.9259593751425313 0.7617078129988597 0.9010218745724059 0.7141953124287344 0.8725218745724059 0.7290437502850626 0.8944906248574687 0.7801203124287344
0 0.6109718745724059 0.4848 0.5970203124287343 0.5170156248574687 0.628489062713797 0.5300828129988597 0.6445203124287343 0.5015734378563284 0.6109718745724059 0.4848
0 0.6412546875712657 0.5605031254275941 0.6231453124287343 0.5924421870011402 0.6540203124287344 0.618575 0.675989062713797 0.594225 0.6412546875712657 0.5605031254275941
0 0.34467499999999995 0.6638171870011403 0.3886124994298745 0.695189062713797 0.40761250057012544 0.6660890627137971 0.3708 0.6357984378563284 0.34467499999999995 0.6638171870011403
0 0.3535796875712657 0.7163640627137969 0.31736093728620296 0.761114062713797 0.34289218700114027 0.7807125005701254 0.3797062497149373 0.7379515621436716 0.3535796875712657 0.7163640627137969
0 0.40078437514253135 0.25056406271379705 0.4212687502850627 0.2788546875712657 0.44739375028506273 0.2640078129988597 0.4289875005701254 0.2337187502850627 0.40078437514253135 0.25056406271379705
0 0.267189062713797 0.09203281299885975 0.2882671870011403 0.11790468757126568 0.3108296875712657 0.09889843785632839 0.293610937286203 0.0697984378563284 0.267189062713797 0.09203281299885975
0 0.863021874572406 0.06709531242873432 0.883803125427594 0.09711875028506271 0.915271874572406 0.07098437514253136 0.9016140627137971 0.04425937514253136 0.863021874572406 0.06709531242873432
0 0.06234375028506271 0.3138 0.025234375142531358 0.3513125005701254 0.05135937514253136 0.37566406271379704 0.08936093728620297 0.33884218700114027 0.06234375028506271 0.3138
0 0.12825 0.32626875028506275 0.09886093728620296 0.3530953124287343 0.12142343785632839 0.37447656214367164 0.14636093728620297 0.3453734378563284 0.12825 0.32626875028506275
0 0.16565781299885976 0.26125156214367157 0.18436093728620295 0.29548437514253134 0.2164234378563284 0.275885937286203 0.19861093728620297 0.24322031242873432 0.16565781299885976 0.26125156214367157
0 0.381485937286203 0.8276328129988597 0.35714375028506273 0.8561406248574687 0.3927687502850627 0.8911828129988597 0.4188921870011402 0.8591109372862029 0.381485937286203 0.8276328129988597
0 0.9586156248574687 0.7914046875712657 0.9960218745724059 0.8650500000000001 0.998753125427594 0.8644562497149374 0.998753125427594 0.7712109372862029 0.9586156248574687 0.7914046875712657
0 0.924475 0.43581562485746866 0.8998343751425314 0.46237500000000004 0.9229906248574686 0.4825687502850627 0.9443656248574687 0.45643593728620296 0.924475 0.43581562485746866
0 0.3535796875712657 0.5651218745724059 0.3081578129988598 0.5311125005701254 0.3025171870011402 0.5461171870011402 0.34051718700114025 0.5799703124287343 0.3535796875712657 0.5651218745724059
0 0.3491265621436716 0.4758937502850627 0.32151718700114024 0.500385937286203 0.34882968757126565 0.5211734378563284 0.37911250057012547 0.4956343751425314 0.3491265621436716 0.4758937502850627
0 0.35981406271379707 0.22028281299885977 0.3690171870011402 0.23609375028506271 0.3927687502850627 0.22362187457240595 0.38505 0.2058046875712657 0.35981406271379707 0.22028281299885977
0 0.42601875028506275 0.21115 0.4153296875712657 0.19570781299885975 0.373175 0.23193593728620296 0.381485937286203 0.24500312542759406 0.42601875028506275 0.21115