0 0.7398171870011402 0.43171406271379703 0.7398171870011402 0.36529687457240595 0.649764062713797 0.36806406271379705 0.65115 0.4303312497149373 0.7398171870011402 0.43171406271379703
0 0.8686624994298745 0.5285734378563284 0.936546874572406 0.5313406248574687 0.9337765621436717 0.473225 0.8603484378563284 0.4773765621436716 0.8686624994298745 0.5285734378563284
0 0.9697984378563285 0.482910937286203 0.998753125427594 0.4842953124287343 0.998753125427594 0.4580046875712657 0.9697984378563285 0.4580046875712657 0.9697984378563285 0.482910937286203
0 0 0.8883343751425313 0.037406249714937286 0.8869515621436717 0.03186562485746864 0.8606609372862029 0 0.8592781254275941 0 0.8883343751425313
0 0.06788593728620296 0.9987546875712657 0.06511406271379704 0.974125 0.02216718700114025 0.9796593751425314 0.020781249714937285 0.9987546875712657 0.06788593728620296 0.9987546875712657
0 0.011082812998859748 0.992114062713797 0.011082812998859748 0.9630546875712657 0.004156249714937286 0.9630546875712657 0.0013859372862029648 0.9987546875712657 0.011082812998859748 0.992114062713797
0 0.16209531242873432 0.5022828129988598 0.16347968757126569 0.5341078129988598 0.20088593728620296 0.5354921870011402 0.20227187457240595 0.4939812497149373 0.16209531242873432 0.5022828129988598
0 0.9919656248574686 0.44416875028506275 0.9933500000000001 0.4123421870011403 0.9601 0.4123421870011403 0.9601 0.44278437514253133 0.9919656248574686 0.44416875028506275
0 0.7312078129988598 0.3418734378563284 0.735364062713797 0.237875 0.6397687502850626 0.23728281299885975 0.6362062497149373 0.3310031254275941 0.7312078129988598 0.3418734378563284
0 0.006828125427594071 0.9312968745724058 0.037406249714937286 0.9280671870011403 0.03829687457240593 0.9004515621436716 0.001484375142531357 0.9129093751425313 0.006828125427594071 0.9312968745724058
0 0.32923749942987457 0.8541843751425313 0.3630796875712657 0.850625 0.3613 0.8357968745724059 0.32626875028506275 0.8411343751425313 0.32923749942987457 0.8541843751425313
0 0.3322062497149373 0.8649109372862029 0.33398593728620296 0.8767265621436716 0.36604843785632835 0.874353125427594 0.364860937286203 0.8624890627137971 0.3322062497149373 0.8649109372862029
0 0.33754843785632843 0.888039062713797 0.33576875028506276 0.8980796875712658 0.36961250057012546 0.8986718745724059 0.3666437502850627 0.8862171870011403 0.33754843785632843 0.888039062713797
0 0.33754843785632843 0.9102765621436716 0.3387375005701254 0.9241796875712657 0.3708 0.9206203124287343 0.3708 0.9087578129988597 0.33754843785632843 0.9102765621436716
0 0.9520828129988598 0.32230312542759404 0.9550531254275941 0.3339703124287343 0.998396874572406 0.33634218700114027 0.998396874572406 0.3197328129988598 0.9520828129988598 0.32230312542759404
0 0.97435 0.2885015621436716 0.9710843751425313 0.3013453124287343 0.998753125427594 0.303125 0.9972093751425314 0.28829531242873435 0.97435 0.2885015621436716
0 0.9565375005701254 0.25470000000000004 0.9586156248574687 0.2657546875712657 0.998753125427594 0.2710937502850627 0.998753125427594 0.2574515621436716 0.9565375005701254 0.25470000000000004
0 0.9565375005701254 0.22267812542759408 0.9609906248574687 0.23609531242873433 0.998396874572406 0.23609531242873433 0.998753125427594 0.22364062485746863 0.9565375005701254 0.22267812542759408