0 0.19455694982896235 0.0799843945267959 0.18466140820980617 0.03940416305587229 0.1531476738882554 0.043833128848346635 0.16263652223489167 0.09146672862029646 0.19455694982896235 0.0799843945267959
0 0.225707818700114 0.06301513683010262 0.1877268905359179 0.07115212428734322 0.20389386431014825 0.10665386659064995 0.2377651801596351 0.0990944481185861 0.225707818700114 0.06301513683010262
0 0.1891614458380844 0.31997872291904217 0.16751241049030788 0.2852474344355758 0.14929459977194984 0.29480241391106043 0.1640908882554162 0.33049837286202965 0.1891614458380844 0.31997872291904217
0 0.2082206111744584 0.37605947434435577 0.19051120752565565 0.3295827765108324 0.16524776510832384 0.3387299749144812 0.185506086659065 0.3834488882554162 0.2082206111744584 0.37605947434435577
0 0.731530913340935 0.6396833888255417 0.7166022850627137 0.5732268015963512 0.6519883409350057 0.5907018905359179 0.680792661345496 0.6663985290763969 0.731530913340935 0.6396833888255417
0 0.7552468802736602 0.8084312576966932 0.741089574686431 0.747462921322691 0.7013519737742303 0.753047677309008 0.7113785256556442 0.8243903010262257 0.7552468802736602 0.8084312576966932
0 0.2835175541619156 0.40834909350057014 0.29385184492588373 0.4009008517673889 0.283930251995439 0.36721951083238313 0.26806927023945265 0.37514310718358035 0.2835175541619156 0.40834909350057014
0 0.2621145838084379 0.4137538472063854 0.27277941049030785 0.4086574925883695 0.25983608779931583 0.3804988802736602 0.2456423865450399 0.38878931812998857 0.2621145838084379 0.4137538472063854
0 0.32310785290763966 0.4897248814139111 0.3357083010262258 0.48135856784492587 0.32528990193842644 0.44984559749144815 0.31079150855188137 0.4560803090079818 0.32310785290763966 0.4897248814139111
0 0.284145062713797 0.46821941505131126 0.2966643511972634 0.49763837058152793 0.31093654618015965 0.49263461801596353 0.2991784834663626 0.4601107537058153 0.284145062713797 0.46821941505131126
0 0.27164624287343214 0.5071502862029647 0.28534 0.49803073318129987 0.2744067297605473 0.4713868038768529 0.2589179007981756 0.47686133409350057 0.27164624287343214 0.5071502862029647
0 0.24939808209806158 0.5150737423033067 0.2616504743443558 0.512752196123147 0.25098417331813 0.4794753101482326 0.23286352223489168 0.4832211710376283 0.24939808209806158 0.5150737423033067
0 0.2184222645381984 0.5248233762827822 0.23428202622576969 0.5225944321550741 0.22470726909920183 0.4885629760547321 0.20415361231470924 0.4962498631698974 0.2184222645381984 0.5248233762827822
0 0.19609146978335235 0.5321588608893957 0.21287927137970353 0.5280007331812999 0.1958245724059293 0.5004183591790193 0.18398380273660203 0.5056799817559863 0.19609146978335235 0.5321588608893957