0 0.46408787229190424 0.5827483489167617 0.43033389623717216 0.5791899703534777 0.43386305815279363 0.6148835610034208 0.4622684218928164 0.6189424218928165 0.46408787229190424 0.5827483489167617
0 0.4888601550741163 0.7185779361459521 0.45644915051311286 0.7144491562143671 0.44998140364880274 0.7790648700114025 0.4831520820980616 0.7820192280501711 0.4888601550741163 0.7185779361459521
0 0.4846932314709236 0.9316954834663627 0.42841242645381983 0.9271500570125427 0.4230325188141391 0.9974856271379704 0.47878183922462947 0.9984587354618016 0.4846932314709236 0.9316954834663627
0 0.8295607491448118 0.7173988015963512 0.8287421220068415 0.7642979076396808 0.8726203865450399 0.7656576465222349 0.8739394116305588 0.7241118380843785 0.8295607491448118 0.7173988015963512
0 0.8290352736602052 0.7815243979475485 0.8258362120866591 0.8628246989737742 0.8661038323831244 0.867090614595211 0.8681585860889396 0.7833949783352336 0.8290352736602052 0.7815243979475485
0 0.8793716887115166 0.8741513717217788 0.8440965632839225 0.87026951995439 0.839178818700114 0.9141278722919043 0.8771577958950969 0.9136046807297605 0.8793716887115166 0.8741513717217788
0 0.906959778791334 1 0.9140630718358039 0.9255318323831243 0.8616330843785632 0.9192720992018244 0.8551968358038768 1 0.906959778791334 1
0 0.9298302291904218 0.12411619726339795 0.8868805940706955 0.11861734891676169 0.8841374766248574 0.1737966282782212 0.9290994378563284 0.18111368757126567 0.9298302291904218 0.12411619726339795
0 0.742837503990878 0.4516244811858609 0.7808868118586089 0.45110095324971494 0.7839030262257696 0.41017861003420747 0.744800465222349 0.4071191482326112 0.742837503990878 0.4516244811858609
0 0.6829564298745725 0.6079469714937286 0.6482979771949828 0.5996236419612314 0.6476762348916763 0.6352432166476625 0.679567922462942 0.643518251995439 0.6829564298745725 0.6079469714937286
0 0.2153081790193843 0.08046754618015964 0.18222022006841504 0.07662387115165337 0.180871669327252 0.11995068529076397 0.2151659315849487 0.12648769669327253 0.2153081790193843 0.08046754618015964
0 0.11227855302166476 0.07302923489167616 0.11088701824401369 0.11872909806157354 0.14404889737742305 0.1222771425313569 0.14310883238312427 0.07415965792474345 0.11227855302166476 0.07302923489167616
0 0.21560127594070697 0.2675339646522235 0.1587712063854048 0.26446355074116307 0.15811837742303306 0.30186410376282785 0.21148582212086658 0.30338947662485743 0.21560127594070697 0.2675339646522235
0 0.048141700114025084 0.8908188209806157 0.014436542759407069 0.8860751755986317 0.008655717217787913 0.945358314709236 0.047737580387685295 0.949603534777651 0.048141700114025084 0.8908188209806157
0 0.40618292474344353 0.29728648004561004 0.4055715450399088 0.33231239338654506 0.4227305997719498 0.334987267958951 0.42221837058152795 0.29638026111744586 0.40618292474344353 0.29728648004561004
0 0.7841821185860889 0.7210605176738883 0.7666523135689851 0.7186760923603194 0.7660512964652224 0.7531083466362599 0.780868362599772 0.7539608209806158 0.7841821185860889 0.7210605176738883
0 0.8039962098061574 0.7205156134549601 0.8033744675028506 0.7561351870011402 0.8193254789053592 0.7599766567844927 0.8211967137970354 0.720815849486887 0.8039962098061574 0.7205156134549601
0 0.6501781995438997 0.8318480752565565 0.6347778095781073 0.8303931425313569 0.6291731710376283 0.8795825074116306 0.6432929270239454 0.8863627765108324 0.6501781995438997 0.8318480752565565