0 0.6323484378563283 0.07679531242873433 0.5833624994298745 0.07000781299885975 0.5768312497149373 0.11330937514253135 0.6243312497149373 0.12220624971493728 0.6323484378563283 0.07679531242873433
0 0.10954687457240593 0.0445 0.0008906248574686432 0.028760937286202964 0 0.04212812542759407 0.10598437514253135 0.057550000000000004 0.10954687457240593 0.0445
0 0 0.077125 0.10539218700114025 0.09076875028506272 0.10331250057012543 0.07323749942987458 0 0.05695781299885975 0 0.077125
0 0.5566453124287343 0.19338750057012544 0.47025312542759407 0.18709531242873434 0.47054999999999997 0.20169218700114025 0.5566453124287343 0.20881093728620298 0.5566453124287343 0.19338750057012544
0 0.5518937502850627 0.237875 0.472925 0.2289046875712657 0.468175 0.24558593728620298 0.5536765621436716 0.25685781299885974 0.5518937502850627 0.237875
0 0.6047375005701254 0.17286406271379706 0.6065203124287344 0.15720468757126568 0.569114062713797 0.15245781299885974 0.567925 0.17025468757126566 0.6047375005701254 0.17286406271379706
0 0.5361593751425313 0.16574687457240592 0.5388312497149372 0.1494937502850627 0.5067687502850627 0.14534062485746865 0.501425 0.16254218700114026 0.5361593751425313 0.16574687457240592
0 0.4747062497149373 0.15863124971493728 0.4758937502850627 0.14415468757126568 0.44026875028506274 0.14118750057012544 0.4384875005701254 0.15601718700114026 0.4747062497149373 0.15863124971493728
0 0.6463000000000001 0.8352031254275941 0.5985031254275941 0.825771874572406 0.5863312497149372 0.8850296875712657 0.6332375005701254 0.8963000000000001 0.6463000000000001 0.8352031254275941
0 0.8190828129988598 0.93545 0.7650515621436715 0.9280671870011403 0.7579265621436716 0.9751937502850627 0.8137390627137971 0.9846843751425314 0.8190828129988598 0.93545
0 0.3886124994298745 0.8945203124287343 0.33487656214367156 0.8907078129988598 0.3322062497149373 0.9413812497149373 0.382675 0.947314062713797 0.3886124994298745 0.8945203124287343
0 0.3155796875712657 0.8998593751425314 0.2858921870011403 0.8969343751425314 0.2692671870011403 0.9716343751425314 0.3060796875712657 0.9793453124287343 0.3155796875712657 0.8998593751425314
0 0.42572187457240596 0.8515687502850627 0.4361125005701254 0.7764796875712656 0.3084546875712657 0.7669874994298747 0.2971734378563284 0.8387625005701254 0.42572187457240596 0.8515687502850627