0 0.455814054732041 0.8951624766248575 0.5427312565564424 0.8832140193842646 0.5246085929304447 0.8065904389965792 0.441106669327252 0.8142608494868872 0.455814054732041 0.8951624766248575
0 0.44689539224629415 0.8098967924743444 0.4362534640820981 0.760348944127708 0.33335476852907636 0.7740468392246294 0.3406435017103763 0.8210992531356899 0.44689539224629415 0.8098967924743444
0 0.37822103192702394 0.6637263249714938 0.36938618472063856 0.6319449828962371 0.2983246385404789 0.6385852907639681 0.30248705245153934 0.6727155028506271 0.37822103192702394 0.6637263249714938
0 0.27442986659064994 0.9240774948688711 0.26347711630558723 0.8656288232611175 0.19239484834663625 0.8716757423033067 0.20456671379703537 0.931008969213227 0.27442986659064994 0.9240774948688711
0 0.11495971379703536 0.9510421619156215 0.11113526795895097 0.9095769361459521 0.0407292748004561 0.9179766875712657 0.045799929304446985 0.9525958129988598 0.11495971379703536 0.9510421619156215
0 0.07850123831242874 0.9618226738882555 0.0535582086659065 0.9620995929304447 0.05257021322690992 0.9933531128848346 0.08015170011402509 0.9920725644241734 0.07850123831242874 0.9618226738882555
0 0.13635887457240592 0.7131770034207525 0.1298930022805017 0.664079 0.06222445381984037 0.6658479270239452 0.06973034663625997 0.7191637662485747 0.13635887457240592 0.7131770034207525
0 0.23764627936145952 0.6193115074116307 0.2287222976054732 0.5679197673888255 0.16698919270239454 0.5694814230330673 0.17063328278221207 0.6228398757126569 0.23764627936145952 0.6193115074116307
0 0.20409845838084378 0.4582451288483467 0.1632997708095781 0.46383019726339797 0.1724853363740023 0.4972377890535918 0.20771563283922462 0.4937749110604333 0.20409845838084378 0.4582451288483467
0 0.11761739224629418 0.5337670923603193 0.11463655530216647 0.4994017514253136 0.05877360775370582 0.4989760809578107 0.059610444697833526 0.5399530877993158 0.11761739224629418 0.5337670923603193
0 0.2965378871151653 0.3492354458380844 0.34943389395667046 0.3497647240592931 0.3476383272519954 0.31535955530216647 0.29376281299885976 0.32080716533637404 0.2965378871151653 0.3492354458380844
0 0.7714495518814138 0.7296273671607754 0.7659693261117445 0.691786197263398 0.7030908871151654 0.6945760729760548 0.7099331984036488 0.7288894321550742 0.7714495518814138 0.7296273671607754
0 0.9081329304446979 0.6285815689851767 0.943798393386545 0.62911844013683 0.9428657035347777 0.6024097206385405 0.9091031744583808 0.6053710695553022 0.9081329304446979 0.6285815689851767
0 0.9354867502850627 0.39110414595210946 0.9951402269099202 0.38783433979475485 0.9886483044469784 0.34824303648802735 0.9328490832383125 0.34959747662485746 0.9354867502850627 0.39110414595210946
0 0.4060612462941848 0.23606450741163054 0.4464339338654504 0.23524877423033067 0.4417205701254276 0.21936765678449258 0.4038266054732041 0.22306739110604332 0.4060612462941848 0.23606450741163054
0 0.450375007981756 0.26304066362599776 0.4427776431014823 0.24963826795895097 0.4060290125427594 0.2521097822120867 0.4095215724059293 0.26705793614595214 0.450375007981756 0.26304066362599776
0 0.0671703637400228 0.19500724287343216 0.06180300798175598 0.17736662713797036 0.026363974914481187 0.18335864424173318 0.02874522919042189 0.200509425313569 0.0671703637400228 0.19500724287343216
0 0.8415501698973774 0.3551621516533638 0.80719430672748 0.3581457844925884 0.8090121562143672 0.39314428848346633 0.8460946727480045 0.39172738768529075 0.8415501698973774 0.3551621516533638
0 1 0.6934788084378564 0.99119665336374 0.693428441277081 0.9931363933865451 0.723455598631699 1 0.7251395655644242 1 0.6934788084378564