0 0.43017500000000003 0.18798593728620297 0.5138937502850627 0.19273750057012543 0.5293312497149373 0.11552812542759408 0.44205 0.10662031242873432 0.43017500000000003 0.18798593728620297
0 0.32953437514253137 0.18465781299885978 0.32389218700114025 0.23193593728620296 0.42720624971493726 0.24203437514253137 0.4361125005701254 0.1921453124287343 0.32953437514253137 0.18465781299885978
0 0.2965796875712657 0.33428281299885976 0.293610937286203 0.3685375005701254 0.364860937286203 0.3726937502850627 0.3725812497149373 0.3406234378563284 0.2965796875712657 0.33428281299885976
0 0.18970468757126568 0.07956406271379703 0.17961093728620295 0.13928593728620298 0.25086093728620296 0.1428484378563284 0.25976718700114027 0.08405312542759406 0.18970468757126568 0.07956406271379703
0 0.030281249714937286 0.06353124971493729 0.026421874572405926 0.09830624971493727 0.09707812542759407 0.1042437502850627 0.09945312542759407 0.06267031242873432 0.030281249714937286 0.06353124971493729
0 0.06323437514253136 0.02287968757126568 0.035625 0.022562499429874573 0.03770312542759407 0.05376249942987457 0.06264062485746864 0.05316875028506271 0.06323437514253136 0.02287968757126568
0 0.06234375028506271 0.2959859372862029 0.05670312542759407 0.34953124971493726 0.12439218700114026 0.34893750057012546 0.12914062485746863 0.29964375028506274 0.06234375028506271 0.2959859372862029
0 0.16654687457240594 0.3887296875712657 0.16476718700114024 0.44218281299885975 0.22651718700114026 0.44158906271379705 0.23364218700114026 0.38991718700114025 0.16654687457240594 0.3887296875712657
0 0.20811093728620297 0.516421874572406 0.17278124971493727 0.5141906248574687 0.16476718700114024 0.5478984378563284 0.20573593728620296 0.5520562497149373 0.20811093728620297 0.516421874572406
0 0.05848437514253135 0.47544062485746863 0.059078125427594066 0.516421874572406 0.11489218700114025 0.5140468745724059 0.11667187457240594 0.4795984378563284 0.05848437514253135 0.47544062485746863
0 0.30014218700114026 0.6862812497149373 0.35417499999999996 0.6898453124287343 0.3547687502850627 0.6553984378563285 0.3019234378563284 0.6577734378563284 0.30014218700114026 0.6862812497149373
0 0.7018171870011402 0.2639234378563284 0.6961765621436715 0.29845468757126564 0.759114062713797 0.2990484378563284 0.7632703124287343 0.26103906271379707 0.7018171870011402 0.2639234378563284
0 0.9051765621436716 0.38041562485746866 0.9390218745724059 0.382196874572406 0.9390218745724059 0.3554718745724059 0.9033968745724059 0.3572531254275941 0.9051765621436716 0.38041562485746866
0 0.9378343751425313 0.6352046875712657 0.993646874572406 0.634610937286203 0.998753125427594 0.5948171870011403 0.9390218745724059 0.5936312497149373 0.9378343751425313 0.6352046875712657
0 0.41355000000000003 0.7801203124287344 0.45155 0.7824953124287343 0.4557062497149373 0.7664593751425314 0.4153296875712657 0.7670531254275941 0.41355000000000003 0.7801203124287344
0 0.41770624971493725 0.7359578129988598 0.41473750057012543 0.7510187502850628 0.45155 0.7522062497149373 0.458675 0.7385468745724059 0.41770624971493725 0.7359578129988598
0 0.03948437514253136 0.8157546875712657 0.03770312542759407 0.832978125427594 0.07332968757126568 0.8377296875712656 0.07807812542759407 0.8199125005701254 0.03948437514253136 0.8157546875712657
0 0.8496625005701254 0.596128125427594 0.8125531254275941 0.5960062497149373 0.8119578129988597 0.6310468745724058 0.846396874572406 0.6328296875712657 0.8496625005701254 0.596128125427594
0 0.9850375005701254 0.2594703124287343 0.9841468745724059 0.28954687457240597 0.998753125427594 0.28895312542759405 0.998396874572406 0.2556937502850627 0.9850375005701254 0.2594703124287343