0 0.44960327822120866 0.7580331163055872 0.4110098608893957 0.7928726237172178 0.5330655803876853 0.9396863899657925 0.5675018574686431 0.9072192109464082 0.44960327822120866 0.7580331163055872
0 0.8336997126567844 0.8341440558722919 0.8006089167616876 0.8626467844925885 0.8620435336374002 0.9333476077537057 0.8893526738882555 0.8987019737742304 0.8336997126567844 0.8341440558722919
0 0.971071 0.7322821379703536 0.9454238529076396 0.7566931573546181 0.9710822360319271 0.783468542759407 0.9975920091220069 0.7584020034207526 0.971071 0.7322821379703536
0 0.9750717696693272 0.47487446408209805 0.9311478939566705 0.4249731311288483 0.8997217890535918 0.45544265336374 0.9497575222348917 0.504023803876853 0.9750717696693272 0.47487446408209805
0 0.7253389863169898 0.44948152451539336 0.681585291904219 0.48706424059293046 0.7184202109464082 0.5291284823261118 0.7613205165336374 0.49101180729760546 0.7253389863169898 0.44948152451539336
0 0.7488180513112885 0.34308453021664764 0.7210548711516535 0.3712147149372862 0.7433266636259976 0.40060771379703536 0.772456030786773 0.3697051619156214 0.7488180513112885 0.34308453021664764
0 0.8750481550741164 0.14141133409350057 0.84956834663626 0.16819301710376283 0.8760644230330673 0.19848102508551882 0.9028507445838084 0.16863354732041047 0.8750481550741164 0.14141133409350057
0 1 0.5294851527936146 0.9908649794754847 0.5136484868871152 0.9615715096921323 0.5493272451539338 0.9919944994298746 0.5808270889395667 1 0.5502359988597492 1 0.5294851527936146
0 0.37967748004561 0.982553125427594 0.42194429646522236 0.9492423477765108 0.39460574116305586 0.9154404857468643 0.34740186887115165 0.9476084971493728 0.37967748004561 0.982553125427594
0 0.20999240364880276 0.7753835404789053 0.13590223375142532 0.8382988175598632 0.21083053819840364 0.9455536624857468 0.29585927023945263 0.8723487229190422 0.20999240364880276 0.7753835404789053
0 0.17699845496009123 0.7967370980615736 0.15354205587229192 0.767426936145952 0.12451143329532498 0.7944553489167617 0.1492751345496009 0.8254596955530216 0.17699845496009123 0.7967370980615736
0 0.06525542189281643 1 0.06843903762827823 0.9959842383124287 0.03231911858608894 0.9556555974914481 0.03180920068415051 0.9545008551881414 0.03627308779931585 1 0.06525542189281643 1
0 0.3267085632839225 1 0.3051836841505131 0.971691842645382 0.2743274811858609 1 0.3267085632839225 1
0 0.4324549395667047 0.5723379167616875 0.40562629988597493 0.5968315541619157 0.44225267958950965 0.635935944127708 0.46957989281641965 0.6185498437856328 0.4324549395667047 0.5723379167616875
0 0.49824413911060433 0.49274230330672747 0.4713311060433295 0.5160514424173318 0.5052076237172178 0.5583225553021665 0.5372194834663626 0.5379320376282782 0.49824413911060433 0.49274230330672747
0 0.3335062291904219 0.6709194321550741 0.28983086202964653 0.6245719224629419 0.25941010034207523 0.648721543899658 0.30586574458380844 0.700826637400228 0.3335062291904219 0.6709194321550741
0 0.014869167616875713 0.712247102622577 0.044936029646522234 0.7619270114025085 0.07514970125427595 0.7348158711516534 0.03292034663625998 0.6839032462941848 0.014869167616875713 0.712247102622577
0 0.005173659064994299 0.550433945267959 0.008739208665906498 0.6245846031927025 0.07322717331812999 0.5712687742303307 0.03960894526795895 0.5245155997719498 0.005173659064994299 0.550433945267959
0 0.1027440022805017 0.3216000421892816 0.05991384606613455 0.36387820980615737 0.09354341619156215 0.40259539338654504 0.1406676647662486 0.36299451767388824 0.1027440022805017 0.3216000421892816
0 0.32159989167616876 0.5431872633979475 0.29312137286202966 0.5100618836944127 0.2481464458380844 0.548323629418472 0.2762793854047891 0.5838539760547321 0.32159989167616876 0.5431872633979475
0 0.16908252907639681 0.24137081527936147 0.12002879247434436 0.2031369954389966 0.09677982326111745 0.2363083158494869 0.14642586316989736 0.2745007172177879 0.16908252907639681 0.24137081527936147
0 0.3263252725199544 0.19406814025085517 0.2952578859749145 0.1664790228050171 0.2594463033067275 0.20707600456100345 0.28996348232611174 0.24095319498289625 0.3263252725199544 0.19406814025085517
0 0.47600857354618015 0.2597868483466363 0.5018322884834664 0.22941148346636261 0.46055198289623717 0.19182449258836942 0.43379482668187 0.21928912998859748 0.47600857354618015 0.2597868483466363
0 0.49464838426453817 0.28824341847206386 0.5475883363740023 0.3565622485746864 0.5900456225769669 0.3089517890535918 0.5371331847206385 0.24956059977194983 0.49464838426453817 0.28824341847206386
0 0.4941682223489168 0.35791538084378566 0.515806401368301 0.3867590524515393 0.5448784424173317 0.36032294184720637 0.5186308722919042 0.3335887571265679 0.4941682223489168 0.35791538084378566
0 0.48242723945267957 0.41111554503990877 0.4521608061573546 0.3864464196123147 0.3925023329532497 0.4346629384264538 0.4162073489167617 0.46752848004561004 0.48242723945267957 0.41111554503990877
0 0.3851002132269099 0.4393485096921323 0.3663361482326111 0.4091150273660205 0.3407718369441277 0.4347106545039909 0.35734636944127707 0.45914524401368306 0.3851002132269099 0.4393485096921323
0 0.036790006841505137 0.27978640364880275 0.009441006841505133 0.3138396259977195 0.054985565564424174 0.35291559749144813 0.07809782782212087 0.32630103648802733 0.036790006841505137 0.27978640364880275
0 0 0.36521572976054734 0.00897184834663626 0.37517958608893953 0.032937265678449255 0.3437422006841505 0 0.30564151881413915 0 0.36521572976054734
0 0.8117031470923602 0.07739286316989738 0.7786260216647662 0.03804184948688712 0.7632293694412772 0.04745285176738883 0.7990054937286203 0.09137673318129988 0.8117031470923602 0.07739286316989738
0 0.4153415473204105 0.7187649372862029 0.4350401527936146 0.7453618722919042 0.46727768415051313 0.7216804082098062 0.4379873181299886 0.6939685963511972 0.4153415473204105 0.7187649372862029
0 0.34892095210946406 0.6787679612314709 0.3929864686431015 0.6286658095781072 0.36039731584948687 0.5851158415051312 0.3128963204104903 0.631290259977195 0.34892095210946406 0.6787679612314709
0 0.1139156259977195 0.6684187058152794 0.0851442953249715 0.6906658232611175 0.10315049372862028 0.7185730684150513 0.13328122006841506 0.6902757605473204 0.1139156259977195 0.6684187058152794