0 0.6191631664766248 0.893583724059293 0.6544902576966933 0.9487754264538198 0.6823977251995439 0.9235686328392246 0.6483954709236032 0.8688625575826683 0.6191631664766248 0.893583724059293
0 0.5857582348916761 0.8968336476624857 0.5623845610034207 0.8989429429874572 0.579656244013683 0.9498541459521094 0.6052021311288482 0.9395253956670467 0.5857582348916761 0.8968336476624857
0 0.7298877742303307 0.17596544355758267 0.7876265131128849 0.18399200570125426 0.7963457377423033 0.14444413568985176 0.7326538369441277 0.13360527936145952 0.7298877742303307 0.17596544355758267
0 0.2651829954389966 0.06993373660205246 0.2046527605473204 0.0517596716077537 0.17325897491448117 0.14345950741163055 0.2400092086659065 0.17446105587229188 0.2651829954389966 0.06993373660205246
0 0.44393761687571265 0.8127257514253136 0.47839356100342073 0.8845399555302166 0.4921730729760547 0.8752609019384264 0.46435607639680726 0.8112955359179019 0.44393761687571265 0.8127257514253136
0 0.9278846168757127 0.39303309350057014 0.8907314298745724 0.4044214412770809 0.9001532234891677 0.4465863865450399 0.9350424332953249 0.43591334663625997 0.9278846168757127 0.39303309350057014
0 0.8433314720638541 0.2505298164196123 0.8557752645381984 0.33035922690992015 0.8933754652223489 0.3267721527936146 0.8769308677309008 0.24395738996579247 0.8433314720638541 0.2505298164196123
0 0.7602781436716077 0.24895598403648803 0.7653724161915622 0.283950244013683 0.7977346488027366 0.2745326077537058 0.7926402941847206 0.23953990763968075 0.7602781436716077 0.24895598403648803
0 0.4761550136830102 0.4354792508551881 0.46866026225769664 0.39341529646522233 0.42131494640820977 0.3978779247434436 0.4248105359179019 0.4369550490307868 0.4761550136830102 0.4354792508551881
0 0.46989131128848344 0.3434737822120867 0.4806624070695553 0.4287684538198404 0.5167348152793614 0.4278816841505131 0.5087998129988598 0.34134467730900797 0.46989131128848344 0.3434737822120867
0 1 0.3539141881413911 0.9830742052451539 0.35449211174458384 0.9996469657924744 0.40626009692132264 1 0.4062393557582668 1 0.3539141881413911
0 0.3721015518814139 0.24180715621436716 0.37633849372862027 0.206311503990878 0.3452553751425314 0.2100414127708096 0.3431618814139111 0.24237459749144813 0.3721015518814139 0.24180715621436716