0 0.1400931163055872 0.6839767001140251 0.23593608323831242 0.6704156111744584 0.23532321778791335 0.6167040045610035 0.13559830900798175 0.6278813534777651 0.1400931163055872 0.6839767001140251
0 0.13897172976054734 0.05122505245153934 0.0712936385404789 0.05056961459521095 0.060897938426453815 0.08770395096921323 0.13703225085518814 0.09389352223489167 0.13897172976054734 0.05122505245153934
0 0.14659189965792474 0.19611071835803878 0.16519558608893958 0.2404411197263398 0.19726903420752565 0.22395319954389967 0.17910995324971493 0.1783717913340935 0.14659189965792474 0.19611071835803878
0 0.2755172006841505 0.20836974116305587 0.32678059977194984 0.17279148460661345 0.3113073762827822 0.14421261117445838 0.26124498745724056 0.18227709578107182 0.2755172006841505 0.20836974116305587
0 0.39966803306727483 0.3425333454960091 0.38646872976054736 0.31785801026225774 0.3353314412770809 0.3398729236031927 0.34195356442417335 0.3645608472063854 0.39966803306727483 0.3425333454960091
0 0.27165722462941844 0.3815576316989738 0.27939551197263396 0.41048960205245155 0.3307939749144812 0.3808705541619156 0.31837711060433294 0.3625676750285063 0.27165722462941844 0.3815576316989738
0 0.40001341733181295 0.6717845051311288 0.43142673318129987 0.6547794321550742 0.4171658095781072 0.6336379395667047 0.3873218038768529 0.6512311459521095 0.40001341733181295 0.6717845051311288
0 0.4523578700114025 0.6791020524515393 0.44362496579247435 0.6664296807297606 0.41324712884834663 0.6821111938426453 0.4226307023945268 0.7000828323831242 0.4523578700114025 0.6791020524515393
0 0.4549949509692132 0.6859504697833524 0.42077954389965794 0.7044944401368302 0.43105580729760545 0.7199667822120868 0.46542520980615737 0.6978177981755986 0.4549949509692132 0.6859504697833524
0 0.08290485404789052 0.9246715484606614 0.0522349566704675 0.9457696567844925 0.05780114937286203 0.9911026499429875 0.10542812656784492 0.9619482576966932 0.08290485404789052 0.9246715484606614
0 0.33657550171037626 1 0.3449859030786773 0.9982727023945267 0.33869192930444697 0.9811165530216648 0.3082529407069555 0.991427992018244 0.3085869897377423 1 0.33657550171037626 1