0 0.07200704789053593 0.13908089965792475 0.08564104903078679 0.17398266704675028 0.1200246818700114 0.15915798289623717 0.10270456898517673 0.12768903762827824 0.07200704789053593 0.13908089965792475
0 0.20073858380843787 0.38277201596351196 0.2340097172177879 0.38274720752565566 0.23647997605473206 0.34603449258836944 0.20144940022805016 0.3454037457240593 0.20073858380843787 0.38277201596351196
0 0.5649994937286202 0.34682201254275946 0.5281250250855188 0.34790921208665904 0.5204315518814139 0.3980900330672748 0.5541511322690992 0.4022365416191562 0.5649994937286202 0.34682201254275946
0 0.9643174230330672 0.19160876738882554 0.9180331356898518 0.18999248460661347 0.9168254378563284 0.24158958152793616 0.9577900057012543 0.24242442075256554 0.9643174230330672 0.19160876738882554
0 0.7660888802736603 0.42388218586088944 0.822315881413911 0.4299997696693273 0.8306648529076397 0.37806106727480043 0.7799232873432155 0.36797938312428735 0.7660888802736603 0.42388218586088944
0 0.5773227103762828 0.572333212086659 0.582633425313569 0.5053199190421893 0.544656574686431 0.5039937377423033 0.5387984389965792 0.5696699247434436 0.5773227103762828 0.572333212086659
0 0.43944007753705816 0.6587925963511974 0.4301323409350057 0.6020816522234892 0.3794252269099202 0.608026558722919 0.3835994663625998 0.6586233717217789 0.43944007753705816 0.6587925963511974
0 0.4235644036488027 0.5349208962371722 0.3633264321550741 0.5415836180159636 0.3656654435575827 0.5766819418472064 0.42499210604332954 0.5621341755986317 0.4235644036488027 0.5349208962371722
0 0.4114795256556443 0.8809865165336375 0.4156402348916762 0.8639182006841505 0.3608430216647663 0.8679410695553021 0.35739992018244016 0.8814728985176739 0.4114795256556443 0.8809865165336375
0 0.3945681391106043 0.9059552782212087 0.3933689418472064 0.8892563785632839 0.35893169783352336 0.8886479167616876 0.36250581299885976 0.9053906624857468 0.3945681391106043 0.9059552782212087
0 0.5099352189281642 0.9028233728620297 0.512079890535918 0.9349803101482326 0.535643984036488 0.9322119361459521 0.5368032474344356 0.899014984036488 0.5099352189281642 0.9028233728620297
0 0.5540199167616876 0.9334461858608893 0.5551153078677309 0.9530729338654504 0.5980478791334093 0.9486357434435575 0.5979513169897378 0.9343877559863171 0.5540199167616876 0.9334461858608893
0 0.5577432930444698 0.9543763808437856 0.5562760410490307 0.970918062713797 0.5866615028506271 0.9684176031927024 0.5865648871151654 0.9541711778791334 0.5577432930444698 0.9543763808437856
0 0.6922918483466363 0.9038913033067275 0.6962262029646522 0.8933049737742303 0.6787144378563285 0.8843821368301026 0.6716488962371722 0.8995682417331813 0.6922918483466363 0.9038913033067275
0 0.6956434732041049 0.8844276670467502 0.7013322405929304 0.8661791482326111 0.6481135689851767 0.8589799566704676 0.6370169692132268 0.8704637491448118 0.6956434732041049 0.8844276670467502