0 0.4610493614595211 0.2429324811858609 0.42638078791334094 0.2316219258836944 0.388990070695553 0.31200816419612315 0.4208367787913341 0.3223290114025086 0.4610493614595211 0.2429324811858609
0 0.47084620296465224 0.35377941049030787 0.5236134321550742 0.2552171687571266 0.48366652793614595 0.2419399543899658 0.4409693010262258 0.3414479600912201 0.47084620296465224 0.35377941049030787
0 0.546684582668187 0.29226365792474346 0.5317092383124288 0.27867024629418474 0.49266276510832385 0.3587000456100342 0.5130837183580388 0.3695146259977195 0.546684582668187 0.29226365792474346
0 0.5852883660205246 0.2419239954389966 0.5982367776510832 0.21148234435575824 0.5643895279361459 0.19366523831242874 0.5518480114025086 0.22946810718358038 0.5852883660205246 0.2419239954389966
0 0.5964113876852907 0.3147940729760548 0.5670035450399088 0.30604367502850627 0.5247075108323832 0.3770498814139111 0.5598224629418472 0.39639653591790197 0.5964113876852907 0.3147940729760548
0 0.4063579885974914 0.7709735724059293 0.34904333181299885 0.8806651413911061 0.3994109110604333 0.9067841676168757 0.4585013511972634 0.7924001527936146 0.4063579885974914 0.7709735724059293
0 0.4202965427594071 0.9164251904218927 0.37343312656784494 0.8969637616875712 0.3547903911060433 0.9373064663625998 0.4082875621436716 0.9587818848346636 0.4202965427594071 0.9164251904218927
0 0.655960779931585 1 0.6615185712656785 0.9860423762827822 0.6133647149372862 0.969508007981756 0.5968949201824402 1 0.655960779931585 1
0 0.4397236522234892 0.6663868072976055 0.39945279589509697 0.6453732611174459 0.3480813409350057 0.7178448836944128 0.39965773660205245 0.7416281117445839 0.4397236522234892 0.6663868072976055
0 0.32825377423033064 0.6761587662485746 0.3827559441277081 0.6810325838084379 0.38847984834663624 0.6328107822120866 0.3387724982896237 0.630183795895097 0.32825377423033064 0.6761587662485746
0 0.5178094446978335 0.47246101482326114 0.48770304561003425 0.46665677993158494 0.4629813774230331 0.5109459863169897 0.5010189293044469 0.5235624127708096 0.5178094446978335 0.47246101482326114
0 0.37685675940706953 0.4075319714937286 0.3532584161915622 0.40255067844925885 0.3217087137970353 0.4721482576966933 0.3483712052451539 0.4799116191562144 0.37685675940706953 0.4075319714937286
0 0.27133921094640817 0.5191064925883695 0.24199950969213224 0.49134689167616874 0.22167865678449258 0.5286604344355759 0.2497541505131129 0.5477612656784493 0.27133921094640817 0.5191064925883695
0 0.144950755986317 0.6156935005701255 0.12543206955530217 0.6470939350057013 0.16860525313568986 0.6768218928164197 0.19037723033067278 0.6422325279361459 0.144950755986317 0.6156935005701255
0 0.08398230216647662 0.5577163511972634 0.05799538540478905 0.5871085758266819 0.10552753819840364 0.6214461539338655 0.12272943329532497 0.5869942542759407 0.08398230216647662 0.5577163511972634
0 0.023584897377423034 0.500354818700114 0.004473104903078677 0.5371164709236033 0.036559347776510834 0.5542779692132269 0.053417354618015965 0.5302110193842645 0.023584897377423034 0.500354818700114
0 0.09545073546180159 0.348395330672748 0.05278560433295325 0.3278922873432155 0.03390018700114025 0.3581266134549601 0.07736200570125427 0.38043981299885976 0.09545073546180159 0.348395330672748
0 0.007734074116305587 0.30552513568985173 0.006159234891676169 0.3506226465222349 0.01991077080957811 0.36684682668187 0.04261043215507412 0.32991340935005703 0.007734074116305587 0.30552513568985173
0 0.07357052793614596 0.15810799201824402 0.03421701140250855 0.14485149942987458 0.011567565564424172 0.19574829988597492 0.04318291676168757 0.21081396237172179 0.07357052793614596 0.15810799201824402
0 0.06271537856328392 0.07752224971493729 0.03298352907639681 0.06103708095781071 0.021076843785632838 0.09567389395667046 0.050348800456100344 0.10768872633979475 0.06271537856328392 0.07752224971493729
0 0 0.8383813660205245 0.018262770809578107 0.7889104846066135 0 0.7744399521094641 0 0.8383813660205245
0 0.7825061721778792 0.2612873432155074 0.7677553124287343 0.29226016305587227 0.8028601984036488 0.30150812770809576 0.8166005176738882 0.2719837354618016 0.7825061721778792 0.2612873432155074
0 0.8687649304446978 0.24172331242873432 0.8789121721778791 0.20643094754846067 0.8536787696693273 0.1972322109464082 0.8376996909920182 0.22935036488027363 0.8687649304446978 0.24172331242873432
0 0.9634299110604333 0.47495196237172177 0.9293148426453819 0.46484895781071833 0.9105477799315849 0.5087519931584948 0.9448721185860889 0.5221299190421893 0.9634299110604333 0.47495196237172177