0 0.511071078677309 0.5506174344355758 0.5128467616875713 0.5803171550741163 0.572872165336374 0.5850593842645382 0.5751398358038768 0.5499994595210946 0.511071078677309 0.5506174344355758
0 0.24259102280501713 0.7392985553021665 0.26199588711516536 0.7707145963511972 0.3130769737742303 0.7587436704675028 0.30285563968072976 0.7201452554161916 0.24259102280501713 0.7392985553021665
0 0.3599850022805017 1 0.3767455940706956 0.9941896795895098 0.3593662907639681 0.9430560957810719 0.32494999429874577 0.9541476100342076 0.33983187685290767 1 0.3599850022805017 1
0 0.8271746807297605 0.705061732041049 0.8261352485746865 0.7531272884834663 0.8513254275940707 0.7531813956670467 0.8551970592930445 0.7018034994298746 0.8271746807297605 0.705061732041049
0 0.8406686237172178 0.506692282782212 0.8391644150513112 0.5727933568985176 0.8782618836944128 0.5864663557582669 0.8899170182440137 0.5136780912200684 0.8406686237172178 0.506692282782212
0 0.9150888072976054 0.635201259977195 0.9068085085518814 0.6914731641961231 0.9464416567844925 0.6918926294184721 0.9483140490307868 0.6348219464082098 0.9150888072976054 0.635201259977195
0 0.9064705986316989 0.9023710741163056 0.9044490661345496 0.9391935838084379 0.9301941972633979 0.9431963842645382 0.9341911630558724 0.8990984549600913 0.9064705986316989 0.9023710741163056
0 0.5419113888255416 0 0.5419283044469784 0.010770749144811858 0.6133103751425314 0.006728193842645382 0.613671534777651 0 0.5419113888255416 0
0 0.6378593181299885 0.16860419498289625 0.6405009977194983 0.1874007206385405 0.6763471151653364 0.19074918015963513 0.6801585712656784 0.17307327023945268 0.6378593181299885 0.16860419498289625
0 0.6392947137970354 0.20014891790193842 0.6405229509692132 0.21315455074116307 0.6568109224629419 0.2138601949828962 0.6589287115165336 0.2012095267958951 0.6392947137970354 0.20014891790193842
0 0.5024201539338654 0.6213172690992019 0.4782931607753706 0.6330943990877993 0.4925292223489168 0.6490638483466363 0.5154802725199543 0.6374519863169897 0.5024201539338654 0.6213172690992019