0 0.9158187502850628 0.6522375005701254 0.9092796875712656 0.7272624994298745 0.9794312497149372 0.7278546875712657 0.9913203124287343 0.6559906248574686 0.9158187502850628 0.6522375005701254
0 0.25414531242873434 0.14725 0.24939062485746863 0.20045937514253137 0.2868437502850627 0.2063984378563284 0.2910046875712657 0.15472812542759407 0.25414531242873434 0.14725
0 0.2808984378563284 0.22896562485746863 0.2755484378563284 0.2646015621436716 0.3403484378563284 0.27054062485746866 0.352239062713797 0.23668750057012544 0.2808984378563284 0.22896562485746863
0 0.08560624971493729 0.7038953124287344 0.08174218700114026 0.7314187502850628 0.15308281299885973 0.7379515621436716 0.15605468757126567 0.7046937502850628 0.08560624971493729 0.7038953124287344
0 0.02883281299885975 0.8947453124287343 0.13643749942987457 0.8983093751425314 0.14000312542759408 0.8763343751425314 0.022887499429874572 0.867425 0.02883281299885975 0.8947453124287343
0 0.6554312497149374 0.8000828129988597 0.6536468745724059 0.833571874572406 0.6910999999999999 0.8389171870011403 0.6940718745724059 0.8068468745724059 0.6554312497149374 0.8000828129988597
0 0.8105937502850628 0.3022203124287343 0.8070281254275941 0.3530953124287343 0.8682593751425314 0.3548765621436716 0.8765828129988598 0.301425 0.8105937502850628 0.3022203124287343
0 0.21045 0.09559531242873433 0.20837031242873433 0.13631718700114026 0.252364062713797 0.13572187457240595 0.25592968757126566 0.10008749942987456 0.21045 0.09559531242873433
0 0.426253125427594 0.16684531242873432 0.4217937502850627 0.1838296875712657 0.49670000000000003 0.1897687502850627 0.49789062485746866 0.17373281299885973 0.426253125427594 0.16684531242873432
0 0.3977171870011403 0.05818750057012542 0.39444687457240596 0.07336093728620297 0.44141250057012543 0.07395468757126568 0.44319531242873433 0.059107812998859754 0.3977171870011403 0.05818750057012542
0 0.06271875028506271 0.7860593751425313 0.11979062485746864 0.789028125427594 0.12395312542759407 0.7516124994298746 0.07104218700114025 0.7474546875712657 0.06271875028506271 0.7860593751425313
0 0.6066812497149372 0.5710625005701254 0.6453249999999999 0.5758124994298746 0.6601875005701254 0.4891015621436716 0.6268953124287343 0.4807875005701254 0.6066812497149372 0.5710625005701254
0 0.5894421870011403 0.6442234378563284 0.5829031254275941 0.6850937502850627 0.6601875005701254 0.690439062713797 0.6661312497149372 0.6447062497149373 0.5894421870011403 0.6442234378563284
0 0.8043515621436717 0.6531296875712657 0.7998921870011403 0.6945953124287343 0.8468578129988598 0.7011296875712656 0.850425 0.658960937286203 0.8043515621436717 0.6531296875712657
0 0.9434625005701254 0.7502078129988596 0.9419781254275941 0.7914046875712657 0.9847812497149373 0.7925921870011402 0.9925093751425313 0.7569578129988597 0.9434625005701254 0.7502078129988596
0 0.9416796875712656 0.8080984378563284 0.9390046875712657 0.8478265621436716 0.984185937286203 0.8519843751425313 0.9895374994298746 0.8121906248574686 0.9416796875712656 0.8080984378563284