0 0.515938669327252 0.3095181334093501 0.5650341778791333 0.3162248255416192 0.5704558654503991 0.2642263568985177 0.5211454857468644 0.25423104104903077 0.515938669327252 0.3095181334093501
0 0.2243566009122007 0.06265360889395667 0.23689345952109464 0.20161820980615738 0.29230726795895096 0.19775552223489168 0.2799948608893957 0.058806618015963506 0.2243566009122007 0.06265360889395667
0 0.001471315849486887 0.7083397149372862 0.032138157354618016 0.7170313477765109 0.03636278449258837 0.6566163740022806 0.004149600912200685 0.6490054446978335 0.001471315849486887 0.7083397149372862
0 0.583926597491448 1 0.5877611071835804 0.9618234458380844 0.5092527149372862 0.952168771949829 0.5045226795895097 0.9857644082098062 0.5794519270239453 1 0.583926597491448 1
0 0 0.9477866716077537 0.01252497377423033 0.9549317776510833 0.02223916875712657 0.8585934789053592 0.008100928164196124 0.8561168369441278 0 0.9221878905359179 0 0.9477866716077537
0 0.6860635883694413 0.5181295518814139 0.6937732120866591 0.4674814732041049 0.6603753124287343 0.4597892645381984 0.6542784868871152 0.512930921322691 0.6860635883694413 0.5181295518814139
0 0.5244849931584948 0.4193349281641961 0.5726811482326112 0.4197291322690992 0.5757998346636259 0.38364158608893956 0.5213891596351197 0.3869792189281642 0.5244849931584948 0.4193349281641961
0 0.6673019087799317 0.7495423261117445 0.6992021288483466 0.7559394059293044 0.7049940763968073 0.7242036259977195 0.6721884800456099 0.7165528358038769 0.6673019087799317 0.7495423261117445
0 0.23104238198403648 0.7449272827822121 0.2691499908779932 0.7502704264538198 0.27607267502850624 0.7108761163055872 0.2347661801596351 0.7056068848346636 0.23104238198403648 0.7449272827822121
0 0.40444250057012543 0.9847181197263398 0.45362440820980615 0.9899428540478905 0.4563290250855188 0.9597767856328392 0.40675612656784493 0.945001511972634 0.40444250057012543 0.9847181197263398
0 0.800195157354618 0.1886289464082098 0.8579250490307867 0.19742897947548463 0.8740674686431015 0.02618631584948689 0.8189692006841506 0.022333469783352336 0.800195157354618 0.1886289464082098
0 0.9244677229190422 0.1872020992018244 0.9659501254275941 0.19367402964652225 0.9705062041049032 0.12851907069555302 0.93749351995439 0.12382979931584948 0.9244677229190422 0.1872020992018244
0 0.1572309236031927 0.2683644481185861 0.23729211060433295 0.27783167046750284 0.23349478221208667 0.22995014595210947 0.15270012086659063 0.21894363397947547 0.1572309236031927 0.2683644481185861