0 0.5041191664766248 0.801586795895097 0.50085634663626 0.7393284857468643 0.46723606271379703 0.7446578403648803 0.4724019897377423 0.8091946704675028 0.5041191664766248 0.801586795895097
0 0.42591034891676166 0.8639528996579248 0.41487660775370583 0.7896159851767388 0.3739220068415051 0.7911677605473204 0.38077107981755987 0.865130984036488 0.42591034891676166 0.8639528996579248
0 0.5130929555302167 1 0.6485547092360319 0.9929007502850627 0.6417598928164197 0.8859379007981756 0.4693820638540479 0.9104305245153934 0.479776834663626 1 0.5130929555302167 1
0 0.4801631049030787 0.33313293500570124 0.47181593614595213 0.25330413911060434 0.4367922588369441 0.25454508779931584 0.4482906362599772 0.3377776887115166 0.4801631049030787 0.33313293500570124
0 0.41918593614595206 0.2590351847206385 0.4551779646522235 0.2535815336374002 0.45138687799315846 0.18124330672748004 0.41311624629418475 0.18859850513112886 0.41918593614595206 0.2590351847206385
0 0.3902908335233751 0.47935093500570125 0.38266081870011404 0.4018612497149373 0.275580330672748 0.4467159441277081 0.2797223603192702 0.49168579703534776 0.3902908335233751 0.47935093500570125
0 0.08203417673888255 0.3623218950969213 0.071841007981756 0.30399417901938425 0.023485859749144813 0.3118794481185861 0.028749091220068412 0.36689814253135694 0.08203417673888255 0.3623218950969213
0 0.06313325085518814 0.03570566476624858 0.0698219087799316 0.12929793500570125 0.10550455416191562 0.11880669669327251 0.09675353477765108 0.03037631128848347 0.06313325085518814 0.03570566476624858
0 0.3447209635119726 0.1999138574686431 0.3117556830102623 0.20639644697833523 0.315143842645382 0.25973128164196124 0.3534294663625998 0.254751992018244 0.3447209635119726 0.1999138574686431
0 0.0734692063854048 0.8116703432155074 0.0345404503990878 0.8178724663625997 0.04401802736602053 0.8738609908779932 0.08146275028506271 0.8683312063854048 0.0734692063854048 0.8116703432155074
0 0.27709475712656784 0.6458173591790194 0.2533088323831243 0.6458732314709237 0.2578222782212087 0.6979599623717219 0.2808908848346636 0.6955618574686431 0.27709475712656784 0.6458173591790194
0 0.9449289464082098 0 0.9457245279361459 0.013233610034207526 0.9735071117445837 0.009993890535917902 0.973158543899658 0 0.9449289464082098 0