0 0.4481894367160775 0.49940088255416193 0.4188514754846066 0.4944500706955531 0.4007280114025086 0.5518702576966933 0.4343792383124287 0.5619665758266819 0.4481894367160775 0.49940088255416193
0 0.3247390718358039 0.19535793614595212 0.28976307753705816 0.20719838312428734 0.28993644469783353 0.25966313797035345 0.3298448848346636 0.25838653021664765 0.3247390718358039 0.19535793614595212
0 0.09686984720638542 0.2272755313568985 0.04226758836944128 0.2320347411630559 0.04620257810718358 0.2687361071835804 0.09993510490307866 0.26330478791334094 0.09686984720638542 0.2272755313568985
0 0.22659569783352337 0.772660362599772 0.17999587913340934 0.7608351721778791 0.17427660205245152 0.7853675575826682 0.2234667582668187 0.800697472063854 0.22659569783352337 0.772660362599772
0 0.41684547434435576 0.8304318734321551 0.3527769395667047 0.8140967103762827 0.33065936145952113 0.8491163591790193 0.3989602337514253 0.8768465689851768 0.41684547434435576 0.8304318734321551
0 0.2748892736602052 0.8740364424173318 0.22192227822120866 0.8533099429874572 0.2125980456100342 0.891832936145952 0.26778481299885976 0.9064954503990877 0.2748892736602052 0.8740364424173318
0 0 0.8288657263397948 0.013458652223489168 0.8332852531356898 0.016505680729760545 0.8055389863169897 0 0.8007616476624857 0 0.8288657263397948
0 0.9551399931584948 0.7213682497149373 0.9818689498289623 0.7290693238312428 0.9882856556442418 0.6557260456100342 0.9672585199543899 0.6509063204104902 0.9551399931584948 0.7213682497149373
0 0.7918905530216648 0.7088738289623717 0.7729815324971494 0.707219503990878 0.7616552725199544 0.7413936476624857 0.7780207582668187 0.7490836316989737 0.7918905530216648 0.7088738289623717
0 0.760831425313569 0.7031764161915621 0.7478828335233751 0.701447542759407 0.7435312782212086 0.7171593192702395 0.7553813112884835 0.7220686111744584 0.760831425313569 0.7031764161915621
0 0.3812476681870011 0.4750676784492588 0.37519977765108325 0.44890977993158493 0.35643720752565566 0.45918862827822116 0.3625885963511973 0.48416354503990877 0.3812476681870011 0.4750676784492588