0 0.8262900843785632 0.8368224093500569 0.805618212086659 0.8655597616875713 0.8571765678449258 0.9026855461801596 0.8775813717217789 0.874834291904219 0.8262900843785632 0.8368224093500569
0 0.9715886225769669 0.7378118882554161 0.9411832269099202 0.7123398620296465 0.9114085895096922 0.75279513340935 0.9477945803876854 0.7754023500570125 0.9715886225769669 0.7378118882554161
0 0.7607909885974915 0.6806867628278221 0.7338496020524515 0.660619763968073 0.6998292098061574 0.7063454903078678 0.7315565359179019 0.7288713899657924 0.7607909885974915 0.6806867628278221
0 0.6984228380843785 0.684942685290764 0.712819401368301 0.6418436271379703 0.6973895393386546 0.642166574686431 0.6848345404789054 0.681736299885975 0.6984228380843785 0.684942685290764
0 0.6807619692132268 0.6430640205245154 0.6647503454960091 0.642784535917902 0.6613380011402509 0.6682616761687571 0.6729775051311289 0.6699494458380844 0.6807619692132268 0.6430640205245154
0 0.6334123101482326 0.6707434332953249 0.6801461425313569 0.610392046750285 0.6678368631698974 0.6018634218928164 0.6217366054732041 0.6598489429874573 0.6334123101482326 0.6707434332953249
0 0.4697941984036488 0.9695599771949829 0.5080603443557582 0.9185637970353479 0.4781537856328392 0.8984450410490308 0.43992908779931583 0.947066582668187 0.4697941984036488 0.9695599771949829
0 0.302936881413911 0.944081535917902 0.31889684150513115 0.913478850627138 0.2667017867730901 0.8787188779931584 0.24663390992018244 0.9068744960091221 0.302936881413911 0.944081535917902
0 0.22048610034207525 0.9093857229190422 0.1800719646522235 0.8795821106043329 0.14481241277080958 0.9282569726339794 0.19650412314709234 0.9538036328392245 0.22048610034207525 0.9093857229190422
0 0.4613544606613455 0.6713031949828961 0.49338383694412774 0.7057111755986316 0.518958007981756 0.6761686316989738 0.4859923033067275 0.6533241961231471 0.4613544606613455 0.6713031949828961
0 0.6818916282782213 0.8503356168757126 0.6998484652223489 0.8411476077537059 0.6486216795895098 0.7850262793614595 0.6351634036488027 0.7975589338654504 0.6818916282782213 0.8503356168757126
0 0.9144491425313569 0.5105597434435576 0.8886018141391107 0.4958564059293044 0.8709676522234892 0.5204898996579248 0.8977792314709236 0.5331316259977196 0.9144491425313569 0.5105597434435576
0 0.8246763580387686 0.3854723785632839 0.8064455313568986 0.3762465507411631 0.772435473204105 0.42138018129988597 0.7909852383124288 0.4332838563283922 0.8246763580387686 0.3854723785632839
0 0.4157826841505131 0.6990120775370582 0.405232094640821 0.6917018312428734 0.3833625416191562 0.7210121197263398 0.3943709509692132 0.7292211174458381 0.4157826841505131 0.6990120775370582
0 0.394648858608894 0.6861725370581528 0.38297471493728624 0.6752780729760548 0.35997118928164196 0.7016009281641962 0.3750989475484606 0.7119602713797035 0.394648858608894 0.6861725370581528
0 0.6098403249714938 0.7635649327251995 0.597425858608894 0.7609728757126567 0.5832158187001141 0.7933860627137971 0.596905220068415 0.7977834572405929 0.6098403249714938 0.7635649327251995
0 0.34037686887115165 0.39661563283922463 0.3623751904218928 0.4278808825541619 0.3920684937286203 0.392174913340935 0.3645868494868871 0.3691277194982896 0.34037686887115165 0.39661563283922463
0 0.3396070228050171 0.4066990456100342 0.3160425142531357 0.4312290250855188 0.3347721755986317 0.44580812314709234 0.35261091448118587 0.4202874401368301 0.3396070228050171 0.4066990456100342
0 0.6819595165336374 0.20067222919042188 0.6819150889395668 0.16919634777651082 0.6296608380843786 0.17184885176738882 0.6322219384264538 0.20158557924743442 0.6819595165336374 0.20067222919042188
0 0.5844208574686431 0.7583705108323832 0.5696659657924744 0.7539560798175599 0.5663588335233751 0.7734950889395666 0.5786325381984037 0.7743031676168758 0.5844208574686431 0.7583705108323832
0 0.5422967046750284 0.4185492120866591 0.5331939087799316 0.43026869327251993 0.5683024458380844 0.4581981744583809 0.5790003614595212 0.4473988608893957 0.5422967046750284 0.4185492120866591
0 0.19923675256556445 0.7332380433295325 0.18385711288483464 0.730594228050171 0.17729466248574685 0.7667039475484606 0.1890653968072976 0.7683940079817559 0.19923675256556445 0.7332380433295325
0 0.177396842645382 0.7269184218928165 0.16434883124287344 0.7266906681870011 0.16236216647662485 0.7385327993158495 0.17260318928164195 0.7431653603192703 0.177396842645382 0.7269184218928165
0 0.24251690992018243 0.6668895313568985 0.23250663511972636 0.6625563557582668 0.22980352565564424 0.6815120661345496 0.24395243899657926 0.6820559566704676 0.24251690992018243 0.6668895313568985
0 0.22548376510832382 0.6570907696693272 0.20941723261117448 0.6597779669327252 0.2097310809578107 0.6758187001140251 0.22358941391106044 0.6763575176738882 0.22548376510832382 0.6570907696693272
0 0.24985365564424172 0.6883942873432156 0.2357027582668187 0.6833981220068415 0.23063693500570126 0.7017187514253135 0.24439057582668186 0.7078972257696693 0.24985365564424172 0.6883942873432156
0 0.3013499030786773 0.865073055872292 0.3330654047890536 0.8834418643101482 0.34754645496009123 0.8355919931584949 0.3117266145952109 0.825762229190422 0.3013499030786773 0.865073055872292