0 0.15853281299885974 0.08569062485746864 0.15348437514253135 0.11924062485746864 0.21582968757126567 0.12161406271379704 0.22414218700114025 0.08720937514253137 0.15853281299885974 0.08569062485746864
0 0.3423 0.027892187001140253 0.336360937286203 0.08602187457240594 0.3618921870011403 0.090175 0.3702062497149373 0.03145156214367161 0.3423 0.027892187001140253
0 0.41681562485746865 0.16130000000000003 0.41651875028506274 0.19872656214367163 0.4753 0.20287812542759406 0.4794562497149373 0.16372812542759407 0.41681562485746865 0.16130000000000003
0 0.2832203124287343 0.19777031242873433 0.2823296875712657 0.23609531242873433 0.3161734378563284 0.2331312497149373 0.3138 0.20287812542759406 0.2832203124287343 0.19777031242873433
0 0.43789218700114024 0.5059906248574687 0.43255 0.5433609372862029 0.4842062497149373 0.5469203124287343 0.49311249942987456 0.5142953124287343 0.43789218700114024 0.5059906248574687
0 0.6670828129988597 0.10348124971493729 0.6563953124287343 0.13881562485746865 0.6914265621436716 0.1465265621436716 0.7038953124287344 0.10856406271379704 0.6670828129988597 0.10348124971493729
0 0.7223015621436717 0.14830624971493728 0.761489062713797 0.15898437514253136 0.773364062713797 0.12102031242873433 0.7383328129988598 0.11271562485746864 0.7223015621436717 0.14830624971493728
0 0.7413015621436717 0.5712406248574686 0.7181453124287344 0.5979328129988597 0.740114062713797 0.6169156248574686 0.761489062713797 0.590814062713797 0.7413015621436717 0.5712406248574686
0 0.10598437514253135 0.9467468745724059 0.10242343785632839 0.981125 0.15823593728620297 0.9846843751425314 0.16298437514253136 0.9520578129988597 0.10598437514253135 0.9467468745724059
0 0.3702062497149373 0.9787515621436716 0.36515781299885974 0.9965609372862029 0.420675 0.9987546875712657 0.42482968757126566 0.9852765621436715 0.3702062497149373 0.9787515621436716
0 0.06264062485746864 0.22245312542759405 0.057296874572405926 0.26338281299885974 0.0857984378563284 0.26931406271379704 0.09945312542759407 0.2266046875712657 0.06264062485746864 0.22245312542759405
0 0.20573593728620296 0.521414062713797 0.20395312542759408 0.5362421870011402 0.262735937286203 0.5457328129988598 0.265110937286203 0.5261593751425314 0.20573593728620296 0.521414062713797