0 0.48609260433295326 0.657222229190422 0.5603076955530217 0.6588359555302167 0.5633452576966933 0.6238861470923603 0.48646647206385407 0.6200013911060434 0.48609260433295326 0.657222229190422
0 0.4092985347776511 0.7180024663625998 0.44568356898517675 0.7163740912200685 0.45035798859749143 0.6410150285062713 0.4129109270239453 0.6389932417331813 0.4092985347776511 0.7180024663625998
0 0.37995477993158494 0.7719682576966933 0.381872409350057 0.8465963135689851 0.3956058380843786 0.8457679179019385 0.3960573124287343 0.7713070900798176 0.37995477993158494 0.7719682576966933
0 0.8625447480045609 0.8945102257696693 0.8963875553021665 0.8867458164196123 0.882409307867731 0.8315378221208667 0.8510430444697833 0.8385826077537059 0.8625447480045609 0.8945102257696693
0 0.7341612143671608 0.3324949771949829 0.7700797571265678 0.32904838198403646 0.7769042850627138 0.2484766054732041 0.7362519897377423 0.24861305245153933 0.7341612143671608 0.3324949771949829
0 1 0.20946665450399088 0.9669070638540479 0.20991471949828963 0.9646779030786773 0.2502825553021665 1 0.24562018700114027 1 0.20946665450399088
0 0.4825603112884835 0.2910635724059293 0.534455574686431 0.2887326134549601 0.5361856168757126 0.25548010490307865 0.4849763990877993 0.25875183808437857 0.4825603112884835 0.2910635724059293
0 0.3159871607753706 0.2156478072976055 0.3642900832383124 0.2136639794754846 0.36373697263397947 0.17905985176738884 0.3140078494868871 0.17886075142531357 0.3159871607753706 0.2156478072976055
0 0.30593019384264536 0 0.30405426795895096 0.04616192702394527 0.3419258517673888 0.04881016647662486 0.3415388141391106 0 0.30593019384264536 0
0 0.576358197263398 0.004118535917901939 0.49810531014823256 0.0007328928164196122 0.4969161334093501 0.037002353477765114 0.5804828301026226 0.038673242873432156 0.576358197263398 0.004118535917901939
0 0.12217071037628278 0.21520803534777652 0.1599993181299886 0.2184484686431015 0.16276767388825542 0.17036977423033067 0.1219668574686431 0.17079343557582669 0.12217071037628278 0.21520803534777652
0 0.17144557810718358 0.27586334207525653 0.17005744697833522 0.3127156556442417 0.2345561984036488 0.3172258472063854 0.2410098620296465 0.2759598848346636 0.17144557810718358 0.27586334207525653
0 0.035054623717217785 0 0.03467011288483466 0.01242596009122007 0.10610727708095781 0.01503740022805017 0.10645431927023946 0 0.035054623717217785 0
0 0.04520127251995439 0.39754871607753706 0.043813251995439 0.4343994709236032 0.07813257126567845 0.4367993112884834 0.0781201071835804 0.39448599429874576 0.04520127251995439 0.39754871607753706
0 0.7871717913340934 0.7223753489167617 0.7928766168757126 0.6578160342075257 0.7763077023945268 0.6566574230330673 0.7739478312428735 0.724429771949829 0.7871717913340934 0.7223753489167617