0 0.9123617890535918 0.19982498631698972 0.8696859623717218 0.18486244925883694 0.8552937058152794 0.2218172930444698 0.8922888301026225 0.23618179931584948 0.9123617890535918 0.19982498631698972
0 0.640474014823261 0.09690976282782213 0.6274524435575827 0.13367039110604334 0.6846170296465223 0.152187007981756 0.6935467924743444 0.10621716305587228 0.640474014823261 0.09690976282782213
0 0.9011471984036489 0.2992123614595211 0.8810740228050171 0.33556762713797034 0.9247112052451539 0.35738179931584946 0.9420408118586089 0.32141053933865454 0.9011471984036489 0.2992123614595211
0 0.5426877058152794 0.5857324241733181 0.564326 0.5505551755986317 0.5385229247434435 0.526234582668187 0.5096161505131128 0.5694216727480046 0.5426877058152794 0.5857324241733181
0 0.23041571037628278 0.6533740057012543 0.26170548802736604 0.6769234937286204 0.29963853021664766 0.6282754823261117 0.2661816385404789 0.6092229270239452 0.23041571037628278 0.6533740057012543
0 0.11680098859749144 0.16351888369441275 0.08570409578107184 0.1413418472063854 0.0717198369441277 0.17125260547320412 0.10380427936145953 0.19049804789053593 0.11680098859749144 0.16351888369441275
0 0.7310095997719498 0.8107788437856328 0.740853629418472 0.7912310809578108 0.7089603078677309 0.7733567605473204 0.690091558722919 0.7983652246294184 0.7310095997719498 0.8107788437856328
0 0.20029869099201825 0.23003306043329533 0.18807221778791333 0.26249273888255414 0.21428307297605473 0.2797677001140251 0.22650976396807299 0.2473095678449259 0.20029869099201825 0.23003306043329533
0 0.05918579931584949 0.649493401368301 0.06130405701254276 0.664565590649943 0.11262081413911061 0.6713254025085519 0.1210923945267959 0.6519705256556442 0.05918579931584949 0.649493401368301
0 0.5149854811858608 0.6972181128848347 0.49385333181299884 0.6862161311288484 0.48102464538198403 0.7243492098061575 0.492963834663626 0.7296564321550741 0.5149854811858608 0.6972181128848347
0 0.5361438232611174 0.6984368631698974 0.5238192976054732 0.6903878358038769 0.4949125233751425 0.7335749258836943 0.5089930684150513 0.7441715416191563 0.5361438232611174 0.6984368631698974
0 0.5175380535917902 0.775108385404789 0.5509948221208666 0.7145155427594071 0.5369140592930445 0.703917378563284 0.5065859783352338 0.7668664720638539 0.5175380535917902 0.775108385404789