0 0.8988170524515393 0.40341510604332953 0.9362941265678449 0.41370153819840366 0.9530030570125427 0.3334191174458381 0.9123965017103763 0.32564421664766247 0.8988170524515393 0.40341510604332953
0 0.8707131299885975 0.31632334207525653 0.9014213865450399 0.31971638768529076 0.912316385404789 0.2599390399087799 0.8745673261117446 0.2540960239452679 0.8707131299885975 0.31632334207525653
0 1 0.42233615051311285 0.9472356442417331 0.40892544127708097 0.9376743705815279 0.4666901448118586 0.9946978928164196 0.4780040935005701 1 0.4491091835803877 1 0.42233615051311285
0 0.9480064070695553 0.5415537913340935 0.9866366362599772 0.552496787913341 0.9946856043329533 0.506839842645382 0.9560752280501711 0.5009516875712657 0.9480064070695553 0.5415537913340935
0 0.9323966716077536 0.5900846009122007 0.9684055974914481 0.594350007981756 0.9753849566704674 0.5522043956670467 0.938842054732041 0.5464245917901939 0.9323966716077536 0.5900846009122007
0 0.6899533648802737 0.5238678517673888 0.7222850570125428 0.530318802736602 0.7410928050171038 0.4507409395667047 0.6989820125427594 0.4422910752565564 0.6899533648802737 0.5238678517673888
0 0.6548253911060433 0.7408282941847206 0.7207026031927024 0.7531992451539339 0.7310350387685292 0.710634794754846 0.6643255598631699 0.6955446841505132 0.6548253911060433 0.7408282941847206
0 0.5323994002280501 0.9573755963511972 0.5844035644241733 0.9624792782212087 0.5916474732041048 0.8888340296465221 0.5422068312428735 0.8835689783352337 0.5323994002280501 0.9573755963511972
0 0.6378733021664766 0.2482316282782212 0.6765346054732041 0.2585816898517674 0.6875199714937287 0.19821451311288482 0.6467795724059293 0.1916201630558723 0.6378733021664766 0.2482316282782212
0 0.8066557445838085 0.2011880478905359 0.8461259464082098 0.2074185473204105 0.8549837103762827 0.16418224857468644 0.8150959817559863 0.1534690661345496 0.8066557445838085 0.2011880478905359
0 0.7377998266818699 0.27962940820980614 0.7610588301026225 0.28917226909920185 0.7643428608893957 0.2450492976054732 0.7452757115165337 0.2389962291904219 0.7377998266818699 0.27962940820980614
0 0.707018197263398 0.4022818255416191 0.7845879224629418 0.4182368152793614 0.7937210421892816 0.36431277879133406 0.7165485610034208 0.345106937286203 0.707018197263398 0.4022818255416191
0 0.40852582098061574 0.18151207183580387 0.4437569258836944 0.18930410490307867 0.45678239794754844 0.09693577993158496 0.4235061413911061 0.08835591448118585 0.40852582098061574 0.18151207183580387
0 0.3583238802736602 0.32336035347776515 0.43302674686431014 0.3373829669327252 0.4398864230330673 0.28333978563283924 0.3684781721778791 0.26562516419612314 0.3583238802736602 0.32336035347776515
0 0.06438254846066135 0.45778744355758266 0.09624560205245154 0.46183557468643105 0.1068932953249715 0.4335572018244014 0.07095475142531357 0.4230525530216648 0.06438254846066135 0.45778744355758266
0 0 0.8862410832383124 0.011707956670467503 0.896197118586089 0.034448994298745726 0.8640932953249715 0.003996623717217788 0.8393077605473204 0 0.8447171493728621 0 0.8862410832383124
0 0 0.9517779042189282 0.01137406385404789 0.9592034914481186 0.026745394526795897 0.9261188745724058 0 0.9088892417331813 0 0.9517779042189282
0 0.13577671835803878 0.8182695165336374 0.14818037856328392 0.7856239338654505 0.1244527377423033 0.7736782542759407 0.10946293044469783 0.8103502554161917 0.13577671835803878 0.8182695165336374
0 0.27504470353477767 0.8243791128848347 0.3078735062713797 0.8213446431014824 0.31718960433295323 0.7549427708095781 0.2866293819840365 0.7506656362599772 0.27504470353477767 0.8243791128848347
0 0.2987661630558723 0.983778110604333 0.33287354503990874 0.9903221208665907 0.34153075484606615 0.9363731448118586 0.30864078563283925 0.9313793489167618 0.2987661630558723 0.983778110604333
0 0.010679410490307868 0.30692633865450397 0.002786493728620296 0.4575321550741163 0.05437666362599772 0.46737066020524515 0.07625289851767388 0.32136078449258837 0.010679410490307868 0.30692633865450397
0 0.3083027172177879 0 0.2971416123147092 0.05140905929304447 0.3346791927023945 0.060511098061573544 0.3457780992018244 0.005500955530216648 0.320956314709236 0 0.3083027172177879 0
0 0.9155672884834664 0.8091931619156215 0.931341882554162 0.8141818278221209 0.9398815062713797 0.7367413774230331 0.92369069327252 0.7335145940706955 0.9155672884834664 0.8091931619156215