0 0.2785886510832383 0.397061834663626 0.2793903683010262 0.4510850992018244 0.32959527251995435 0.4479590364880274 0.3243500969213227 0.389289330672748 0.2785886510832383 0.397061834663626
0 0.18133787913340935 0.321097236031927 0.10484926909920182 0.32352571265678454 0.11125267844925885 0.36755475598631704 0.18260462485746864 0.3590128369441277 0.18133787913340935 0.321097236031927
0 0.38224772976054733 0.20557169555302165 0.3413471505131129 0.20222183466362598 0.3529177787913341 0.2649457046750285 0.3888480775370582 0.26100949030786774 0.38224772976054733 0.20557169555302165
0 0.3727463945267959 0.025733567844925885 0.29331792588369443 0.027748874572405928 0.2991032405929304 0.05911080843785633 0.3717237343215507 0.0543415267958951 0.3727463945267959 0.025733567844925885
0 0.7530884789053591 0.3954620011402509 0.7564089338654504 0.41449844355758264 0.8456778380843785 0.41925765336374005 0.8522441744583809 0.40239963625997716 0.7530884789053591 0.3954620011402509
0 0.7463968608893957 0.3364186020524515 0.7102930900798176 0.33733408779931584 0.714292535917902 0.39420194982896234 0.7477967354618016 0.3947182953249715 0.7463968608893957 0.3364186020524515
0 0.7061114264538199 0.4140171368301026 0.6621870228050171 0.41084031242873437 0.6610597742303307 0.4657900729760547 0.7117919350057013 0.4717224196123147 0.7061114264538199 0.4140171368301026
0 0.6424978768529076 1 0.6501710125427594 0.9997697400228049 0.6476982611174459 0.9683021721778792 0.6064254093500571 0.9654680193842645 0.6079743033067274 1 0.6424978768529076 1
0 0.5884478061573546 0.8928593979475484 0.5405846043329532 0.8921222041049031 0.5449478369441277 0.9250814561003421 0.5973382485746864 0.9234585598631699 0.5884478061573546 0.8928593979475484
0 0.35519815165336377 0.47910980045610035 0.35777242189281644 0.5375745450399088 0.3962194412770809 0.5327960193842646 0.3905743261117446 0.4812383021664766 0.35519815165336377 0.47910980045610035
0 0.6976187103762828 0.8626765017103762 0.698462535917902 0.8993350729760548 0.7417770490307867 0.8940414595210946 0.7335748791334095 0.8564118529076398 0.6976187103762828 0.8626765017103762
0 0.8333626784492588 0.8140672234891676 0.841147606613455 0.8738638620296465 0.8832963614595211 0.8725987742303307 0.8778161140250855 0.8156016921322691 0.8333626784492588 0.8140672234891676
0 0.8327271995438996 0.9337781755986316 0.8428237058152793 0.9771270809578108 0.894957794754846 0.9730729771949829 0.88969744013683 0.9358426168757127 0.8327271995438996 0.9337781755986316
0 0.034137332953249715 0.9119926830102623 0.03099164424173318 0.9301203671607754 0.10338460775370581 0.9355025883694413 0.10762731014823261 0.9202461448118586 0.034137332953249715 0.9119926830102623
0 0.21659278563283924 0.21104367388825543 0.20316049258836943 0.21275024287343217 0.20833922805017105 0.23564062599771948 0.22605082668187002 0.23333788141391107 0.21659278563283924 0.21104367388825543
0 0.17746497605473205 0.21213374344355757 0.18273476624857468 0.23863127822120866 0.1979309749144812 0.2371726111744584 0.19551840820980615 0.21167621892816418 0.17746497605473205 0.21213374344355757