0 0.33576875028506276 0.5918281254275941 0.3423 0.6240328129988598 0.3957374994298746 0.6062375005701255 0.38801718700114024 0.5753921870011403 0.33576875028506276 0.5918281254275941
0 0.6439265621436716 0.46017968757126565 0.664114062713797 0.5095500000000001 0.7098328129988597 0.49116249942987456 0.6938015621436716 0.4413343751425314 0.6439265621436716 0.46017968757126565
0 0.881725 0.3667796875712657 0.8938968745724059 0.4027781254275941 0.9467406248574686 0.38498437514253137 0.9425828129988597 0.3499859372862029 0.881725 0.3667796875712657
0 0.7285359372862029 0.023424999999999998 0.7383328129988598 0.11686875028506272 0.7864265621436716 0.10915624971493729 0.7751453124287344 0.02433281299885975 0.7285359372862029 0.023424999999999998
0 0.07748437514253136 0.7555 0.07392343785632839 0.7705468745724059 0.14754687457240592 0.7741062497149372 0.14814218700114024 0.7586843751425314 0.07748437514253136 0.7555
0 0.005343750285062713 0.8355562497149372 0.02879687457240593 0.8891812497149373 0.06323437514253136 0.8719796875712656 0.04364062485746864 0.8268984378563284 0.005343750285062713 0.8355562497149372
0 0.033546874572405926 0.803764062713797 0.03651562485746864 0.8156281254275941 0.05670312542759407 0.8096968745724059 0.052546874572405936 0.7978328129988598 0.033546874572405926 0.803764062713797
0 0.02582812542759407 0.7777390627137971 0.02820312542759407 0.7913093751425314 0.04542343785632839 0.7865625005701253 0.041265624857468645 0.7752921870011402 0.02582812542759407 0.7777390627137971
0 0.15526718700114023 0.682164062713797 0.16298437514253136 0.7005531254275941 0.22711093728620296 0.6851296875712657 0.22532968757126567 0.6685203124287343 0.15526718700114023 0.682164062713797
0 0.18168750057012542 0.7225875005701254 0.18198437514253138 0.7319906248574687 0.24314218700114026 0.7219062497149372 0.24314218700114026 0.7064843751425314 0.18168750057012542 0.7225875005701254
0 0.3580343751425314 0.9351828129988599 0.374360937286203 0.984089062713797 0.40048593728620296 0.973414062713797 0.3832687502850627 0.9253656248574686 0.3580343751425314 0.9351828129988599
0 0.30637656214367165 0.9467468745724059 0.3286421870011403 0.995360937286203 0.35001718700114026 0.9858687502850627 0.32982968757126563 0.937821874572406 0.30637656214367165 0.9467468745724059
0 0.41236093728620293 0.7308046875712657 0.4604562497149373 0.710635937286203 0.44323750057012545 0.6786046875712657 0.40405 0.6987734378563284 0.41236093728620293 0.7308046875712657
0 0.501425 0.5190406248574686 0.520425 0.567089062713797 0.5507062497149373 0.5546312497149373 0.5352687502850627 0.5042109372862029 0.501425 0.5190406248574686
0 0.5450656248574687 0.2760484378563284 0.5447687502850628 0.31676875028506274 0.5685187502850627 0.3155812497149373 0.5720828129988598 0.2805843751425314 0.5450656248574687 0.2760484378563284
0 0.5406125005701254 0.18330312542759408 0.577425 0.18567656214367162 0.5792062497149373 0.16906718700114023 0.5441765621436716 0.16966093728620296 0.5406125005701254 0.18330312542759408
0 0.5334875005701254 0.19599062485746865 0.5376437502850627 0.21118281299885974 0.5560499999999999 0.21118281299885974 0.5590187502850626 0.19754062485746865 0.5334875005701254 0.19599062485746865
0 0.4836125005701254 0.8400046875712657 0.5020187502850627 0.8921484378563284 0.5328937502850627 0.8779109372862031 0.5150812497149373 0.8274921870011402 0.4836125005701254 0.8400046875712657