0 0.6893484378563284 0.4148125005701255 0.675989062713797 0.4721812497149373 0.7252703124287343 0.482264062713797 0.7335828129988597 0.4288781254275941 0.6893484378563284 0.4148125005701255
0 0.8339281254275941 0.4045578129988598 0.9033968745724059 0.422946874572406 0.9158656248574687 0.3802375005701254 0.8404593751425313 0.36718750057012545 0.8339281254275941 0.4045578129988598
0 0.6433312497149373 0.27880468757126564 0.6783640627137971 0.2877031254275941 0.6985515621436716 0.2272 0.6575828129988597 0.224825 0.6433312497149373 0.27880468757126564
0 0.6890515621436716 0.07653124971493729 0.7603015621436716 0.09136093728620297 0.7703953124287344 0.061109375142531355 0.6920203124287343 0.048059375142531356 0.6890515621436716 0.07653124971493729
0 0.16476718700114024 0.3543265621436716 0.1689234378563284 0.37193437514253136 0.25798593728620295 0.37964531242873434 0.2639234378563284 0.3612562497149373 0.16476718700114024 0.3543265621436716
0 0.2692671870011403 0.3612562497149373 0.3025171870011402 0.3654078129988597 0.31439218700114024 0.30965 0.2787671870011403 0.3037187502850627 0.2692671870011403 0.3612562497149373
0 0.29420468757126567 0.44252187457240594 0.34526875028506276 0.44370781299885975 0.3518 0.389135937286203 0.30786093728620295 0.3861687502850627 0.29420468757126567 0.44252187457240594
0 0.28856406271379703 0.9431890627137971 0.28173593728620294 0.9740062497149373 0.32330000000000003 0.981125 0.32982968757126563 0.9461265621436716 0.28856406271379703 0.9431890627137971
0 0.34467499999999995 0.9057906248574686 0.3963296875712657 0.9146890627137971 0.4052374994298746 0.8826578129988598 0.35773750057012543 0.8767265621436716 0.34467499999999995 0.9057906248574686
0 0.6109718745724059 0.49665 0.5982062497149373 0.5469203124287343 0.6356140627137971 0.5570031254275941 0.6463000000000001 0.49946562485746865 0.6109718745724059 0.49665
0 0.21909531242873434 0.820435937286203 0.20573593728620296 0.8565578129988597 0.24789218700114024 0.8678281254275941 0.25382968757126567 0.8316437502850628 0.21909531242873434 0.820435937286203
0 0.08193750057012543 0.7599484378563284 0.06857812542759407 0.8156281254275941 0.11014062485746864 0.8227468745724059 0.12617187457240592 0.7646156248574686 0.08193750057012543 0.7599484378563284
0 0.05343750057012543 0.8773656248574686 0.04304687457240593 0.9135015621436715 0.09410937514253136 0.924771874572406 0.11014062485746864 0.88325 0.05343750057012543 0.8773656248574686
0 0.8300671870011402 0.9707640627137971 0.8321453124287342 0.9864625005701254 0.9045828129988597 0.9912078129988597 0.9039906248574686 0.9728187502850627 0.8300671870011402 0.9707640627137971
0 0.8083953124287343 0.27405937514253137 0.825614062713797 0.27880468757126564 0.8339281254275941 0.25685781299885974 0.8208640627137971 0.2532984378563284 0.8083953124287343 0.27405937514253137
0 0.8416453124287343 0.25685781299885974 0.8357078129988598 0.2817703124287343 0.8505531254275941 0.2853296875712657 0.8594593751425313 0.2598234378563284 0.8416453124287343 0.25685781299885974