0 0.5248400045610034 0 0.5250423477765108 0.02063390763968073 0.5733515917901938 0.014023323831242874 0.5721247103762828 0 0.5248400045610034 0
0 0.9456137457240593 0.15310936602052452 0.9177024082098062 0.1543592565564424 0.9159998460661345 0.1962294732041049 0.9170460285062714 0.19762798859749145 0.9461752075256556 0.19358947092360318 0.9456137457240593 0.15310936602052452
0 0.8774065644241733 0.8999318369441277 0.9360624994298746 0.9025483420752566 0.9385799817559863 0.8427247194982896 0.9376008677309009 0.8413219042189282 0.8777340296465223 0.8355316716077537 0.8774065644241733 0.8999318369441277
0 0.8986702018244014 0.965779158494869 0.9193770421892816 0.9639675438996579 0.9204429475484607 0.9313317046750286 0.9097331163055873 0.9286925849486887 0.8986702018244014 0.965779158494869
0 0.8600778700114025 0.9676059030786773 0.8785532953249714 0.9675391596351197 0.8760533215507412 0.9185267890535919 0.8551896795895096 0.9185640672748004 0.8600778700114025 0.9676059030786773
0 0.8717616681870012 0.5696325587229191 0.8512604013683011 0.5738118278221209 0.8352255849486887 0.6419687115165337 0.8526848825541619 0.644611778791334 0.8717616681870012 0.5696325587229191
0 0.8018026818700115 0.649063394526796 0.8152104595210946 0.6592162770809578 0.8326313101482327 0.551003354618016 0.819526897377423 0.5449991938426454 0.8018026818700115 0.649063394526796
0 0.7653208164196124 0.6409323694412771 0.7791869566704674 0.6426993306727481 0.8004096522234891 0.537729897377423 0.7877249361459522 0.5358595758266819 0.7653208164196124 0.6409323694412771
0 0.08225461231470924 0.7245320718358039 0.1842095724059293 0.7382624230330672 0.18695110376282784 0.6816988654503991 0.08184129418472064 0.6721202143671607 0.08225461231470924 0.7245320718358039
0 0.08955853363740023 0.5695243922462941 0.10548170011402509 0.5675352782212086 0.10211094526795896 0.5192547115165337 0.08246118244013682 0.5224638871151653 0.08955853363740023 0.5695243922462941
0 0.04906909007981756 0.5700866693272519 0.06584093500570125 0.5710033956670467 0.06411660433295326 0.5243668392246293 0.042177176738882556 0.5253922633979475 0.04906909007981756 0.5700866693272519
0 0.03672226681870011 0.6265965530216647 0.050538352337514254 0.6277734424173318 0.054044156214367166 0.5931941185860888 0.035650559863169895 0.5939093238312428 0.03672226681870011 0.6265965530216647
0 0.03986406043329532 0.6829449623717218 0.0529833283922463 0.6829876431014823 0.052757277080957815 0.6397976818700114 0.03857798175598631 0.634182433295325 0.03986406043329532 0.6829449623717218
0 0.03693759863169898 0.7994245108323831 0.05682525655644242 0.80185669327252 0.05878935575826682 0.7394009714937286 0.03752394184720638 0.7379833557582668 0.03693759863169898 0.7994245108323831
0 0.039752099201824403 0.961892763968073 0.04617796465222349 0.9595425199543899 0.05228832041049031 0.9205632006841505 0.03573541619156215 0.9151571858608893 0.039752099201824403 0.961892763968073
0 0.005235428734321551 0.5673654184720639 0.023235475484606614 0.5610224754846066 0.020441001140250856 0.5156715803876852 0.0007850387685290764 0.5164972280501711 0.005235428734321551 0.5673654184720639
0 0.6621527958950969 0.16360298517673888 0.6735201197263397 0.1572458802736602 0.6733441778791334 0.10987783922462942 0.660889244013683 0.10828542417331813 0.6621527958950969 0.16360298517673888