0 0 0.2095143283922463 0.01287663283922463 0.21790804675028505 0.05201551881413911 0.17126712428734323 0 0.1391261755986317 0 0.2095143283922463
0 0.07780578677309008 0.356951897377423 0.023166465222348918 0.33339296465222346 0.007291196123147092 0.3721840022805017 0.06115387457240593 0.39186650285062713 0.07780578677309008 0.356951897377423
0 0.15814572633979476 0.23174483580387684 0.12208209122006843 0.2181841197263398 0.1104482212086659 0.25254240706955533 0.14724233637400228 0.2647571927023945 0.15814572633979476 0.23174483580387684
0 0.08522402736602053 0.10799528164196123 0.12423707183580388 0.053034240592930444 0.09599308437856328 0.047105563283922465 0.004056945267958951 0.05839390193842645 0.08522402736602053 0.10799528164196123
0 0.5550743147092361 0.04672038882554162 0.5296291790193842 0.0319440433295325 0.5085045051311289 0.05963741505131129 0.5390929270239453 0.07978794868871152 0.5550743147092361 0.04672038882554162
0 0.9056174355758267 0.08075203420752566 0.8896951550741163 0.08992805587229191 0.907091897377423 0.11468464538198404 0.9216081151653364 0.11110922576966932 0.9056174355758267 0.08075203420752566
0 0.9233305131128848 0.06667278335233752 0.9076189179019385 0.07512869783352337 0.9242766932725199 0.10361092816419612 0.940644259977195 0.09562545153933866 0.9233305131128848 0.06667278335233752
0 0.8595312907639681 0.32659317217787914 0.8234186009122006 0.4076373546180159 0.855644582668187 0.4216110285062714 0.8890993021664766 0.3481771847206385 0.8595312907639681 0.32659317217787914
0 0.7488574036488027 0.3898996784492589 0.7392065735461802 0.4233564503990878 0.7727650079817561 0.4335788392246294 0.7862425849486887 0.40204346408209807 0.7488574036488027 0.3898996784492589
0 0.781638457240593 0.37917473090079823 0.7937026807297606 0.36048862485746863 0.7268953500570126 0.33283362941847205 0.7172052075256556 0.35135417331812996 0.781638457240593 0.37917473090079823
0 0.7354542736602052 0.38305238312428735 0.7485400501710375 0.36782695210946403 0.694905086659065 0.3451270205245154 0.6900852748004561 0.35946503192702395 0.7354542736602052 0.38305238312428735
0 1 0.47015961003420753 0.9850913705815278 0.4624901402508552 0.9669512679589509 0.5047596830102622 1 0.5215077730900798 1 0.47015961003420753
0 0.6959887434435575 0.7266622998859749 0.6797316807297605 0.7623438768529076 0.714891527936146 0.7807366921322691 0.7310359418472063 0.7417016590649943 0.6959887434435575 0.7266622998859749
0 0.7049026499429875 0.8358004036488027 0.6997198472063855 0.8764270410490308 0.7379222588369442 0.8854825872291904 0.7425802622576967 0.8454666465222349 0.7049026499429875 0.8358004036488027
0 0.09701883238312428 0.8398678118586089 0.11552054275940707 0.8005433375142531 0.04857023375142531 0.7717110547320412 0.03596977993158495 0.8133004150513112 0.09701883238312428 0.8398678118586089
0 0.6297557582668187 0.365079511972634 0.5807806579247434 0.3437909555302166 0.5767386054732041 0.36202730216647666 0.6196320273660205 0.3800687605473204 0.6297557582668187 0.365079511972634
0 0.13560212086659065 0.267382850627138 0.06879413797035348 0.23727370353477764 0.04123157354618016 0.3124367388825542 0.11158431470923602 0.33487546408209806 0.13560212086659065 0.267382850627138
0 0.5230427616875712 0 0.5188595336374002 0.007568591790193842 0.5790490421892817 0.03005878677309008 0.5980381778791334 0.0020121003420752567 0.579338810718358 0 0.5230427616875712 0