0 0.36961250057012546 0.21734062485746866 0.37732968757126567 0.23431562485746862 0.5192375005701254 0.1749984378563284 0.5138937502850627 0.15661093728620296 0.36961250057012546 0.21734062485746866
0 0.37940937514253137 0.2377984378563284 0.3927687502850627 0.26100937514253136 0.5281437502850628 0.2010984378563284 0.5239874994298745 0.18152500000000002 0.37940937514253137 0.2377984378563284
0 0.3963296875712657 0.2841437502850627 0.5418 0.22601250057012542 0.5323 0.20703124971493728 0.390985937286203 0.26753437514253137 0.3963296875712657 0.2841437502850627
0 0.4010812497149373 0.28829531242873435 0.4064234378563284 0.30965 0.5453625005701255 0.25033281299885973 0.5388312497149372 0.23431562485746862 0.4010812497149373 0.28829531242873435
0 0.4052374994298746 0.3134078129988598 0.4188921870011402 0.3351562497149373 0.5596140627137971 0.27465312542759407 0.5524875005701254 0.25685781299885974 0.4052374994298746 0.3134078129988598
0 0.4185953124287343 0.337425 0.42305000000000004 0.3571046875712657 0.5732687502850627 0.2971937502850627 0.5590187502850626 0.2776187502850627 0.4185953124287343 0.337425
0 0.43284687457240595 0.35877343785632837 0.44442499999999996 0.38201718700114023 0.5768312497149373 0.3232921870011402 0.569114062713797 0.3025312497149373 0.43284687457240595 0.35877343785632837
0 0.4468 0.38201718700114023 0.4533296875712657 0.4033718745724059 0.5881140627137971 0.3470203124287343 0.577425 0.3262593751425314 0.4468 0.38201718700114023
0 0.45155 0.404139062713797 0.4628296875712657 0.42235312542759407 0.5970203124287343 0.3642218745724059 0.5898937502850627 0.3488 0.45155 0.404139062713797
0 0.7231921870011403 0.04655156214367161 0.7490203124287343 0.1708468745724059 0.8072078129988597 0.15305156214367163 0.7798953124287343 0.027298437856328392 0.7231921870011403 0.04655156214367161
0 0.8648015621436717 0.057225 0.880239062713797 0.11271562485746864 0.9318968745724059 0.090175 0.921803125427594 0.04153437514253135 0.8648015621436717 0.057225
0 0.47025312542759407 0.053667187001140246 0.5162687502850627 0.18271093728620297 0.5619875005701255 0.16432187457240593 0.5127062497149373 0.037382812998859746 0.47025312542759407 0.053667187001140246
0 0.23334531242873432 0.26448437514253137 0.14517343785632839 0.2865156248574686 0.17248437514253137 0.3843890627137971 0.25086093728620296 0.3654078129988597 0.23334531242873432 0.26448437514253137
0 0.11073593728620296 0.07534687457240594 0.11667187457240594 0.10737656214367161 0.16951562485746863 0.09432812542759406 0.16357812542759406 0.06288906271379703 0.11073593728620296 0.07534687457240594
0 0.02879687457240593 0.1233937502850627 0.030281249714937286 0.15507343785632838 0.07451562485746864 0.1465265621436716 0.06679687457240592 0.11924062485746864 0.02879687457240593 0.1233937502850627