0 0.14394742189281642 0.8159435210946407 0.25954534777651084 0.8357827548460662 0.26307652907639684 0.8037660684150513 0.15467403762827822 0.7804909509692132 0.14394742189281642 0.8159435210946407
0 0.3812771277080958 0.87889351995439 0.3890841596351197 0.8404192246294184 0.31331141619156216 0.821275141391106 0.30673384150513117 0.8574455438996579 0.3812771277080958 0.87889351995439
0 0.5129574218928165 0.6245810501710376 0.5272610456100342 0.5885970775370583 0.47582850285062717 0.5716593751425314 0.46539661687571265 0.6072374207525656 0.5129574218928165 0.6245810501710376
0 0.23333771835803876 0.4296181949828962 0.24222995438996578 0.3971043717217788 0.17129410148232613 0.37329243101482323 0.1638394526795895 0.4086786556442417 0.23333771835803876 0.4296181949828962
0 0.029342249714937287 0.3475392314709236 0.00269494070695553 0.34124352565564425 0.002000470923603193 0.38102965222348917 0.02190267274800456 0.38197245039908784 0.029342249714937287 0.3475392314709236
0 0.2502267103762828 0.27962916647662484 0.25523978677309006 0.26486753363740023 0.20259761117445838 0.24909796123147093 0.19676649144811859 0.2596040456100342 0.2502267103762828 0.27962916647662484
0 0.20051007639680732 0.23242930216647661 0.25543672633979475 0.25358487685290765 0.25753178221208667 0.23580154503990877 0.20311586545039909 0.21940717103762827 0.20051007639680732 0.23242930216647661
0 0.2746855974914481 0.13868300342075257 0.1926027867730901 0.10636272519954389 0.17939475712656786 0.14771194868871151 0.2681503717217788 0.17242721322690993 0.2746855974914481 0.13868300342075257
0 0.7207103454960092 0.06568421664766248 0.7347934629418472 0.008311887115165336 0.7009642189281642 0.004678743443557583 0.6858169019384264 0.054976735461801596 0.7207103454960092 0.06568421664766248
0 0.9771746043329532 0.12243440250855188 0.9842739646522235 0.09048156100342075 0.9546260558722919 0.08580561003420753 0.9448544287343216 0.11766804903078677 0.9771746043329532 0.12243440250855188
0 0.9131175792474344 0.04528282782212087 0.9474692018244013 0.05301008551881414 0.9540754287343216 0.01510867046750285 0.9197046431014823 0.008568759407069556 0.9131175792474344 0.04528282782212087
0 0.7205455017103763 0.2795232827822121 0.7220556989737742 0.2611359007981756 0.6569294880273661 0.2451484196123147 0.6543147537058153 0.2586829726339795 0.7205455017103763 0.2795232827822121
0 0.6821089806157354 0.3014245575826682 0.6842869623717218 0.2788903876852908 0.6493002314709235 0.2735274047890536 0.644777181299886 0.29414692018244015 0.6821089806157354 0.3014245575826682
0 0.7847634287343216 0.5859625872291904 0.8019407822120866 0.5215166202964652 0.7776436202964653 0.5169340661345496 0.7601708209806157 0.5812061003420753 0.7847634287343216 0.5859625872291904
0 0.808601669327252 0.5828156419612315 0.8219237400228051 0.5349330399087799 0.8012641961231471 0.5262570969213227 0.7887801299885975 0.5772516738882554 0.808601669327252 0.5828156419612315
0 0.8367497434435576 0.605285315849487 0.8556075769669327 0.546807086659065 0.8266155017103762 0.5385795404789053 0.8113347023945268 0.596524802736602 0.8367497434435576 0.605285315849487