0 0.732359787913341 0.7044893432155075 0.7342907708095782 0.7395603489167617 0.784773700114025 0.731865850627138 0.790063645381984 0.6969791801596351 0.732359787913341 0.7044893432155075
0 0.8570106111744583 0.896024054732041 0.8519986909920183 0.9200901641961232 0.903232701254276 0.9156067605473204 0.9017704538198403 0.8945254161915621 0.8570106111744583 0.896024054732041
0 0.7361740285062714 0.6548362212086659 0.7390330524515393 0.6879780433295326 0.7836384743443557 0.6853918745724059 0.7841298346636261 0.6504916567844926 0.7361740285062714 0.6548362212086659
0 0.7138762360319271 0.5687169931584949 0.7161811927023946 0.6235028129988597 0.7661683694412771 0.6186802611174458 0.761668755986317 0.5631993614595211 0.7138762360319271 0.5687169931584949
0 0.8287056955530216 0.5154407787913341 0.8241789566704675 0.5472254173318131 0.8578484241733182 0.5478850136830102 0.8580132234891675 0.514916228050171 0.8287056955530216 0.5154407787913341
0 0.8234109623717217 0.6569501345496009 0.8170075530216647 0.7009791778791334 0.8591775860889396 0.698129385404789 0.8561623568985176 0.6553435735461801 0.8234109623717217 0.6569501345496009
0 0.301399015963512 0.8591002793614595 0.29460302622576967 0.891803425313569 0.32953085290763967 0.8928841790193843 0.3330568836944128 0.8582454104903079 0.301399015963512 0.8591002793614595
0 0.13981978221208666 0.8698296807297606 0.13998530216647662 0.9051488038768529 0.1780403842645382 0.9007503797035348 0.1754266362599772 0.8672206476624857 0.13981978221208666 0.8698296807297606
0 0.20960320524515394 0.8672109692132269 0.206746015963512 0.9023537457240594 0.23660715621436718 0.9015020889395667 0.23614434663625997 0.8640788631698973 0.20960320524515394 0.8672109692132269
0 0.6686722018244013 0.3025238551881414 0.6727071687571267 0.33550040820980614 0.7469566499429874 0.32626291790193845 0.7462018278221209 0.2910281915621437 0.6686722018244013 0.3025238551881414
0 0.7094256510832383 0.25546440364880274 0.7075811197263397 0.28926884606613457 0.744439165336374 0.2848856031927024 0.7474787594070695 0.2489187958950969 0.7094256510832383 0.25546440364880274
0 0.6015556510832383 0.24307045153933865 0.6021051140250856 0.29390905131128847 0.6392539258836943 0.2915834914481186 0.6377535701254277 0.24037835005701255 0.6015556510832383 0.24307045153933865
0 0.6133331858608894 0.1647424914481186 0.6120868472063854 0.22841213911060432 0.6850067354618016 0.22676796351197265 0.6822809532497149 0.16044404675028506 0.6133331858608894 0.1647424914481186
0 0.7738578369441277 0.10384664310148232 0.7730964287343216 0.1410916385404789 0.8241551938426454 0.13535006841505132 0.8265074481185861 0.10303634777651083 0.7738578369441277 0.10384664310148232
0 0.820378606613455 0.24286575256556445 0.8172351892816421 0.2930257605473204 0.87089569327252 0.2908758015963512 0.8699334948688712 0.2371004378563284 0.820378606613455 0.24286575256556445
0 0.9333554002280502 0.2958739190421893 0.9349545165336374 0.3285948015963512 0.9609701391106044 0.3281116134549601 0.9649306339794754 0.294431078677309 0.9333554002280502 0.2958739190421893
0 0.9003465701254275 0.29991500000000004 0.9008521607753706 0.3333875758266819 0.9255469703534778 0.3299169464082098 0.926124503990878 0.2998849247434435 0.9003465701254275 0.29991500000000004
0 0.8592546681870011 0.41710405131128847 0.8951123010262259 0.41625695210946406 0.8956262428734321 0.37725113568985175 0.8591804207525655 0.3781793215507412 0.8592546681870011 0.41710405131128847
0 0.9251796909920184 0.3784876237172178 0.922746969213227 0.41237315165336375 0.9554785746864309 0.4106257879133409 0.9539076670467503 0.3738505849486887 0.9251796909920184 0.3784876237172178
0 0.6350845393386545 0.09339910376282781 0.6342001870011403 0.14683439794754846 0.6698914401368301 0.14481466704675028 0.6663296704675029 0.08960747206385404 0.6350845393386545 0.09339910376282781
0 0.9504077662485747 0.11856891790193844 0.9488128768529076 0.10082129076396806 0.8711746875712657 0.105145078677309 0.8725545108323832 0.12136243329532498 0.9504077662485747 0.11856891790193844
0 0.5857180114025086 0 0.5848556624857468 0.03037470125427594 0.6554946795895097 0.021045041049030787 0.6618785461801596 0 0.5857180114025086 0
0 0.1945575370581528 0.17567651881413912 0.19092893614595213 0.21811799657924744 0.2794722371721779 0.21459524287343215 0.2826405313568985 0.17527791904218928 0.1945575370581528 0.17567651881413912
0 0.18391657240592932 0.06156568529076396 0.17988498631698974 0.09687351197263398 0.21931150741163058 0.09370083694412772 0.22086618472063854 0.05996711060433295 0.18391657240592932 0.06156568529076396
0 0.36750262029646524 0.29273706499429875 0.3729293272519954 0.3398938643101483 0.40790127137970356 0.3348778950969213 0.40513280501710375 0.287448488027366 0.36750262029646524 0.29273706499429875
0 0.2265439236031927 0.14302902508551882 0.2290728472063854 0.1738220558722919 0.2829684401368301 0.17547797833523374 0.28160610262257696 0.11672233751425314 0.2265439236031927 0.14302902508551882
0 0.27423894982896235 0.665846370581528 0.27439561459521095 0.7053575245153935 0.3109053101482326 0.7006287753705814 0.3102702725199544 0.6619800912200685 0.27423894982896235 0.665846370581528
0 0.14999967502850625 0.6521570376282783 0.20459707525655643 0.64388586659065 0.20196712884834664 0.6208953283922464 0.14418927708095783 0.623623944127708 0.14999967502850625 0.6521570376282783
0 0 0.5192186818700114 0.00047876510832383127 0.5294108312428735 0.01874034549600912 0.5288008734321551 0.01614915165336374 0.5146298369441278 0 0.5127845176738882 0 0.5192186818700114
0 0 0.4953349007981756 0.016704984036488027 0.49298716761687567 0.016910559863169895 0.47738484036488027 0 0.4797614652223489 0 0.4953349007981756
0 0.3906465416191562 0.4446270490307868 0.3886281037628278 0.4814491242873432 0.42405730216647664 0.475431645381984 0.42272866020524513 0.4425133865450399 0.3906465416191562 0.4446270490307868
0 0.3744938939566705 0.66673030672748 0.3770968118586089 0.7023048848346636 0.4313176716077537 0.6998757844925884 0.4344685518814139 0.6583014184720638 0.3744938939566705 0.66673030672748
0 0.3974299361459521 0.7317932907639682 0.39734777194982895 0.7653500467502851 0.45259850171037624 0.7659713660205245 0.4475626100342075 0.730139134549601 0.3974299361459521 0.7317932907639682