0 0.16476718700114024 0.13728281299885975 0.13804687457240594 0.20703124971493728 0.23067343785632838 0.237875 0.2615484378563284 0.1619484378563284 0.16476718700114024 0.13728281299885975
0 0.06501562485746865 0.057550000000000004 0.10657812542759407 0.06526093728620297 0.12320468757126568 0.010096874572405929 0.07926562485746864 0.005351562143671607 0.06501562485746865 0.057550000000000004
0 0.6216593751425314 0.057225 0.6041453124287343 0.11271562485746864 0.6421453124287343 0.12161406271379704 0.6540203124287344 0.06882031242873432 0.6216593751425314 0.057225
0 0.4595640627137971 0.19421093728620295 0.4361125005701254 0.24558593728620298 0.49667500000000003 0.26931406271379704 0.5150812497149373 0.2183015621436716 0.4595640627137971 0.19421093728620295
0 0.42928437514253137 0.46284843785632834 0.420675 0.4970937502850627 0.482425 0.5095500000000001 0.4984562497149373 0.47395937514253134 0.42928437514253137 0.46284843785632834
0 0.07926562485746864 0.583103125427594 0.15110937514253134 0.596153125427594 0.15823593728620297 0.5688687502850627 0.08817187457240593 0.5558187502850627 0.07926562485746864 0.583103125427594
0 0.03414062485746864 0.6430156248574687 0.029984375142531355 0.6803843751425314 0.07510937514253135 0.6786046875712657 0.07273437514253135 0.6430156248574687 0.03414062485746864 0.6430156248574687
0 0.520128125427594 0.79375 0.5210187502850627 0.8286781254275941 0.637989062713797 0.8085109372862029 0.6356140627137971 0.7723265621436716 0.520128125427594 0.79375
0 0.24937656214367163 0.9191718745724059 0.24551718700114022 0.962735937286203 0.33932968757126564 0.9651078129988597 0.3417062497149373 0.9224 0.24937656214367163 0.9191718745724059
0 0.3737687502850627 0.7041125005701254 0.3803 0.7397031254275941 0.42482968757126566 0.7331765621436717 0.4188921870011402 0.6993656248574687 0.3737687502850627 0.7041125005701254
0 0.6875671870011403 0.4761906248574686 0.6587687502850627 0.569460937286203 0.7323953124287343 0.5813234378563283 0.7555515621436717 0.49116249942987456 0.6875671870011403 0.4761906248574686
0 0.7745515621436716 0.08661718700114025 0.7641609372862029 0.1443984378563284 0.7983015621436715 0.1512734378563284 0.8101765621436716 0.0925484378563284 0.7745515621436716 0.08661718700114025
0 0.6546140627137971 0.057550000000000004 0.6926140627137971 0.05695781299885975 0.6932062497149373 0.019587500570125427 0.6558 0.021959375142531358 0.6546140627137971 0.057550000000000004
0 0.9476312497149373 0.9191718745724059 0.9461468745724059 0.9544312497149373 0.998753125427594 0.9591765621436716 0.998396874572406 0.9218062497149373 0.9476312497149373 0.9191718745724059
0 0.3322062497149373 0.606060937286203 0.3227062497149373 0.6394562497149373 0.35892343785632835 0.6453875005701254 0.35951718700114027 0.610389062713797 0.3322062497149373 0.606060937286203
0 0.9461468745724059 0.7011453124287343 0.9511937502850627 0.7350406248574687 0.9770218745724059 0.7296171870011403 0.9710843751425313 0.6999593751425314 0.9461468745724059 0.7011453124287343
0 0.520128125427594 0.42726718700114025 0.5127062497149373 0.4443015621436716 0.5631765621436716 0.46090937514253133 0.5762374994298746 0.44252187457240594 0.520128125427594 0.42726718700114025
0 0.16743906271379702 0.27693750057012545 0.15289218700114024 0.33159843785632837 0.1689234378563284 0.33456250057012543 0.18673593728620297 0.2841437502850627 0.16743906271379702 0.27693750057012545