0 0.2926271311288483 0.4697492348916762 0.2771985416191562 0.4350504618015964 0.241976330672748 0.4531224652223489 0.26141626909920185 0.48654505245153934 0.2926271311288483 0.4697492348916762
0 0.4833322200684151 0.9048590832383124 0.5146362234891676 0.8862860171037628 0.4999560250855188 0.8486520763968073 0.46479249486887114 0.8643504618015964 0.4833322200684151 0.9048590832383124
0 0.8557326807297606 0.3809403797035348 0.8955299623717218 0.3705402052451539 0.8915874047890535 0.344470015963512 0.855070031927024 0.34820458722919045 0.8557326807297606 0.3809403797035348
0 0.7638573945267958 0.2161874606613455 0.7791826750285062 0.2074775872291904 0.7615621858608894 0.14650309007981757 0.7410033968072975 0.15464140364880272 0.7638573945267958 0.2161874606613455
0 0.8542796602052452 1 0.8399160501710375 0.9437636191562144 0.822629433295325 0.9455332086659065 0.8382072702394526 1 0.8542796602052452 1
0 0.687783433295325 0.8620630832383124 0.7139384994298745 0.8509479498289624 0.7021001630558723 0.8158427696693272 0.6734665496009122 0.830692677309008 0.687783433295325 0.8620630832383124
0 0.45056347206385405 0.940006330672748 0.44683308665906496 0.9347570285062714 0.3949116841505131 0.9578995119726339 0.4073740307867731 0.9924428323831243 0.4434542405929305 0.9735239464082097 0.43761401824401364 0.9601374469783351 0.4573090171037628 0.9474930627137971 0.45056347206385405 0.940006330672748
0 0.30417524971493726 0.8621757993158495 0.3183458129988598 0.8528092805017103 0.28311900114025085 0.7873446830102623 0.27013985404789054 0.8006383135689852 0.30417524971493726 0.8621757993158495
0 0.328770669327252 0.846815409350057 0.33947511516533635 0.8354866750285063 0.306247236031927 0.7772600513112885 0.2941034606613455 0.785839378563284 0.328770669327252 0.846815409350057
0 0.8575389224629418 0.6301592702394526 0.8741137023945268 0.6203273158494869 0.85949565336374 0.5815075017103762 0.8391767274800456 0.5947121881413912 0.8575389224629418 0.6301592702394526
0 0.7841647377423033 0.8159816374002281 0.7957133169897378 0.8112357901938427 0.7926387240592931 0.7450779600912201 0.777750046750285 0.7454868084378563 0.7841647377423033 0.8159816374002281