0 0.24851681299885975 0.9025205952109465 0.29535390421892815 0.8566903192702394 0.2724318745724059 0.8260269156214367 0.22699490649942988 0.8716820353477766 0.24851681299885975 0.9025205952109465
0 0.3494717160775371 0.8746845883694413 0.3271715952109464 0.8673714218928165 0.2986224914481186 0.9045950581527936 0.3211901755986317 0.9204056567844925 0.3494717160775371 0.8746845883694413
0 0.2908316670467503 0.1273893819840365 0.348896149372862 0.1325569315849487 0.3557299441277081 0.09066022690992018 0.29123225085518817 0.08689372291904218 0.2908316670467503 0.1273893819840365
0 0.8886096431014823 0.1296867149372862 0.82554251995439 0.13377863968072976 0.8265575724059293 0.24128980045610035 0.8985708335233751 0.22609835575826684 0.8886096431014823 0.1296867149372862
0 0.43454999885974915 0.8795446123147093 0.48427751995439 0.8173219019384264 0.46470411288483465 0.811335189281642 0.42321098745724056 0.8674036647662486 0.43454999885974915 0.8795446123147093
0 0.14078348916761688 0.3189756670467503 0.10714435689851769 0.2995215530216648 0.0905240353477765 0.33969262941847206 0.12211812656784492 0.3579404846066135 0.14078348916761688 0.3189756670467503
0 0.19150410262257697 0.25467508779931586 0.22158667274800456 0.17969094412770809 0.1903269007981756 0.16572874914481184 0.15567450969213226 0.2427217457240593 0.19150410262257697 0.25467508779931586
0 0.2900296818700114 0.22979177993158495 0.3028653842645382 0.19684038312428734 0.27345083010262256 0.18038574002280502 0.26061539908779935 0.21333559863169896 0.2900296818700114 0.22979177993158495
0 0.5545128437856328 0.4031969623717218 0.5377478517673888 0.44249686887115164 0.5874443911060433 0.45548483580387683 0.5996408289623717 0.4181955929304447 0.5545128437856328 0.4031969623717218
0 0.5348655838084378 0.43494412542759403 0.5645477423033067 0.35425851995439 0.5271154082098062 0.3434314754846066 0.4999171881413911 0.4259655575826682 0.5348655838084378 0.43494412542759403
0 0.038762049030786776 0.2433356887115165 0.029091267958950968 0.2947531459521095 0.03424584378563284 0.29626653249714935 0.06203910832383124 0.24955341847206386 0.038762049030786776 0.2433356887115165
0 0.686557606613455 0.24165650741163056 0.6827011721778792 0.277195511972634 0.7107714743443557 0.2842584207525656 0.7160050205245154 0.25228300000000004 0.686557606613455 0.24165650741163056