0 0.6084762976054732 0.9672299589509692 0.647161503990878 0.9732497753705814 0.6513732850627137 0.9020624389965792 0.617056031927024 0.8943357822120866 0.6084762976054732 0.9672299589509692
0 0.5366591151653364 0.8721495952109464 0.5360905598631699 0.8026587765108324 0.5035112474344355 0.7973393785632839 0.4975806339794755 0.8649352326111744 0.5366591151653364 0.8721495952109464
0 0.9019122976054732 0.38444517559863167 0.9382978278221209 0.3904264139110605 0.938981771949829 0.35124331927023944 0.9039464834663626 0.3506317765108324 0.9019122976054732 0.38444517559863167
0 0.8252490205245153 0.23108385860889394 0.8261401835803877 0.18002913568985177 0.8006879099201825 0.1748341402508552 0.799161638540479 0.22825314025085516 0.8252490205245153 0.23108385860889394
0 0.9297932052451539 0.16491395324971495 0.964790503990878 0.16582175256556445 0.967174062713797 0.1314206134549601 0.9322615883694413 0.12368356442417332 0.9297932052451539 0.16491395324971495
0 0.5219389395667047 0.4134447046750285 0.5552116408209806 0.42174540820980616 0.5567114196123146 0.40395481071835804 0.5241647559863171 0.39685446180159634 0.5219389395667047 0.4134447046750285
0 0.5214681265678449 0.3893859486887115 0.55448182668187 0.3956036887115165 0.5590519669327252 0.3719282805017104 0.5276096955530217 0.36959949486887117 0.5214681265678449 0.3893859486887115
0 0.8961958540478905 0.04852862257696693 0.9175249509692133 0.04919628050171038 0.9194169110604332 0.008848155074116307 0.8998276761687571 0.008149919042189282 0.8961958540478905 0.04852862257696693
0 0.9277205108323832 0.02858982896237172 0.9445982006841506 0.02947827023945268 0.9442636009122007 0.014626418472063854 0.9307057844925883 0.008688897377423033 0.9277205108323832 0.02858982896237172
0 0.9707581197263399 0.02815337286202965 0.9704027958950969 0.014488840364880275 0.9544003865450399 0.01242799543899658 0.952891834663626 0.03081071835803877 0.9707581197263399 0.02815337286202965
0 0.9540413911060434 0.5094693078677309 0.9359011163055871 0.49371281527936145 0.9249323363740023 0.5095550467502851 0.9437595302166476 0.5199789646522235 0.9540413911060434 0.5094693078677309
0 0.8980099543899658 0.4865191778791334 0.8919533603192703 0.49561798745724056 0.9088693158494869 0.5110561881413911 0.9185886031927024 0.498755189281642 0.8980099543899658 0.4865191778791334
0 0.8013900421892817 0.4408884777651083 0.7833402394526795 0.4411672576966933 0.7817768688711517 0.4755827160775371 0.7954859749144813 0.47285280615735464 0.8013900421892817 0.4408884777651083
0 0.5646037126567846 0.3601483774230331 0.5650803534777651 0.3328415997719498 0.5260226237172178 0.32443835575826685 0.5285038905359178 0.3523921676168757 0.5646037126567846 0.3601483774230331