0 0.1995225245153934 0.2822751949828962 0.16860269669327252 0.25666184834663625 0.14290152337514253 0.3056787605473204 0.17244190763968073 0.3313885689851767 0.1995225245153934 0.2822751949828962
0 0.017723539338654504 0.6380234355758267 0.0126173409350057 0.680044488027366 0.028394465222348914 0.6914404401368301 0.053074851767388825 0.6674948688711517 0.017723539338654504 0.6380234355758267
0 0.256781669327252 0.5060354424173319 0.20842938312428733 0.4691418950969213 0.19389306271379705 0.49932316647662484 0.24304805929304446 0.5278277856328393 0.256781669327252 0.5060354424173319
0 0.12751678335233751 0.7997805530216648 0.09630848004561003 0.7700194127708095 0.06145463283922463 0.8071771470923603 0.10046411288483467 0.8294477331812998 0.12751678335233751 0.7997805530216648
0 0.02566409122006842 0.8666216978335234 0.06713007525655644 0.9081631824401368 0.09171378335233751 0.882835047890536 0.031861366020524515 0.8203579509692133 0.02566409122006842 0.8666216978335234
0 0.20334138654503991 0.9319711185860889 0.1769759977194983 0.8921507742303307 0.14834751767388826 0.9191510684150513 0.16999305701254275 0.9509670912200685 0.20334138654503991 0.9319711185860889
0 0.4538999600912201 0.9644471459521095 0.42377961687571264 0.9304435290763968 0.3833098654503991 0.9666062086659065 0.40032922234891677 0.9918022497149372 0.4538999600912201 0.9644471459521095
0 0.5325360193842645 0.9186737080957811 0.5085179783352337 0.8925761744583809 0.4818784070695553 0.9083275142531357 0.5004705644241734 0.9361922177879133 0.5325360193842645 0.9186737080957811
0 0.6713143135689852 0.9395219327251996 0.6981752953249715 0.9070910809578107 0.6782987046750285 0.8807039498289623 0.6508578711516534 0.904842550741163 0.6713143135689852 0.9395219327251996
0 0.7144878871151653 0.6642961117445838 0.6847699977194982 0.6955405484606614 0.7173326989737743 0.7446480877993159 0.7517719988597491 0.7214078608893957 0.7144878871151653 0.6642961117445838
0 0.6151883762827822 0.7517907149372862 0.6465634310148232 0.8037599464082098 0.678338961231471 0.7820953112884835 0.6444918255416192 0.7344653432155075 0.6151883762827822 0.7517907149372862
0 0.6211726431014823 0.2819553409350057 0.6656750729760548 0.32328606271379706 0.688394497149373 0.29114324971493727 0.6455614367160776 0.2538621927023945 0.6211726431014823 0.2819553409350057
0 0.5891024709236032 0.9341593033067275 0.5617442417331813 0.8999641060433294 0.5426814264538198 0.9249061824401369 0.5639391299885975 0.9511983033067275 0.5891024709236032 0.9341593033067275
0 0.5230742554161916 0.8563412633979476 0.4732460307867731 0.7985200045610035 0.4679598540478906 0.8099008472063854 0.504168315849487 0.8665928597491448 0.5230742554161916 0.8563412633979476
0 0.47463461003420754 0.801398905359179 0.48758961459521094 0.8165633990877993 0.5145963785632839 0.7861053078677309 0.5015186795895097 0.7691637947548461 0.47463461003420754 0.801398905359179