0 0.2324546875712657 0.1641734378563284 0.22592343785632837 0.2159 0.27104843785632843 0.22005937514253138 0.2787671870011403 0.16779375028506274 0.2324546875712657 0.1641734378563284
0 0.2823296875712657 0.16601249942987456 0.2757984378563284 0.19986562485746864 0.3369546875712657 0.20758593728620295 0.34526875028506276 0.17551562485746863 0.2823296875712657 0.16601249942987456
0 0.28351718700114026 0.008031249714937285 0.21909531242873434 0.002968750285062714 0.21226718700114025 0.05316875028506271 0.27757968757126567 0.05851406271379704 0.28351718700114026 0.008031249714937285
0 0.14754687457240592 0.12384375028506271 0.20632968757126566 0.12681406271379705 0.2092984378563284 0.08761406271379703 0.1522984378563284 0.08761406271379703 0.14754687457240592 0.12384375028506271
0 0.12142343785632839 0.4398062497149373 0.20870468757126567 0.44693437514253137 0.22176718700114026 0.3738812497149373 0.12973593728620297 0.3667562497149373 0.12142343785632839 0.4398062497149373
0 0.4943 0.48316250057012544 0.5685187502850627 0.4873203124287343 0.5708937502850627 0.44515156214367163 0.4948937502850627 0.44218281299885975 0.4943 0.48316250057012544
0 0.051953125427594074 0.8288203124287343 0.04720312542759407 0.8650500000000001 0.16536093728620296 0.868614062713797 0.16476718700114024 0.833571874572406 0.051953125427594074 0.8288203124287343
0 0.2823296875712657 0.9381312497149372 0.28173593728620294 0.9743296875712656 0.390985937286203 0.9755171870011403 0.3915812497149373 0.9440406248574686 0.2823296875712657 0.9381312497149372
0 0.5637687502850627 0.7771515621436715 0.5554562497149372 0.837135937286203 0.6178 0.8377296875712656 0.6219578129988598 0.7795265621436717 0.5637687502850627 0.7771515621436715
0 0.757035937286203 0.34140937514253134 0.7519890627137971 0.4148624994298746 0.8018640627137971 0.41961406271379703 0.806614062713797 0.34002812542759403 0.757035937286203 0.34140937514253134
0 0.6736140627137971 0.515828125427594 0.6807375005701255 0.4463406248574686 0.6457062497149374 0.44871562485746863 0.6385828129988598 0.5104828129988598 0.6736140627137971 0.515828125427594
0 0.6546140627137971 0.36378593728620295 0.6053312497149372 0.3596281254275941 0.5946453124287343 0.43683593728620296 0.6409578129988598 0.4433703124287343 0.6546140627137971 0.36378593728620295
0 0.4640187502850627 0.4314921870011403 0.5127062497149373 0.434460937286203 0.5239874994298745 0.35784687457240594 0.472925 0.3590343751425314 0.4640187502850627 0.4314921870011403
0 0.33932968757126564 0.48672499999999996 0.4052374994298746 0.4892531254275941 0.40761250057012544 0.41961406271379703 0.345860937286203 0.4113 0.33932968757126564 0.48672499999999996
0 0.017812500570125428 0.5658484378563284 0.007421874572405929 0.6726203124287343 0.05610937514253136 0.674996874572406 0.06382812542759407 0.563935937286203 0.017812500570125428 0.5658484378563284
0 0.6581765621436717 0.8285828129988598 0.6552062497149372 0.8822734378563285 0.6920203124287343 0.8858359372862029 0.6955828129988597 0.8258515621436716 0.6581765621436717 0.8285828129988598
0 0.6320515621436716 0.8781156248574686 0.6376921870011402 0.8401624994298745 0.5602062497149373 0.8407 0.56555 0.8727703124287344 0.6320515621436716 0.8781156248574686
0 0.7276453124287343 0.6103796875712657 0.7223015621436717 0.6726203124287343 0.7603015621436716 0.6726203124287343 0.763864062713797 0.6126359372862029 0.7276453124287343 0.6103796875712657
0 0.11043750057012543 0.4821281254275941 0.11251562485746865 0.5294875005701255 0.1641734378563284 0.5288937502850627 0.16832968757126568 0.4849437502850627 0.11043750057012543 0.4821281254275941