0 0.34942343785632834 0.913978125427594 0.3702062497149373 0.8659296875712656 0.33754843785632843 0.8493218745724059 0.32240781299885973 0.8991875005701254 0.34942343785632834 0.913978125427594
0 0.5513 0.9940562497149373 0.5714875005701254 0.9406703124287343 0.51805 0.9181296875712657 0.5049875005701254 0.9703484378563284 0.5513 0.9940562497149373
0 0.4574874994298746 0.896775 0.4747062497149373 0.8487265621436717 0.4355187502850627 0.8321187502850628 0.41770624971493725 0.8805078129988597 0.4574874994298746 0.896775
0 0.6540203124287344 0.616203125427594 0.6789578129988598 0.5669703124287343 0.618989062713797 0.536125 0.5985031254275941 0.5834078129988598 0.6540203124287344 0.616203125427594
0 0.596425 0.4809593751425314 0.6088937502850628 0.4477406248574686 0.5596140627137971 0.4293531254275941 0.5450656248574687 0.46065312542759407 0.596425 0.4809593751425314
0 0.9425828129988597 0.618575 0.9817718745724059 0.6387437502850627 0.9972093751425314 0.5918828129988598 0.9657406248574686 0.5752734378563285 0.9425828129988597 0.618575
0 0.4883625005701254 0.40443906271379704 0.49786250057012543 0.37003437514253135 0.4604562497149373 0.35817187457240596 0.4462062497149373 0.39305 0.4883625005701254 0.40443906271379704
0 0.3031109372862029 0.8855046875712658 0.31439218700114024 0.8516937502850628 0.24670468757126565 0.8172890627137971 0.23334531242873432 0.851153125427594 0.3031109372862029 0.8855046875712658
0 0.6908328129988597 0.0012453124287343214 0.6724265621436716 0.025993750285062713 0.7056765621436716 0.04022968757126568 0.7249734378563284 0.012334375142531356 0.6908328129988597 0.0012453124287343214
0 0 0.23775781299885973 0.015140624857468643 0.24487499999999998 0.03117187457240593 0.19208281299885974 0 0.17778593728620296 0 0.23775781299885973
0 0.24611093728620295 0.5966281254275941 0.2520484378563284 0.56875 0.23423593728620296 0.5610375005701255 0.22176718700114026 0.5940828129988598 0.24611093728620295 0.5966281254275941
0 0.2686734378563284 0.6084921870011403 0.27817343785632836 0.5740875005701255 0.26036093728620296 0.5723078129988597 0.2496734378563284 0.6073046875712658 0.2686734378563284 0.6084921870011403