0 0.7966753021664766 0.2922060478905359 0.7671729749144812 0.2607786431014823 0.7144673568985176 0.32891907639680734 0.7494256522234892 0.35721596465222344 0.7966753021664766 0.2922060478905359
0 0.9399947172177879 0.48682912542759404 0.9244395290763968 0.4843416168757127 0.9310806499429874 0.5692184606613455 0.9477747377423033 0.5697659064994299 0.9399947172177879 0.48682912542759404
0 0.5340927662485747 0.7544602485746865 0.5172972690992018 0.7473031140250854 0.5104101174458381 0.8218829133409351 0.5234983831242874 0.8225231790193843 0.5340927662485747 0.7544602485746865
0 0.5054481698973774 0.7729189543899658 0.4925240399087799 0.7744003044469783 0.487078181299886 0.81740465336374 0.5046192234891677 0.8204694720638541 0.5054481698973774 0.7729189543899658
0 0.37281 0.7515797434435576 0.3557423432155074 0.7545773055872292 0.3573634743443557 0.8069690467502851 0.3745644481185861 0.8081873158494869 0.37281 0.7515797434435576
0 0.34928874914481184 0.7527709350057012 0.33291574458380846 0.7507696522234891 0.3348767286202965 0.805009488027366 0.35098461003420756 0.8054729703534778 0.34928874914481184 0.7527709350057012
0 0.39197246408209807 0.41070899885974915 0.3694639110604333 0.38416023033067276 0.32870202166476625 0.42699949372862034 0.3537567172177879 0.45330493614595213 0.39197246408209807 0.41070899885974915
0 0.17021304789053593 0.5441288608893957 0.12569251083238311 0.5075944367160775 0.10478254047890537 0.5370333283922463 0.14151273660205244 0.5697763375142532 0.17021304789053593 0.5441288608893957
0 0.1446563922462942 0.6667513534777652 0.11823048232611173 0.7056079783352338 0.14278937514253134 0.7354412508551882 0.1765126567844926 0.6958114492588369 0.1446563922462942 0.6667513534777652
0 0 0.6450472782212087 0.018145346636259975 0.6249879806157355 0 0.6087571516533637 0 0.6450472782212087
0 0 0.7699061003420752 0.015723994298745724 0.7871352497149373 0.03118159407069555 0.7581292474344357 0.002790304446978335 0.7319544618015964 0 0.7370366442417331 0 0.7699061003420752