0 0.5501125005701254 0.457625 0.6035515621436716 0.45049687457240595 0.5940515621436716 0.3792265621436716 0.5429875005701255 0.3869484378563284 0.5501125005701254 0.457625
0 0.5147843751425314 0.5293312497149373 0.5168624994298746 0.5627468745724059 0.5625812497149373 0.5621531254275941 0.5590187502850626 0.5259234378563283 0.5147843751425314 0.5293312497149373
0 0.21909531242873434 0.524878125427594 0.23007968757126568 0.5770015621436716 0.293610937286203 0.5651218745724059 0.2882671870011403 0.5104828129988598 0.21909531242873434 0.524878125427594
0 0.2867828129988597 0.8561937502850627 0.2900484378563284 0.9095937502850627 0.38920624971493734 0.8894 0.382675 0.8353546875712656 0.2867828129988597 0.8561937502850627
0 0.5450656248574687 0.9060687502850627 0.5388312497149372 0.9458218745724059 0.5904875005701254 0.9446343751425313 0.5922687502850628 0.909 0.5450656248574687 0.9060687502850627
0 0.33398593728620296 0.940803125427594 0.336360937286203 0.998753125427594 0.4468 0.998753125427594 0.44323750057012545 0.9351328129988598 0.33398593728620296 0.940803125427594
0 0 0.8389171870011403 0.08460937514253135 0.8181312497149373 0.07629687457240593 0.7848718745724059 0 0.7965218745724059 0 0.8389171870011403
0 0.049875 0.882910937286203 0.05135937514253136 0.91375 0.07807812542759407 0.9125624994298746 0.07570312542759408 0.8763343751425314 0.049875 0.882910937286203
0 0.09886093728620296 0.8178953124287343 0.10420312542759406 0.8496078129988597 0.13745312542759408 0.8448562497149373 0.1356734378563284 0.815160937286203 0.09886093728620296 0.8178953124287343
0 0.7285359372862029 0.6023624994298746 0.7193328129988598 0.6357984378563284 0.8339281254275941 0.6476765621436716 0.8345218745724059 0.6132296875712656 0.7285359372862029 0.6023624994298746
0 0.28856406271379703 0.040375 0.28886093728620293 0.06920468757126569 0.32507968757126565 0.06920468757126569 0.32389218700114025 0.034756249714937286 0.28856406271379703 0.040375
0 0.8671765621436716 0.11909218700114026 0.9134906248574686 0.1184984378563284 0.9176453124287344 0.08286406271379704 0.863021874572406 0.08999062485746864 0.8671765621436716 0.11909218700114026
0 0.8737078129988598 0.3788156248574686 0.863021874572406 0.4522796875712657 0.8808343751425314 0.45049687457240595 0.8903343751425314 0.38041562485746866 0.8737078129988598 0.3788156248574686
0 0.9422875005701253 0.392175 0.9366453124287344 0.42733437514253136 0.971678125427594 0.432085937286203 0.9776156248574687 0.3994203124287343 0.9422875005701253 0.392175
0 0.9048796875712657 0.5703 0.8998343751425314 0.6292656248574686 0.9318968745724059 0.632235937286203 0.943771874572406 0.5781875005701255 0.9048796875712657 0.5703
0 0.8380828129988598 0.998753125427594 0.8425359372862029 0.96485 0.7525828129988598 0.941664062713797 0.7454578129988597 0.9986812497149372 0.8380828129988598 0.998753125427594