0 0.5329708278221209 0.6163679749144811 0.5831675689851767 0.6285109920182441 0.5988430353477765 0.5583398643101483 0.546228582668187 0.5465813420752565 0.5329708278221209 0.6163679749144811
0 0.561053542759407 0.47931903192702396 0.567760110604333 0.443537701254276 0.5222670832383124 0.4389615598631699 0.5172845028506271 0.47206890763968073 0.561053542759407 0.47931903192702396
0 0.2899865313568985 0.47110334663626 0.30007205587229185 0.4171379418472064 0.2378179441277081 0.39976634663625993 0.22233251083238312 0.450734086659065 0.2899865313568985 0.47110334663626
0 0.41234954389965794 0.1556958905359179 0.42356629988597494 0.1024254732041049 0.3265458141391106 0.07366639338654504 0.3186384994298746 0.1265785724059293 0.41234954389965794 0.1556958905359179
0 0.627564338654504 0.10059811972633981 0.6288956077537058 0.06494409806157354 0.5775394218928164 0.05925897833523375 0.5802853603192702 0.09940419156214367 0.627564338654504 0.10059811972633981
0 0.3790194275940707 0 0.3730361949828962 0.046405184720638544 0.48137782212086655 0.06157582098061574 0.49025652109464085 0 0.3790194275940707 0
0 0.11391702736602052 0.1468756567844926 0.03144123033067275 0.11879462371721779 0.02774623489167617 0.16102860889395668 0.10273741277080958 0.17928398859749145 0.11391702736602052 0.1468756567844926
0 0.11011740478905359 0.0881177810718358 0.11564085632839224 0.052234510832383126 0.0891272770809578 0.04872283694412771 0.08496074914481186 0.0793151755986317 0.11011740478905359 0.0881177810718358
0 0.16452789623717218 0.15428519270239452 0.16888892816419612 0.1248579897377423 0.1361795803876853 0.11722657924743443 0.12809379475484606 0.14835280273660206 0.16452789623717218 0.15428519270239452
0 0.843117535917902 0.41635668757126565 0.8455282884834664 0.3819891459521095 0.7303337993158495 0.3838344298745724 0.7365877685290764 0.4179452405929305 0.843117535917902 0.41635668757126565
0 0.2840136659064994 0.9481245496009122 0.2881990262257697 0.9139106966932725 0.25211809920182443 0.9107540239452679 0.2493096818700114 0.9394481322690993 0.2840136659064994 0.9481245496009122
0 0.825905794754846 0.940088606613455 0.8797002531356899 0.9519487970353478 0.8786671163055872 0.9160879156214367 0.8325810410490309 0.911459889395667 0.825905794754846 0.940088606613455
0 0.8784265701254276 0.6531492029646523 0.8750707035347777 0.5825066533637401 0.8574813671607754 0.5791781630558723 0.8617238278221209 0.6532940136830102 0.8784265701254276 0.6531492029646523
0 0.9670320558722919 0.6418238962371722 0.9639641470923603 0.608765086659065 0.9286505188141392 0.6104452565564424 0.9312068950969213 0.6459625895096921 0.9670320558722919 0.6418238962371722
0 0.9488976784492589 0.46078729418472064 0.9417784982896238 0.4059095530216648 0.9095791265678449 0.40607413226909916 0.9094660467502851 0.46525510262257697 0.9488976784492589 0.46078729418472064
0 0.7879867069555302 0.024609441277080958 0.7901152189281643 0.08203064538198404 0.8817468312428735 0.06677286887115165 0.8802655051311288 0.03261063968072976 0.7879867069555302 0.024609441277080958