0 0.6560899646522235 0.12304954732041049 0.761607614595211 0.111051755986317 0.758393827822121 0.0570218141391106 0.644589078677309 0.06749192930444697 0.6560899646522235 0.12304954732041049
0 0.7532090421892816 0.19532270353477765 0.7907303169897378 0.1890593990877993 0.7846484606613455 0.14051617445838085 0.7486336339794755 0.13988753363740022 0.7532090421892816 0.19532270353477765
0 0.6886921402508552 0.2398660125427594 0.7774665724059292 0.23449577194982896 0.7726496944127709 0.19289443215507412 0.6852594264538199 0.19828883238312428 0.6886921402508552 0.2398660125427594
0 0.9449674777651084 0.5612547708095781 0.9989904982896238 0.5621977457240592 0.9999081676168756 0.509624503990878 0.9415846202964653 0.5169108517673888 0.9449674777651084 0.5612547708095781
0 0.8085565838084378 0.517356448118586 0.8473895940706955 0.5152666716077537 0.839585488027366 0.486068212086659 0.8020400535917902 0.4937156807297606 0.8085565838084378 0.517356448118586
0 0.7071462565564425 0.5321935416191562 0.7433285644241733 0.52313769327252 0.7429827901938426 0.46362415735461804 0.7000167616875713 0.46425720410490307 0.7071462565564425 0.5321935416191562
0 0.5493113911060433 0.6041686545039908 0.64797596009122 0.5879006123147092 0.6398969475484606 0.49503922120866595 0.5441230456100342 0.5044363534777652 0.5493113911060433 0.6041686545039908
0 0.8760164150513112 0.9392433534777651 0.8746938950969213 0.8561857457240594 0.7846303511972634 0.8559967046750285 0.7955516830102624 0.9447570763968073 0.8760164150513112 0.9392433534777651
0 0.3202843728620296 0.5475832770809578 0.452192314709236 0.5318954982896237 0.4382113283922463 0.4596873740022805 0.3091698654503991 0.4698899692132269 0.3202843728620296 0.5475832770809578
0 0.19690341277080958 0.5509664355758267 0.25240877537058154 0.5463985051311289 0.25437249486887115 0.5132199099201824 0.1918933580387685 0.5204321596351197 0.19690341277080958 0.5509664355758267
0 0.19610651995439 0.5966204184720638 0.26553532497149374 0.5881448893956671 0.2590686522234892 0.5617373842645382 0.19522792246294185 0.567542842645382 0.19610651995439 0.5966204184720638
0 0.08928484834663626 0.6833255781071835 0.07724342189281641 0.5793230239452679 0.021689792474344355 0.5866561584948689 0.028310597491448118 0.6836458551881414 0.08928484834663626 0.6833255781071835
0 0.09847265450399088 0.4745166259977195 0.08830763625997719 0.4217499338654504 0.03277814139110604 0.4277004675028506 0.04012343899657925 0.4831839863169898 0.09847265450399088 0.4745166259977195
0 0.2003084321550741 0.3558930250855188 0.20406841961231473 0.29921876396807295 0.14299914139110603 0.3050726009122007 0.14351395781071835 0.3549016738882554 0.2003084321550741 0.3558930250855188
0 0.18954891904218926 0.41659730444697834 0.27409527936145955 0.4153054572405929 0.26643605701254275 0.3778066989737742 0.1957422748004561 0.3793403432155074 0.18954891904218926 0.41659730444697834
0 0.5066906442417332 0.42628522805017105 0.5305284116305587 0.4100941014823261 0.5283622383124288 0.37545883352337517 0.500658645381984 0.3749752656784493 0.5066906442417332 0.42628522805017105
0 0.5460492827822121 0.5529070410490308 0.5126352770809578 0.5620127742303307 0.5217526818700114 0.5953847890535918 0.5468071322690992 0.5889023124287343 0.5460492827822121 0.5529070410490308
0 0.544074724059293 0.5072046830102622 0.5148903785632839 0.5122304857468644 0.5156466647662485 0.5482257297605473 0.5490380729760548 0.5405041881413911 0.544074724059293 0.5072046830102622
0 0.5555687069555303 0.43280332383124287 0.5079931254275941 0.4367189236031927 0.5099122542759407 0.4628563979475485 0.568121952109464 0.46209249372862027 0.5555687069555303 0.43280332383124287
0 0.5588993329532497 0.41209736031927025 0.516083361459521 0.41550376168757125 0.5151687970353478 0.4338780992018244 0.5686499156214367 0.4318455393386545 0.5588993329532497 0.41209736031927025
0 0.5347631402508553 0.46803620752565567 0.5085696636259978 0.47173119270239455 0.5145408962371721 0.5038715507411631 0.5376936191562144 0.5042756830102623 0.5347631402508553 0.46803620752565567
0 0.5938407844925884 0.48567931698973776 0.587693582668187 0.46362023603192704 0.5364844526795896 0.4714855245153934 0.5331720969213227 0.49114477080957814 0.5938407844925884 0.48567931698973776