0 0.6665405632839224 0.13727532383124288 0.6823404264538199 0.18768999315849488 0.7262591938426454 0.17652272177879133 0.7117165370581527 0.12645471265678448 0.6665405632839224 0.13727532383124288
0 0.6020657115165337 0.15530526567844927 0.6152943169897377 0.18568013340935005 0.6744899087799315 0.16848792588369443 0.6627432736602052 0.13607330102622578 0.6020657115165337 0.15530526567844927
0 0.6424187685290764 0 0.6506183329532497 0.0291552850627138 0.7142905370581528 0.013658655644241733 0.7101808540478906 0 0.6424187685290764 0
0 0.7789094059293045 0.03829871037628278 0.7226111698973775 0.04721547434435576 0.7316756009122006 0.08546844241733183 0.7892700410490309 0.07333904218928165 0.7789094059293045 0.03829871037628278
0 0.844861582668187 0.31047464082098064 0.7550779863169897 0.33190877993158496 0.7794076909920182 0.40201907411630555 0.8644992793614595 0.38132491220068415 0.844861582668187 0.31047464082098064
0 0.49599878221208665 0.44209584492588366 0.42139888369441275 0.4569170638540479 0.4303412896237172 0.49819511402508554 0.502995858608894 0.4824781220068415 0.49599878221208665 0.44209584492588366
0 1 0.7750807217787914 0.993969503990878 0.754682015963512 0.8832876784492588 0.7770230855188142 0.8881830444697832 0.8117267286202964 1 0.7905426579247435 1 0.7750807217787914
0 0.6765471927023946 0.9216133192702394 0.6820591949828962 0.9526092246294185 0.7897783808437856 0.9343458802736602 0.7835292576966933 0.8986859885974914 0.6765471927023946 0.9216133192702394
0 0.4232712782212087 0.7951635313568985 0.43648287685290765 0.851999654503991 0.49796618928164194 0.8416605028506271 0.48037240478905363 0.7837149965792474 0.4232712782212087 0.7951635313568985
0 0.17213575028506273 0.38996265108323835 0.1892772542759407 0.4678256898517674 0.23779490193842645 0.45533045724059296 0.2213195621436716 0.38357116875712655 0.17213575028506273 0.38996265108323835
0 0.3647632451539338 0.5320328802736601 0.348064992018244 0.4721404994298746 0.31309350285062715 0.475274834663626 0.3309994789053592 0.5427924777651083 0.3647632451539338 0.5320328802736601
0 0.35191877651083237 0.4661181778791334 0.3966388916761687 0.45241938084378563 0.3740065541619156 0.3778337742303307 0.3259809190421893 0.38964992702394524 0.35191877651083237 0.4661181778791334
0 0.5046897799315849 0.35653443329532497 0.4540701778791334 0.3633494868871152 0.47719761687571266 0.4372555267958951 0.5248212782212086 0.42670692474344357 0.5046897799315849 0.35653443329532497
0 0.6383656180159635 0.3882793819840365 0.5786749247434435 0.4061511584948689 0.5919146351197264 0.47456131584948685 0.6566155267958951 0.461754062713797 0.6383656180159635 0.3882793819840365
0 1 0.5413893683010262 0.9865519361459522 0.48960699087799314 0.9408036590649942 0.4949164663625998 0.9658011368301027 0.6034025803876853 1 0.5962614686431015 1 0.5413893683010262
0 0.3577995507411631 0.8524356818700114 0.3707018141391106 0.911124251995439 0.4065053375142531 0.9018466237172178 0.39517253021664767 0.8492816795895096 0.3577995507411631 0.8524356818700114
0 0.4935711539338654 0.8784351710376282 0.4938322109464082 0.8459237502850627 0.41721617103762826 0.857514338654504 0.42872452679589507 0.8941178095781072 0.4935711539338654 0.8784351710376282
0 0.25700468415051314 0.6525266351197263 0.2699069486887115 0.7112152052451539 0.3074391049030787 0.7052706955530216 0.29242456670467504 0.6446323033067275 0.25700468415051314 0.6525266351197263
0 0.8252315838084379 0.43324444925883693 0.8362119578107183 0.4760031721778792 0.887326661345496 0.4685085496009122 0.8819705610034209 0.42140715621436714 0.8252315838084379 0.43324444925883693