0 0.8616477970353478 0.8539441539338655 0.810263676168757 0.9104761220068416 0.8475778095781071 0.9561582417331813 0.9027475427594072 0.8841605838084378 0.8616477970353478 0.8539441539338655
0 0.9256882303306727 0.7299560250855188 0.9546784982896238 0.7078456932725199 0.9241365598631699 0.6637264606613456 0.8976585644241734 0.6819374971493728 0.9256882303306727 0.7299560250855188
0 0.6082922930444699 0.47138922919042187 0.5983708209806158 0.5050649908779932 0.6311974971493729 0.5141997023945268 0.6436348335233751 0.48394911402508556 0.6082922930444699 0.47138922919042187
0 0.6475752725199544 0.5428375279361459 0.6334932748004561 0.5767454982896237 0.6673229258836945 0.5989208050171038 0.6861604059293045 0.5720749897377423 0.6475752725199544 0.5428375279361459
0 0.36579706157354613 0.6815254743443558 0.4132303283922463 0.707308874572406 0.42854230786773095 0.6761102633979476 0.3883127035347777 0.6505317366020524 0.36579706157354613 0.6815254743443558
0 0.3810392291904219 0.7325954652223489 0.3505441003420752 0.7814258608893957 0.37827349258836945 0.7977667377423033 0.40960190193842644 0.7508380273660206 0.3810392291904219 0.7325954652223489
0 0.37112531927023945 0.26451466362599774 0.3949047673888255 0.29009799657924745 0.4190256567844926 0.2721779521094641 0.3970652964652224 0.24435781755986316 0.37112531927023945 0.26451466362599774
0 0.2192057069555302 0.1234462542759407 0.24327970695553022 0.14655650741163057 0.2633577502850627 0.1249422497149373 0.24272094868871152 0.09815759407069555 0.2192057069555302 0.1234462542759407
0 0.8414079555302166 0 0.8075581550741163 0.026080880273660203 0.831843441277081 0.05334793158494869 0.8598926488027366 0.02357328164196123 0.843950748004561 0 0.8414079555302166 0
0 0.04291390193842645 0.3685247867730901 0.010652758266818699 0.4102801698973775 0.039550735461801594 0.4312663819840365 0.07278158152793615 0.39008774572405924 0.04291390193842645 0.3685247867730901
0 0.10984845496009123 0.37286864538198405 0.08394778905359178 0.40307687229190425 0.10894783124287342 0.42154907183580387 0.1301526716077537 0.3896237616875713 0.10984845496009123 0.37286864538198405
0 0.13905383352337514 0.30377722006841507 0.16178947776510832 0.33547552907639683 0.19122454047890536 0.3121157388825542 0.16956387343215507 0.2818643968072976 0.13905383352337514 0.30377722006841507
0 0.4222977194982896 0.8396339190421892 0.40161120296465225 0.870895803876853 0.441241228050171 0.901335197263398 0.4632613660205245 0.8663187343215507 0.4222977194982896 0.8396339190421892
0 0.9134889201824401 0.38456355644241735 0.8922687366020524 0.4139278985176739 0.9177133819840365 0.43114909007981755 0.9357442668187002 0.40260611060433293 0.9134889201824401 0.38456355644241735
0 0.36260744241733184 0.58248061345496 0.3133794355758267 0.5542602736602052 0.3096094652223489 0.5698405370581529 0.35145187685290763 0.5988102919042189 0.36260744241733184 0.58248061345496
0 0.34731333751425314 0.4944602816419612 0.32289460433295325 0.5221346442417332 0.35253688141391104 0.5394386408209806 0.3794815416191562 0.5103993956670467 0.34731333751425314 0.4944602816419612
0 0.3267700376282782 0.2394521505131129 0.3378314321550741 0.2540236567844926 0.3598860148232611 0.23875015735461802 0.3500534298745724 0.22200645610034206 0.3267700376282782 0.2394521505131129
0 0.39136823489167616 0.22231909007981754 0.37887691790193845 0.20829467616875713 0.3414515427594071 0.24939012542759406 0.3512930216647662 0.2613470649942988 0.39136823489167616 0.22231909007981754