0 0.9287516704675028 0.7055444754846066 0.9063592839224629 0.7376061539338654 0.9370320353477766 0.7583665803876853 0.9572753705815279 0.7304571299885975 0.9287516704675028 0.7055444754846066
0 0.7229679851767389 0.5549365267958951 0.6978671368301027 0.5795556191562143 0.7338637537058154 0.6241873511972634 0.7575119509692132 0.594365889395667 0.7229679851767389 0.5549365267958951
0 0.7828739612314709 0.4482783112884835 0.7603472998859748 0.47437438654503994 0.7794579897377423 0.4935634116305587 0.8024272531356899 0.46322552793614596 0.7828739612314709 0.4482783112884835
0 0.7897476841505131 0.3385602930444698 0.7334008483466362 0.4011122474344356 0.7545705017103763 0.4224412998859749 0.8078417844925884 0.36116271493728624 0.7897476841505131 0.3385602930444698
0 0.7291652531356899 0.31788305929304445 0.7078083477765108 0.3486211778791334 0.7390284526795896 0.3884555108323831 0.7659844709236031 0.35643169783352335 0.7291652531356899 0.31788305929304445
0 0.7448249167616876 0.29920886887115167 0.7055904982896237 0.2525802793614595 0.677686007981756 0.27873845952109466 0.7173650307867732 0.3241160410490308 0.7448249167616876 0.29920886887115167
0 0.817903551881414 0.03180809578107184 0.7947152075256556 0.05738720752565565 0.8215882098061574 0.08579269213226909 0.8473978472063854 0.05271479361459521 0.817903551881414 0.03180809578107184
0 0.3673552611174459 0.16848646294184721 0.3971724446978336 0.14328985062713798 0.3490434002280502 0.08758225769669327 0.3213286841505131 0.11132430102622577 0.3673552611174459 0.16848646294184721
0 0.39166617445838087 0.20079578677309007 0.4189915952109464 0.1699214606613455 0.3987007069555302 0.15087734663625998 0.37233468301026224 0.17594931356898516 0.39166617445838087 0.20079578677309007
0 0.31286658950969215 0.2900329498289624 0.2840020809578107 0.31810363397947544 0.33127306043329535 0.3619508312428734 0.3574124401368301 0.33212259407069555 0.31286658950969215 0.2900329498289624
0 0.21454920638540478 0.27877465792474343 0.18266261459521094 0.30661819726339795 0.2008835655644242 0.32890751311288485 0.2314248779931585 0.3090058700114025 0.21454920638540478 0.27877465792474343
0 0.11437389851767389 0.7056365963511972 0.13265940935005702 0.6986041721778791 0.10287817103762827 0.6412435347776511 0.08761680387685292 0.648801953249715 0.11437389851767389 0.7056365963511972
0 0.5238975096921323 0.9864636522234891 0.5971092314709237 0.9041937856328391 0.5648356670467503 0.8752549885974914 0.5116026134549602 0.92904969327252 0.4869074595210946 0.9033678472063854 0.4626128255416192 0.9296810022805018 0.5238975096921323 0.9864636522234891
0 0.563706370581528 0.520054378563284 0.5367262805017105 0.49525129646522237 0.5062474127708095 0.5199309441277081 0.534767952109464 0.5475359281641962 0.563706370581528 0.520054378563284
0 0.6019875507411631 0.5979084515393387 0.6391885062713797 0.5646267194982897 0.6156010011402508 0.5382090855188141 0.5806985815279361 0.5721074823261117 0.6019875507411631 0.5979084515393387
0 0.40087898631698976 0.43177124629418473 0.4621857708095781 0.4242437194982896 0.4543378221208666 0.3749561995438997 0.3977332063854048 0.38280368643101487 0.40087898631698976 0.43177124629418473