0 0.5687543090079817 0.6305555838084379 0.5704254925883694 0.59971230672748 0.4333419486887115 0.5867296259977195 0.43019004104903075 0.6173976841505131 0.5687543090079817 0.6305555838084379
0 0.8694615735461801 0.7301983158494869 0.8172656852907639 0.7277814834663626 0.8085059692132269 0.7744244994298746 0.8583920296465222 0.7749783363740023 0.8694615735461801 0.7301983158494869
0 0.9901034652223489 0.7563996191562145 0.9909739897377423 0.7314710638540479 0.9381812542759407 0.7273417331812999 0.9328028221208666 0.753806086659065 0.9901034652223489 0.7563996191562145
0 0.9234098905359179 0.8016136522234891 0.9883416408209806 0.806851677309008 0.989440157354618 0.7753942907639682 0.9262274492588369 0.7634621801596351 0.9234098905359179 0.8016136522234891
0 0.7543370433295324 0.8795027297605473 0.7028366453819841 0.8741380615735462 0.6969080809578108 0.9078047913340935 0.7531555860889396 0.9133352326111744 0.7543370433295324 0.8795027297605473
0 0.2690980330672748 0.926144984036488 0.2756614275940707 0.8913121995438996 0.21265064994298746 0.8838054561003421 0.21221564196123147 0.9217821596351198 0.2690980330672748 0.926144984036488
0 0 0.816973497149373 0.09098264196123147 0.8206817879133409 0.09397149486887114 0.7860868985176739 0 0.7803285267958951 0 0.816973497149373
0 0.5295321117445838 0.2565761185860889 0.4121640490307868 0.24891130102622577 0.4140608973774231 0.2626452417331813 0.5260055233751425 0.2724986795895097 0.5295321117445838 0.2565761185860889
0 0.5860964789053592 0.42316416761687575 0.5889052405929304 0.41078433751425314 0.5225225838084379 0.4062632998859749 0.5221555940706956 0.4167725188141391 0.5860964789053592 0.42316416761687575
0 0.5885672075256557 0.11422782326111745 0.6097711140250855 0.10248724059293045 0.5188245245153934 0.08683340136830103 0.5183270969213226 0.10107784378563284 0.5885672075256557 0.11422782326111745
0 0.8705531003420752 0.25659946864310146 0.8782426681870013 0.22358834549600914 0.8240432018244014 0.21040440592930446 0.8147347172177879 0.25583847206385407 0.8705531003420752 0.25659946864310146
0 0.794906834663626 0.023972429874572408 0.7580960376282783 0.023281079817559863 0.7544166978335233 0.06059102622576967 0.7929661619156214 0.0625328779931585 0.794906834663626 0.023972429874572408
0 0.8159380091220069 0.4935909236031927 0.8491661927023946 0.4947512770809578 0.848672709236032 0.4578881607753706 0.8273138038768529 0.4570093990877993 0.8159380091220069 0.4935909236031927
0 0.8829354196123148 0.6165680763968072 0.8845459988597492 0.5875050171037628 0.8541477480045611 0.5818203580387685 0.8474150068415051 0.6129512291904219 0.8829354196123148 0.6165680763968072
0 0.9116931060433295 0.9670070581527936 0.9171449099201825 0.9469929429874573 0.8829356590649943 0.9398556476624857 0.8779735803876854 0.9628589863169897 0.9116931060433295 0.9670070581527936
0 0.1838823694412771 0.6783262850627139 0.25085230672748005 0.6830429372862029 0.2567133865450399 0.6172824275940707 0.1741285370581528 0.60887013340935 0.1838823694412771 0.6783262850627139