0 0.23340555758266818 0.7581050319270239 0.20281216419612313 0.7841074070695553 0.2466214378563284 0.8179298187001139 0.2770702896237172 0.7933026807297605 0.23340555758266818 0.7581050319270239
0 0.6042536613454961 1 0.6066385883694413 0.997684070695553 0.5873425074116305 0.9692205302166477 0.5521801208665906 0.9989171151653363 0.5557379863169897 1 0.6042536613454961 1
0 0.46370933067274805 0.7405713420752567 0.418979992018244 0.781782550741163 0.4461785370581528 0.8013389543899658 0.48278578335233757 0.7578805074116306 0.46370933067274805 0.7405713420752567
0 0.730545181299886 0.9188807069555303 0.6958169144811859 0.9444469179019385 0.7263578323831242 0.9852236294184721 0.7550640022805017 0.9506740376282782 0.730545181299886 0.9188807069555303
0 0.8227463443557582 1 0.8267951927023945 0.9971704503990879 0.8061207662485746 0.9685620399087799 0.7591075974914481 1 0.8227463443557582 1
0 0.8738942793614596 0.8671627001140251 0.8301005940706955 0.8862128084378563 0.8517194093500571 0.9190949099201825 0.8868107833523375 0.9033030102622577 0.8738942793614596 0.8671627001140251
0 0.9493859623717218 0.6260500763968073 0.9106685940706956 0.6498081596351197 0.9392543831242873 0.6959426681870011 0.9670230193842646 0.6835571185860889 0.9493859623717218 0.6260500763968073
0 0.9179629338654504 0.5406602018244013 0.8880911915621436 0.5597815655644242 0.8989773204104903 0.5887516145952109 0.9296471904218928 0.5752805689851768 0.9179629338654504 0.5406602018244013
0 0.9625930262257696 0.4076105188141391 0.9353192326111744 0.3755260570125427 0.9058814458380844 0.3905185997719498 0.9248882770809578 0.4217341698973774 0.9625930262257696 0.4076105188141391
0 0.6990455153933866 0.31730038654503995 0.7246548221208666 0.35199233409350056 0.7786707616875713 0.3284517673888256 0.7617639270239452 0.29050005587229194 0.6990455153933866 0.31730038654503995
0 0.767967700114025 0.4302845929304447 0.8245956225769668 0.4084105575826682 0.8087778848346637 0.37335574572405933 0.7559940296465222 0.3984178095781072 0.767967700114025 0.4302845929304447
0 0.3063093375142531 0.3428051835803877 0.35473991904218927 0.30615585062713796 0.327030614595211 0.27820004446978336 0.2828780581527936 0.31390858608893957 0.3063093375142531 0.3428051835803877
0 0.943035929304447 0.4876421676168757 0.9046095279361459 0.5086468301026226 0.9258624538198403 0.5317511847206385 0.9554465005701255 0.5153820114025086 0.943035929304447 0.4876421676168757
0 0.854934441277081 0.5391543055872292 0.7893390364880273 0.5781849703534777 0.7996290444697833 0.5853671014823261 0.8617473112884835 0.5595531915621437 0.854934441277081 0.5391543055872292
0 0.7924153249714938 0.5773174025085519 0.8095990490307868 0.5671925005701254 0.7842933603192702 0.535307038768529 0.7653383078677308 0.5452441949828962 0.7924153249714938 0.5773174025085519