0 0.025659702394526796 0 0.02435502052451539 0.027858049030786772 0.06257927480045611 0.013229127708095782 0.058159241733181294 0 0.025659702394526796 0
0 0.44462191790193845 0 0.439627362599772 0.028512933865450396 0.5245107537058152 0.03684493044469783 0.5275910250855188 0.0007598118586088939 0.5107302428734322 0 0.44462191790193845 0
0 0.7126934321550742 0.16728647890535916 0.7156799064994299 0.1329910912200684 0.6859717263397948 0.12693579931584947 0.6788649885974914 0.16610817103762826 0.7126934321550742 0.16728647890535916
0 0.8334723375142531 0.19975205131128848 0.8136073979475484 0.2497934811858609 0.8441653147092361 0.26802712314709237 0.8673659418472064 0.2110319897377423 0.8334723375142531 0.19975205131128848
0 0.08134422234891675 0.9598444503990878 0.08931716077537058 0.9779161755986316 0.13111760889395668 0.9801068449258837 0.11545047548460662 0.9444067149372862 0.08134422234891675 0.9598444503990878
0 0.43748496807297604 0.7557631060433295 0.4406888015963512 0.7173202839224629 0.4079530889395667 0.7179813728620297 0.4112349954389966 0.7574337651083238 0.43748496807297604 0.7557631060433295
0 0.44644116191562144 0.7550433500570125 0.4755571071835804 0.7553816864310148 0.47882300684150514 0.7157545530216647 0.4472730855188141 0.7164793511972634 0.44644116191562144 0.7550433500570125
0 0.5786224481185861 0.8308729179019385 0.6090825689851767 0.8395977856328393 0.6211260444697834 0.8253789179019384 0.5824252417331813 0.815036174458381 0.5786224481185861 0.8308729179019385
0 0.6237088779931586 0.7987854595210947 0.5882211881413911 0.7838577194982896 0.5843251733181299 0.8014732713797036 0.6144543979475484 0.8108395131128848 0.6237088779931586 0.7987854595210947
0 0.6444087251995438 0.9483675530216648 0.6519539395667047 0.9291611174458381 0.6131942725199544 0.9200012896237172 0.6106377776510832 0.9347173489167617 0.6444087251995438 0.9483675530216648
0 0.6707711596351197 0.9218312018244014 0.6745740342075257 0.905992898517674 0.6228907810718358 0.8937806442417332 0.621692007981756 0.9109821037628277 0.6707711596351197 0.9218312018244014
0 0.8301011174458381 1 0.8302554139110605 0.9872128779931585 0.7489610763968072 0.9841399874572406 0.7481298882554162 1 0.8301011174458381 1
0 0.9309663705815279 0.7786541094640821 0.9353620992018243 0.762848441277081 0.9022198152793613 0.7599223979475485 0.9006898950969213 0.7777401847206384 0.9309663705815279 0.7786541094640821
0 0.9024681664766248 0.7551835895096921 0.9373893409350057 0.7582012953249715 0.9388825359179019 0.7410543819840364 0.9026808700114025 0.7397501322690991 0.9024681664766248 0.7551835895096921
0 0.8915767251995439 0.4184161094640821 0.8780075267958951 0.4390874070695553 0.9094927103762828 0.45664521436716077 0.9216022941847207 0.43543272177879133 0.8915767251995439 0.4184161094640821
0 0.8309886966932726 0.3605924937286203 0.8435613990877994 0.34759049258836944 0.7846372428734321 0.32608810946408207 0.782644251995439 0.3414267001140251 0.8309886966932726 0.3605924937286203
0 0.886855110604333 0.38371519384264535 0.8911282656784493 0.37027823033067275 0.8715287343215508 0.36984562713797037 0.86728821322691 0.3826897354618016 0.886855110604333 0.38371519384264535
0 1 0.15881599315849484 0.9730189087799316 0.15776343557582667 0.9746765952109464 0.1715127856328392 1 0.17140643443557582 1 0.15881599315849484
0 1 0.1356874834663626 0.9707651106043329 0.13269863169897378 0.970163771949829 0.14984534663625998 1 0.15182050513112885 1 0.1356874834663626