0 0.8330377901938427 0.7836183249714936 0.8681039509692132 0.7792744287343215 0.8639851003420752 0.7230453751425314 0.8297362531356898 0.7266450741163056 0.8330377901938427 0.7836183249714936
0 0.9270111322690991 0.4848430889395667 0.9340545724059293 0.5319759851767388 0.9952478574686431 0.5291232930444698 0.9856874777651082 0.48360451881413913 0.9270111322690991 0.4848430889395667
0 0.6904910638540479 0.5946725131128848 0.6939511197263398 0.6275927411630559 0.7629151858608895 0.6191502850627139 0.7584480775370581 0.5880091299885974 0.6904910638540479 0.5946725131128848
0 0.4345280900798176 0.553596661345496 0.43355410490307866 0.5869467913340936 0.5084867605473203 0.5784740307867731 0.5064140558722919 0.5417127434435576 0.4345280900798176 0.553596661345496
0 0.4405371482326112 0.14782694412770808 0.47617720524515394 0.1574637103762828 0.49014770695553017 0.10861548688711516 0.4545968255416192 0.09982717331812999 0.4405371482326112 0.14782694412770808
0 0.8525229418472063 0.1340073101482326 0.8460659498289623 0.1833384275940707 0.9435585461801597 0.18501938540478904 0.9446272805017104 0.13838501596351196 0.8525229418472063 0.1340073101482326
0 0.6827820570125427 0.42476159635119726 0.734733740022805 0.41918499201824405 0.7319024481185862 0.35816542189281647 0.6740942155074116 0.36483833181299885 0.6827820570125427 0.42476159635119726
0 0.41392109578107183 0.4398981391106043 0.46356168871151654 0.42085339224629414 0.44362298973774233 0.353275165336374 0.390413236031927 0.36960310832383125 0.41392109578107183 0.4398981391106043
0 0.2628203534777651 0.5529995484606613 0.31500464310148235 0.5411156419612315 0.3053287149372862 0.46324107069555304 0.2461534606613455 0.46826817103762824 0.2628203534777651 0.5529995484606613
0 0.19350095438996578 0.13204090649942987 0.19095046408209806 0.07653311516533637 0.15012877194982896 0.082919503990878 0.15188407981755986 0.13939697605473203 0.19350095438996578 0.13204090649942987
0 0.1208348677309008 0.03709772177879134 0.03410238882554162 0.04690810148232611 0.043420530216647664 0.06740103990877994 0.06256901824401369 0.0564425724059293 0.06887105473204105 0.07665549600912201 0.1228977149372862 0.05956454618015963 0.1208348677309008 0.03709772177879134
0 0.1896278118586089 0.02986729190421893 0.19530387343215508 0.05262992702394527 0.232691236031927 0.050489848346636265 0.23363015621436714 0.025341438996579247 0.1896278118586089 0.02986729190421893
0 0.2906876419612315 0.9544655838084379 0.32626092930444694 0.9549466738882555 0.32927063055872297 0.8955378768529076 0.29113931927023945 0.8905997582668187 0.2906876419612315 0.9544655838084379
0 0.17320477651083238 0.7455341516533637 0.12451442075256557 0.7480735279361459 0.12744426795895097 0.7986553055872292 0.17657796009122007 0.7946836168757127 0.17320477651083238 0.7455341516533637
0 1 0.5510709623717218 0.9559886727480046 0.5588963454960091 0.9667329749144813 0.5929582919042189 1 0.5871926727480046 1 0.5510709623717218