0 0.42928437514253137 0.756389062713797 0.41651875028506274 0.7960531254275941 0.4753 0.8091031254275941 0.4836125005701254 0.7687671870011403 0.42928437514253137 0.756389062713797
0 0.25976718700114027 0.7634296875712656 0.32092343785632843 0.7705468745724059 0.33161093728620294 0.7331765621436717 0.2662984378563284 0.7242796875712656 0.25976718700114027 0.7634296875712656
0 0.2778765621436716 0.2796062497149373 0.2823296875712657 0.3286312497149373 0.34111093728620295 0.3209203124287343 0.33042343785632844 0.2734656248574686 0.2778765621436716 0.2796062497149373
0 0.7249734378563284 0.5215562497149373 0.8273953124287343 0.569460937286203 0.8731140627137971 0.4834515621436716 0.773364062713797 0.436589062713797 0.7249734378563284 0.5215562497149373
0 0.03295312542759407 0.8203734378563283 0.028499999999999998 0.8515687502850627 0.06145312542759407 0.854778125427594 0.06560937514253136 0.8209671870011402 0.03295312542759407 0.8203734378563283
0 0.23898593728620296 0.962735937286203 0.22236093728620296 0.9987546875712657 0.265110937286203 0.9987546875712657 0.27401718700114025 0.970446874572406 0.23898593728620296 0.962735937286203
0 0.302814062713797 0.517996874572406 0.2953921870011402 0.5570031254275941 0.3470484378563284 0.5641218745724059 0.3559546875712657 0.5279390627137971 0.302814062713797 0.517996874572406
0 0.09529843785632838 0.3667796875712657 0.09351562485746864 0.37964531242873434 0.12973593728620297 0.3843890627137971 0.12854687457240593 0.36778124971493725 0.09529843785632838 0.3667796875712657
0 0.09945312542759407 0.407525 0.13507812542759406 0.40870937514253136 0.13982968757126568 0.39328750057012546 0.09707812542759407 0.39328750057012546 0.09945312542759407 0.407525
0 0.17189218700114026 0.09636562485746865 0.19861093728620297 0.16550781299885975 0.22592343785632837 0.16016875028506272 0.2092984378563284 0.08898906271379703 0.17189218700114026 0.09636562485746865
0 0.10954687457240593 0.14350937514253134 0.11310937514253136 0.16906718700114023 0.12973593728620297 0.16906718700114023 0.1327046875712657 0.14534062485746865 0.10954687457240593 0.14350937514253134
0 0.12914062485746863 0.17909062485746866 0.12914062485746863 0.2094031254275941 0.14576718700114025 0.20881093728620298 0.15170468757126568 0.18686249942987457 0.12914062485746863 0.17909062485746866
0 0.09886093728620296 0.10348124971493729 0.09767187457240592 0.12220624971493728 0.11726718700114025 0.12220624971493728 0.11845312542759408 0.103225 0.09886093728620296 0.10348124971493729
0 0.05165781299885975 0.08391093728620297 0.051953125427594074 0.09966562485746863 0.08520312542759406 0.103225 0.09232968757126568 0.08602187457240594 0.05165781299885975 0.08391093728620297