0 0.209977748004561 0.20596668301026225 0.09890656442417331 0.24364516305587228 0.11504712086659065 0.27698324059293045 0.21847396807297606 0.23703679247434437 0.209977748004561 0.20596668301026225
0 0.33719641847206383 0.18112296123147092 0.3234667970353478 0.1443436362599772 0.2531964663625998 0.17718869213226912 0.2653513580387685 0.2118848164196123 0.33719641847206383 0.18112296123147092
0 0.513065779931585 0.40822913226909924 0.4933091242873432 0.3749257628278221 0.44904701368301025 0.39949601140250857 0.4649160980615736 0.4330041254275941 0.513065779931585 0.40822913226909924
0 0.2614999543899658 0.6419529315849486 0.247630913340935 0.6112304595210947 0.18226395210946408 0.6427841220068415 0.19516244697833524 0.6765685199543899 0.2614999543899658 0.6419529315849486
0 0.04625242075256556 0.6913653340935005 0.02674273432155074 0.6954099144811859 0.03365257582668187 0.7345975701254276 0.058986946408209805 0.7242108175598632 0.04625242075256556 0.6913653340935005
0 0.2950360125427594 0.7705265290763967 0.2877754275940707 0.7567308540478905 0.23810601140250856 0.7848724538198403 0.24550885404789052 0.7943370022805017 0.2950360125427594 0.7705265290763967
0 0.2969955245153934 0.7816394686431014 0.24605457240592932 0.8111270045610034 0.25066539110604336 0.8235811755986318 0.3018467126567845 0.7988761197263399 0.2969955245153934 0.7816394686431014
0 0.2579657936145952 0.936878465222349 0.33398202280501715 0.8921155222348917 0.3222484994298746 0.859809094640821 0.23845193272519954 0.8981045096921323 0.2579657936145952 0.936878465222349
0 0.8088197331813 0.94890482668187 0.785934992018244 0.8944419315849487 0.7531461641961231 0.9104761220068416 0.7759753306727479 0.9577852998859749 0.8088197331813 0.94890482668187
0 1 0.8762112132269099 0.9791648540478906 0.8844930228050171 0.991414166476625 0.9197246351197264 1 0.9166380820980616 1 0.8762112132269099
0 0.7566884025085518 0.7011861208665907 0.7523203785632839 0.6832613648802737 0.6901651824401368 0.7142058688711517 0.6948649954389966 0.7271647537058152 0.7566884025085518 0.7011861208665907
0 0.7166072485746865 0.6895585530216647 0.71093096009122 0.667642527936146 0.6751972508551882 0.6806705461801597 0.6828902166476625 0.7003286396807298 0.7166072485746865 0.6895585530216647
0 0.794857449258837 0.4315143397947549 0.7678100079817559 0.37054894070695554 0.7442642542759407 0.3790939977194983 0.7715762953249715 0.4398413899657925 0.794857449258837 0.4315143397947549
0 0.8124955929304447 0.4151370763968073 0.7918470501710377 0.36992801938426456 0.7731399429874573 0.37852425655644245 0.7934476191562144 0.42693806841505133 0.8124955929304447 0.4151370763968073
0 0.8439072155074117 0.3981399042189282 0.8161335438996579 0.34333165450399084 0.7924018494868871 0.35596010034207526 0.8165591539338655 0.4108015165336374 0.8439072155074117 0.3981399042189282