0 0.077125 0.5311125005701254 0.08839531242873432 0.5358625005701254 0.09966562485746863 0.4568937502850627 0.08835937514253137 0.45244062485746867 0.077125 0.5311125005701254
0 0.10975 0.5412062497149372 0.12220624971493728 0.5435812497149373 0.1251734378563284 0.4628296875712657 0.11686875028506272 0.463425 0.10975 0.5412062497149372
0 0.004757812998859749 0.9556468745724059 0.020181249714937285 0.9520828129988598 0.019587500570125427 0.893303125427594 0.005634375142531357 0.8906312497149373 0.004757812998859749 0.9556468745724059
0 0.037382812998859746 0.948521874572406 0.051618750285062714 0.9473343751425313 0.050432812998859745 0.9051765621436716 0.03765624971493729 0.9057718745724059 0.037382812998859746 0.948521874572406
0 0.3179546875712657 0.5863312497149372 0.2805843751425314 0.7217078129988598 0.3547312497149373 0.7359578129988598 0.3938796875712657 0.6136453124287343 0.3179546875712657 0.5863312497149372
0 0.3766781254275941 0.47114375028506267 0.41760781299885974 0.4770812497149373 0.43065781299885975 0.39455 0.3899062497149373 0.390985937286203 0.3766781254275941 0.47114375028506267
0 0.2705 0.2092984378563284 0.2598234378563284 0.2657046875712657 0.31024218700114026 0.27401718700114025 0.31736093728620296 0.20870468757126567 0.2705 0.2092984378563284
0 0.26160312542759406 0.3618921870011403 0.2948203124287343 0.3630796875712657 0.3037187502850627 0.2876734378563284 0.26715312542759406 0.28411093728620296 0.26160312542759406 0.3618921870011403
0 0.7598703124287343 0.8410531254275941 0.8091031254275941 0.8553015621436716 0.8197812497149374 0.8315531254275941 0.7706234378563285 0.8158171870011403 0.7598703124287343 0.8410531254275941
0 0.649539062713797 0.974646874572406 0.7171625005701254 0.998753125427594 0.7569046875712657 0.9318968745724059 0.6845375005701254 0.9140828129988597 0.649539062713797 0.974646874572406
0 0.9206203124287343 0.7264578129988598 0.9075703124287343 0.766239062713797 0.9401953124287343 0.7822703124287343 0.9544312497149373 0.7323953124287343 0.9206203124287343 0.7264578129988598
0 0.9437546875712657 0.44264375028506275 0.9745984378563285 0.4468 0.9823093751425314 0.4093921870011403 0.947635937286203 0.4034546875712657 0.9437546875712657 0.44264375028506275
0 0.8963000000000001 0.07926562485746864 0.9342640627137971 0.08104687457240593 0.9324843751425315 0.006234375142531357 0.8978234378563285 0.010687500570125427 0.8963000000000001 0.07926562485746864
0 0.9987546875712657 0.13032968757126567 0.9987546875712657 0.07392343785632839 0.9787703124287344 0.06234375028506271 0.9568046875712657 0.11845312542759408 0.9987546875712657 0.13032968757126567
0 0.9987546875712657 0.21345312542759406 0.9929874994298746 0.21107968757126566 0.9829046875712657 0.30548593728620294 0.9987546875712657 0.30637656214367165 0.9987546875712657 0.21345312542759406
0 0.3185484378563284 0.849364062713797 0.37074687457240596 0.8659906248574687 0.38201718700114023 0.8238328129988598 0.3267515621436716 0.8122562497149374 0.3185484378563284 0.849364062713797
0 0.3066843751425314 0.889739062713797 0.295414062713797 0.929521874572406 0.31142968757126566 0.9307093751425314 0.31914062485746864 0.8956765621436715 0.3066843751425314 0.889739062713797
0 0.32210781299885977 0.3993 0.36362812542759404 0.40761250057012544 0.36659531242873433 0.3803 0.32764062485746864 0.37406406271379705 0.32210781299885977 0.3993