0 0.7874751163055872 0.17700470353477765 0.7937437879133409 0.22530152337514253 0.8288340729760547 0.22668806157354618 0.8240819737742303 0.1677824116305587 0.7874751163055872 0.17700470353477765
0 0.44991679931584944 0.6823418209806157 0.46068822576966934 0.7337475051311289 0.49502833979475486 0.7426756442417332 0.48155601824401373 0.682598527936146 0.44991679931584944 0.6823418209806157
0 0.4388987366020525 0.6172290136830103 0.446378542759407 0.6713687445838085 0.4766860045610034 0.6631101984036488 0.4690785655644242 0.6092808221208666 0.4388987366020525 0.6172290136830103
0 0.3799188472063854 0.3965602451539339 0.38566086659064996 0.43416604903078676 0.4356719954389966 0.434581362599772 0.43040363968072975 0.3888659965792474 0.3799188472063854 0.3965602451539339
0 0.3832793215507412 0.2809805085518814 0.3917845290763968 0.3165048289623717 0.43520953591790196 0.31104514595210947 0.43121748688711514 0.27176286088939566 0.3832793215507412 0.2809805085518814
0 0.37402957810718357 0.22702680615735463 0.3780016590649943 0.26481863854047893 0.42375696123147094 0.2531438255416192 0.4218451698973774 0.216628 0.37402957810718357 0.22702680615735463
0 0.3621102405929304 0.18171040592930446 0.3699311277080958 0.22208438540478906 0.4217099771949829 0.21664220980615734 0.41150818928164196 0.16935579589509692 0.3621102405929304 0.18171040592930446
0 0.3162871402508552 0.6366832371721779 0.32500861345496007 0.691291054732041 0.35395082668187 0.686754984036488 0.35174485974914477 0.6335535017103764 0.3162871402508552 0.6366832371721779
0 0.2982717457240593 0.7717138836944128 0.3196956419612315 0.7712532029646522 0.3083337172177879 0.719909582668187 0.29265563740022804 0.723945497149373 0.2982717457240593 0.7717138836944128
0 0.25999124629418474 0.7309607867730901 0.2627521915621437 0.7629097080957811 0.282480503990878 0.7641197913340935 0.27408713340935004 0.728882228050171 0.25999124629418474 0.7309607867730901
0 0.2153132348916762 0.7201341003420753 0.22046452793614593 0.7691453819840365 0.2377821094640821 0.7643401288483466 0.23217231128848345 0.7159740581527937 0.2153132348916762 0.7201341003420753
0 0.03225396237172178 0.8211662189281642 0.038794144811858604 0.8622702554161915 0.08207522006841506 0.8541406795895097 0.074006078677309 0.8114047103762828 0.03225396237172178 0.8211662189281642
0 0.7087850353477765 0.4043834732041049 0.6344538472063854 0.4121959965792474 0.648263929304447 0.5379098734321551 0.7216641596351197 0.5212398905359179 0.7087850353477765 0.4043834732041049