0 0.094525 0.1568515621436716 0.13287031242873432 0.13229062485746865 0.09541718700114026 0.08365 0.05915156214367161 0.11805468757126568 0.094525 0.1568515621436716
0 0.5079968745724059 0.051618750285062714 0.5436656248574686 0.08839531242873432 0.5686343751425313 0.06466875028506272 0.5377203124287343 0.027892187001140253 0.5079968745724059 0.051618750285062714
0 0.12335781299885976 0.24795937514253136 0.09630781299885975 0.27249062485746867 0.1316796875712657 0.31202187457240593 0.16378281299885974 0.2817703124287343 0.12335781299885976 0.24795937514253136
0 0.08293281299885975 0.33653593728620296 0.05617968757126567 0.3600703124287343 0.08768750057012543 0.3885421870011403 0.10730624971493728 0.36185 0.08293281299885975 0.33653593728620296
0 0 0.8346671870011402 0.05617968757126567 0.7883421870011402 0.037156249714937285 0.755125 0 0.7907140627137971 0 0.8346671870011402
0 0.15337968757126566 0.9987546875712657 0.1429765621436716 0.9864625005701254 0.10433281299885974 0.9965468745724059 0.10730624971493728 0.9983265621436715 0.15337968757126566 0.9987546875712657
0 0.2193687502850627 0.9467468745724059 0.24166093728620297 0.9987546875712657 0.28981718700114023 0.9983265621436715 0.26128124971493727 0.9295187502850627 0.2193687502850627 0.9467468745724059
0 0.8361578129988597 0.941975 0.7963265621436716 0.9479062497149372 0.8046484378563284 0.9983265621436715 0.8426968745724059 0.9987546875712657 0.8361578129988597 0.941975
0 0.8468578129988598 0.9485 0.8444812497149373 0.9983265621436715 0.8855 0.9987546875712657 0.881339062713797 0.9485 0.8468578129988598 0.9485
0 0.5181031254275941 0.9075703124287343 0.55615 0.8957078129988597 0.5484218745724059 0.8601171870011403 0.5097796875712657 0.8731671870011402 0.5181031254275941 0.9075703124287343
0 0.5849828129988598 0.8631312497149373 0.5906296875712657 0.8945203124287343 0.6215437502850628 0.8891812497149373 0.6156 0.8553718745724058 0.5849828129988598 0.8631312497149373
0 0.5956843751425314 0.18709531242873434 0.5662562497149373 0.20881093728620298 0.6013328129988598 0.2521125005701254 0.627489062713797 0.224825 0.5956843751425314 0.18709531242873434
0 0.4402234378563284 0.07593906271379704 0.45865312542759407 0.060517187001140255 0.4420078129988597 0.033823437856328395 0.41466093728620296 0.05517812542759407 0.4402234378563284 0.07593906271379704
0 0.8070281254275941 0.36500000000000005 0.8171328129988598 0.4027781254275941 0.8522078129988597 0.38676250057012546 0.8444812497149373 0.3559171870011402 0.8070281254275941 0.36500000000000005
0 0.8756921870011402 0.3614421870011403 0.8860953124287343 0.39803437514253137 0.931871874572406 0.38498437514253137 0.917603125427594 0.3470203124287343 0.8756921870011402 0.3614421870011403
0 0.939896874572406 0.6647703124287343 0.946139062713797 0.6916546875712656 0.980025 0.6774187502850627 0.9717015621436716 0.6566578129988598 0.939896874572406 0.6647703124287343