0 0.26461562485746865 0.29334531242873435 0.2188984378563284 0.29334531242873435 0.2092 0.34454218700114025 0.2632312497149373 0.35145937514253134 0.26461562485746865 0.29334531242873435
0 0.9143796875712656 0.01798750057012543 0.8534218745724059 0.013837499429874571 0.8478796875712657 0.04566250057012543 0.9143796875712656 0.05396406271379704 0.9143796875712656 0.01798750057012543
0 0.9129953124287344 0.24906562485746864 0.840953125427594 0.24768281299885975 0.8367968745724059 0.35145937514253134 0.8991406248574687 0.3611453124287343 0.9129953124287344 0.24906562485746864
0 0.9531718745724059 0.4580046875712657 0.998753125427594 0.4621562497149373 0.998753125427594 0.3985062497149373 0.9642562497149373 0.4012734378563284 0.9531718745724059 0.4580046875712657
0 0.3615953124287343 0.6461874994298746 0.27431406271379705 0.6337343751425313 0.2618453124287343 0.6890828129988598 0.3574406248574687 0.7001515621436716 0.3615953124287343 0.6461874994298746
0 0.5569406248574686 0.637885937286203 0.4627312497149373 0.6240484378563284 0.45996093728620296 0.6448046875712656 0.550014062713797 0.6655593751425313 0.5569406248574686 0.637885937286203
0 0.550014062713797 0.682164062713797 0.4377937502850627 0.6641750000000001 0.43640937514253136 0.6849312497149372 0.5430875005701254 0.701535937286203 0.550014062713797 0.682164062713797
0 0.5084515621436716 0.719525 0.4377937502850627 0.7029187502850627 0.4350234378563284 0.723675 0.5056812497149373 0.7347453124287343 0.5084515621436716 0.719525
0 0.6553062497149372 0.8246843751425313 0.601275 0.8122312497149373 0.599889062713797 0.8316046875712657 0.6539203124287343 0.8399046875712657 0.6553062497149372 0.8246843751425313
0 0.6608484378563284 0.7942437502850628 0.6068171870011403 0.783175 0.6040453124287344 0.7983953124287343 0.6594624994298746 0.8108484378563283 0.6608484378563284 0.7942437502850628
0 0.7786078129988598 0.6282000000000001 0.649764062713797 0.6115953124287343 0.6442234378563284 0.6365015621436716 0.7730671870011402 0.6544906248574687 0.7786078129988598 0.6282000000000001
0 0.8452078129988597 0.1465265621436716 0.9372406248574686 0.15779687457240593 0.9354593751425314 0.14415468757126568 0.8529281254275941 0.1287312497149373 0.8452078129988597 0.1465265621436716
0 0.8499593751425313 0.11449531242873433 0.882614062713797 0.1233937502850627 0.8861765621436716 0.11034375028506271 0.8576765621436717 0.10500468757126569 0.8499593751425313 0.11449531242873433
0 0.7436765621436716 0.6718859372862029 0.7413015621436717 0.6904687502850627 0.7751453124287344 0.6987734378563284 0.7775203124287343 0.6786046875712657 0.7436765621436716 0.6718859372862029