0 0.5156191904218929 0.6555985222348918 0.588776818700114 0.6499258403648802 0.5779884891676169 0.6126770718358039 0.5042792098061574 0.6220597229190422 0.5156191904218929 0.6555985222348918
0 0.5253150011402509 0.5532997765108324 0.5903561687571265 0.5460468722919042 0.5868238791334094 0.5123371835803877 0.5194104435575827 0.5163941003420753 0.5253150011402509 0.5532997765108324
0 0.683005126567845 0.5791013454960091 0.6770308152793615 0.5452193432155074 0.5869888380843786 0.5406178734321551 0.5906954184720639 0.5804449190421892 0.683005126567845 0.5791013454960091
0 0.9687137229190421 0.36669761573546183 0.9657661641961232 0.33288482440136835 0.9096685267958952 0.3361506932725199 0.9148619167616875 0.3724424104903079 0.9687137229190421 0.36669761573546183
0 0.9351728928164196 0.27563694070695555 0.9186403705815279 0.24000393842645382 0.8861681470923602 0.25416246750285065 0.9012195815279361 0.2899439771949829 0.9351728928164196 0.27563694070695555
0 0.612682685290764 0.31021522462941853 0.6222662257696694 0.23805319498289623 0.5751121197263398 0.23733202508551882 0.5762404834663626 0.3138263329532497 0.612682685290764 0.31021522462941853
0 0.3658315872291904 0.322420582668187 0.35284690421892817 0.26929639908779934 0.3121535781071836 0.2812902462941847 0.323694763968073 0.33306648802736605 0.3658315872291904 0.322420582668187
0 0.30717750969213226 0.5881490182440137 0.29635123603192703 0.557532598631699 0.23367900912200684 0.5782204367160776 0.24770919840364883 0.6047909099201824 0.30717750969213226 0.5881490182440137
0 0.41430212086659063 0.6246737936145953 0.40488918586088934 0.5883867377423033 0.36984029874572405 0.598181086659065 0.3809067263397948 0.631887117445838 0.41430212086659063 0.6246737936145953
0 0.3355562633979476 0.7969717103762828 0.31589388711516536 0.7606847662485747 0.21565640136830103 0.8042590638540479 0.22936391448118587 0.8392573580387684 0.3355562633979476 0.7969717103762828
0 0.0772165621436716 0.9816612155074116 0.13285508779931585 0.9604048791334093 0.10717920980615736 0.9071100296465222 0.06947749828962373 0.9258033580387685 0.0772165621436716 0.9816612155074116
0 0.21431163968072978 0.5846468004561003 0.19712617217787912 0.5521403044469784 0.14687123717217787 0.5646158893956671 0.15938580957810716 0.6013968551881413 0.21431163968072978 0.5846468004561003
0 0.12146026567844925 0.6564327377423033 0.1105008882554162 0.621624180159635 0.058318906499429876 0.6368480205245154 0.06660201824401368 0.6701468072976055 0.12146026567844925 0.6564327377423033
0 0.2824467217787913 0.7009287274800455 0.2656382383124287 0.6671499384264539 0.2334417046750285 0.6794527149372862 0.25061174116305585 0.7135723352337515 0.2824467217787913 0.7009287274800455
0 0.16731349600912201 0.7489351014823261 0.15728123717217787 0.7193844948688712 0.10393312314709235 0.724575598631699 0.1171818244013683 0.7569718449258838 0.16731349600912201 0.7489351014823261
0 0.575314196123147 0.3649910501710376 0.5722238015963512 0.34746454960091216 0.49837680045610033 0.3526558768529076 0.4972373648802737 0.3667094310148233 0.575314196123147 0.3649910501710376
0 0.8838867628278221 0.7370272405929305 0.862923338654504 0.6865141550741163 0.8308981254275941 0.6963782576966934 0.8492083226909921 0.7489315028506272 0.8838867628278221 0.7370272405929305
0 0.6876841402508551 0.8005357411630558 0.6787164275940706 0.7701929304446978 0.6423585496009122 0.7760008962371722 0.6505104982896237 0.8119660923603192 0.6876841402508551 0.8005357411630558
0 0.6071581014823262 0.9388118540478905 0.6116166237172178 0.988032283922463 0.6385141858608894 0.9832895176738883 0.6431689954389966 0.9378835872291904 0.6071581014823262 0.9388118540478905
0 0.40345924743443556 0.7717472645381984 0.38977880729760545 0.738621150513113 0.3647036727480046 0.7502711413911061 0.3777580478905359 0.7832839372862029 0.40345924743443556 0.7717472645381984
0 0.14261641619156215 0.19854961117445838 0.13701451767388825 0.18387600798175596 0.10849922006841506 0.1931212189281642 0.115313165336374 0.20271023033067276 0.14261641619156215 0.19854961117445838
0 0.1108742725199544 0.1860751881413911 0.19297902850627136 0.16617806385404787 0.1842478164196123 0.15085359863169898 0.10995048004561003 0.17057829418472062 0.1108742725199544 0.1860751881413911
0 0.5891278141391105 0 0.5894002109464083 0.008919893956670467 0.6283200684150513 0.00569218244013683 0.6268702474344356 0 0.5891278141391105 0
0 0.7506194618015963 0.480444228050171 0.8219233945267959 0.464258724059293 0.8192782212086659 0.45267646864310146 0.7479412098061573 0.4652551083238312 0.7506194618015963 0.480444228050171
0 0.9920927525655644 0.418591905359179 0.9894145005701254 0.4034027844925884 0.9623723090079817 0.4093768722919042 0.9668481847206385 0.421083748004561 0.9920927525655644 0.418591905359179
0 0.8923887605473204 0.49459751767388827 0.9393430421892817 0.47366980387685287 0.9195760216647663 0.43679840136830106 0.871864425313569 0.46026970239452675 0.8923887605473204 0.49459751767388827
0 1 0.5438205564424173 0.986232605473204 0.5515338848346636 0.9923161322690992 0.5655196545039909 1 0.5616122736602053 1 0.5438205564424173
0 0.8991489749144811 0.8782918608893957 0.891004030786773 0.8628640205245155 0.8188381391106043 0.88100865336374 0.8218649201824402 0.8964647468643101 0.8991489749144811 0.8782918608893957
0 0.8926566328392246 0.8517297696693272 0.8855067514253135 0.8385349361459521 0.856442857468643 0.8412496328392246 0.8566504503990878 0.8578136681870011 0.8926566328392246 0.8517297696693272
0 0.37102376738882553 0.5467742816419613 0.4152588198403649 0.5377702155074117 0.3968132611174458 0.4536848711516534 0.35075607639680734 0.46602318928164194 0.37102376738882553 0.5467742816419613