0 0.40371019612314707 0.210122086659065 0.3670577457240593 0.2111900125427594 0.3784687548460661 0.32585694298745727 0.4160603021664766 0.3233967502850627 0.40371019612314707 0.210122086659065
0 0.5056236408209807 0.5673121094640821 0.42703469213226913 0.5725952793614595 0.43541331470923605 0.61881130672748 0.5067471128848346 0.6158456887115166 0.5056236408209807 0.5673121094640821
0 0.3713404367160776 0.6591229384264539 0.3764534982896237 0.7071850444697834 0.44801294526795893 0.7053884743443557 0.4426590513112885 0.6591909555302166 0.3713404367160776 0.6591229384264539
0 0.8637343340935005 0.4050421995438997 0.8072610478905359 0.4054200661345496 0.814407441277081 0.4421850718358039 0.8660708848346637 0.44062193956670465 0.8637343340935005 0.4050421995438997
0 0.13923621208665907 0.3790204914481186 0.09884741505131128 0.3826324618015963 0.10754480843785633 0.458461425313569 0.14709415165336376 0.4598578996579248 0.13923621208665907 0.3790204914481186
0 0.17664761687571265 0.19884516875712657 0.11743495096921323 0.20157328848346637 0.1271813694412771 0.27659188711516536 0.1813037172177879 0.27212815735461804 0.17664761687571265 0.19884516875712657
0 0.35058757012542763 0.24770193500570126 0.3593427240592931 0.29959733751425316 0.3751113055872292 0.2992573021664766 0.3686387730900798 0.2441931368301026 0.35058757012542763 0.24770193500570126
0 0.43033055872291903 0.09139253591790193 0.39742503078677305 0.09385233751425313 0.39926420752565567 0.12196001140250855 0.4314851163055872 0.12296321550741163 0.43033055872291903 0.09139253591790193
0 0.8012885131128847 0.0837862976054732 0.8184051938426454 0.08348665222348917 0.8127789064994299 0.04521484948688711 0.7990456545039909 0.0460681425313569 0.8012885131128847 0.0837862976054732
0 0.8239461995438997 0.08846617901938426 0.838611645381984 0.0910656385404789 0.8379821277080959 0.05363874344355758 0.8218088198403648 0.05436147320410491 0.8239461995438997 0.08846617901938426
0 0.701496330672748 0.15042214481185862 0.7430273204104902 0.15234231242873433 0.740485771949829 0.12406873432155073 0.701760102622577 0.1206943819840365 0.701496330672748 0.15042214481185862
0 0.660313290763968 0.14994809236031928 0.6792701984036488 0.15110692246294186 0.6725940193842646 0.06701389623717217 0.655579126567845 0.07274230102622577 0.660313290763968 0.14994809236031928
0 0.6823107080957811 0.1480948631698974 0.7027119646522235 0.15472709806157353 0.6965420729760547 0.0938499464082098 0.6797843899657925 0.09468626567844926 0.6823107080957811 0.1480948631698974
0 0.20717284378563283 0.19381896009122007 0.22431921322690992 0.33220227023945265 0.2527730114025085 0.33514904446978333 0.2352209543899658 0.19200091334093503 0.20717284378563283 0.19381896009122007
0 0.1946150250855188 0.5426761562143672 0.19881901710376285 0.5860696955530217 0.2153358677309008 0.587097961231471 0.20821920410490308 0.5442705883694413 0.1946150250855188 0.5426761562143672
0 0.25781096351197264 0.5382648802736602 0.23801430330672746 0.5421129612314709 0.2409405575826682 0.5851484139110604 0.2576985370581528 0.5843136271379703 0.25781096351197264 0.5382648802736602