0 0.6265230114025085 1 0.6372022371721779 0.9475864754846066 0.5624571664766249 0.9383840695553022 0.552528086659065 1 0.6265230114025085 1
0 0.2057257126567845 0.223785677309008 0.2571320125427594 0.23045852907639683 0.25910967502850624 0.1925890433295325 0.20607449714937287 0.18617697833523375 0.2057257126567845 0.223785677309008
0 0.2731627366020524 0.3007222462941847 0.30874828848346636 0.296129921322691 0.3164116864310148 0.23151115621436716 0.2804421527936146 0.2293351174458381 0.2731627366020524 0.3007222462941847
0 0.7717309521094641 0.20612894184720637 0.8048798882554162 0.21013669783352337 0.8133223842645382 0.13899678791334094 0.785597015963512 0.1370539669327252 0.7717309521094641 0.20612894184720637
0 0.958593149372862 0.10970550513112884 0.942958125427594 0.22611423717217788 0.9651942542759407 0.22719538768529077 0.98408034663626 0.12120111174458381 0.958593149372862 0.10970550513112884
0 0.7597917229190422 0.7536279908779931 0.791779109464082 0.7573888517673888 0.7943375473204105 0.7196428141391106 0.7612093101482326 0.7144254287343216 0.7597917229190422 0.7536279908779931
0 0.2274683705815279 0.8270675108323832 0.28148242759407066 0.830039165336374 0.29247079589509695 0.7697756225769669 0.24196620182440137 0.7626858221208666 0.2274683705815279 0.8270675108323832
0 0.1595716180159635 0.1781167251995439 0.19516863169897378 0.18203782098061572 0.2048977502850627 0.13912921208665907 0.16463335575826682 0.13269689965792475 0.1595716180159635 0.1781167251995439
0 0.18130109806157355 0.43010195781071836 0.19723415621436716 0.43227140935005703 0.20699876054732042 0.3577672405929304 0.18945837856328393 0.35859791676168756 0.18130109806157355 0.43010195781071836
0 0.08055272405929305 0.35276999087799316 0.09544582554161916 0.35411297719498286 0.10462975370581529 0.30805021436716074 0.0891079566704675 0.3080943283922463 0.08055272405929305 0.35276999087799316
0 0.8312325530216648 0.1318646670467503 0.8242987046750284 0.18448383238312427 0.8617621413911061 0.1881914378563284 0.8707241755986317 0.1317494834663626 0.8312325530216648 0.1318646670467503
0 0.4548243204104903 0.620127842645382 0.4560348654503991 0.6544211071835804 0.5439410478905359 0.657911605473204 0.5473293352337515 0.6191247331812999 0.4548243204104903 0.620127842645382
0 0.6070034424173318 0.6925870045610034 0.6529726579247435 0.6962815267958952 0.6638124789053592 0.6195746476624858 0.6224757331812999 0.6174733990877993 0.6070034424173318 0.6925870045610034
0 0.5826298050171038 0.8758172098061573 0.6246187274800455 0.8810953511972635 0.6279918460661345 0.833797464082098 0.5865051881413911 0.8295382029646522 0.5826298050171038 0.8758172098061573
0 0.6918410490307868 1 0.6931443762827821 0.9929062839224629 0.6525391334093501 0.9857929099201824 0.6515048084378564 1 0.6918410490307868 1