0 0.05308648916761688 0.682288984036488 0.0939396488027366 0.6886420011402509 0.10479666020524515 0.6104445724059292 0.06698342531356899 0.6014723363740022 0.05308648916761688 0.682288984036488
0 0.09631279247434435 0.7543043557582667 0.13424277537058152 0.7588263888255415 0.135922921322691 0.6965024697833524 0.10511495553021664 0.6941831927023946 0.09631279247434435 0.7543043557582667
0 0 0.5944110866590651 0.05621525541619156 0.6066273774230331 0.06375474572405929 0.5485641790193843 0.006371109464082097 0.5392472155074116 0 0.5824032919042189 0 0.5944110866590651
0 0.005377037628278221 0.5104286020524516 0.044169387685290766 0.5149656887115165 0.050816299885974914 0.4741067194982896 0.01182769897377423 0.46451856442417333 0.005377037628278221 0.5104286020524516
0 0.023082728620296464 0.4644181014823261 0.059805080957810716 0.46891905473204104 0.06472282554161916 0.4250607023945268 0.028586974914481186 0.42205458722919037 0.023082728620296464 0.4644181014823261
0 0.2607731790193843 0.5576430706955531 0.30315321436716075 0.5646181413911061 0.3093293740022805 0.4827759646522235 0.2767922417331813 0.4774573033067275 0.2607731790193843 0.5576430706955531
0 0.26175465336374004 0.2975565245153934 0.3289501322690992 0.31030931470923606 0.33686413797035347 0.264721740022805 0.27059531698973777 0.2546574070695553 0.26175465336374004 0.2975565245153934
0 0.394838244013683 0.11460128848346636 0.4444325153933865 0.1181376795895097 0.45165815849486884 0.04403374686431015 0.39950755872291904 0.040748093500570126 0.394838244013683 0.11460128848346636
0 0.32312642189281643 0.808146 0.3640721425313569 0.8133145142531357 0.37099727594070697 0.756426709236032 0.3319983124287343 0.74743221322691 0.32312642189281643 0.808146
0 0.15695240592930443 0.8480019338654503 0.19718972177879132 0.8573165279361459 0.20395944811858607 0.8093320547320411 0.1642958494868871 0.804482841505131 0.15695240592930443 0.8480019338654503
0 0.24471582098061576 0.7640208255416191 0.26398260433295323 0.7694047730900797 0.2700358574686431 0.7285354424173318 0.24645798175598632 0.7198101220068415 0.24471582098061576 0.7640208255416191
0 0.21119330102622577 0.6458552805017104 0.28898904446978335 0.6623561413911061 0.2965182269099202 0.6048834777651083 0.21843893500570125 0.5916453523375143 0.21119330102622577 0.6458552805017104
0 0.5572580136830103 0.9013104116305588 0.5908134321550741 0.9087237251995438 0.6025335233751425 0.8151015108323831 0.5670519429874572 0.8085437730900799 0.5572580136830103 0.9013104116305588
0 0.5676382896237172 0.7144302964652224 0.6396212725199544 0.7296420148232611 0.647754449258837 0.6715876168757127 0.5726077080957811 0.6601806385404789 0.5676382896237172 0.7144302964652224
0 0.895186054732041 0.5526830969213227 0.9314693124287343 0.5619271094640821 0.9368252827822121 0.5269840114025086 0.9048403603192702 0.5240503511972634 0.895186054732041 0.5526830969213227
0 1 0.1074605473204105 0.9741675085518815 0.08700308779931586 0.9525607309007982 0.11988100456100342 0.9838595541619156 0.14358866818700114 1 0.12006737286202965 1 0.1074605473204105
0 1 0.040757231470923604 0.9723023078677309 0.02402344355758267 0.9580949771949828 0.05762435803876853 0.9868410330672748 0.07475365450399088 1 0.045443688711516536 1 0.040757231470923604
0 0.8657672565564424 0.21338205245153932 0.8794680980615736 0.1762092542759407 0.852893961231471 0.16921315621436714 0.8416371698973775 0.2022717331812999 0.8657672565564424 0.21338205245153932
0 0.6738016579247434 0.23883254275940707 0.7044925336374003 0.24204053591790195 0.7134975929304447 0.16796766362599772 0.6807946898517674 0.17214599315849488 0.6738016579247434 0.23883254275940707
0 0.6431435062713796 0.05836218472063854 0.6761877217787913 0.062205095781071834 0.6842276374002281 0.009493633979475485 0.6499126510832383 0.00414394070695553 0.6431435062713796 0.05836218472063854
0 0.946490621436716 0.5170574332953249 0.9297233842645382 0.6637418323831242 0.9957606830102622 0.6758790045610035 0.998392724059293 0.5250894732041049 0.946490621436716 0.5170574332953249
0 0.6713857206385405 0.9888155427594071 0.7085431140250854 0.9956994515393387 0.7183904093500569 0.941238015963512 0.6805580399087798 0.9334515644241733 0.6713857206385405 0.9888155427594071
0 0.05212430330672748 0.2787544823261117 0.06841786545039909 0.28141424857468644 0.07389517787913341 0.20549827936145953 0.057956091220068416 0.2010631778791334 0.05212430330672748 0.2787544823261117