0 0.19046746978335236 0.5185592189281641 0.2315677377423033 0.5211771459521095 0.23626438540478906 0.46565503534777647 0.19520969897377421 0.4585338152793615 0.19046746978335236 0.5185592189281641
0 0.24565746864310148 0.36570159293044474 0.24537801596351197 0.2997865051311288 0.20570004675028508 0.29876744241733183 0.20716342873432153 0.3603190456100342 0.24565746864310148 0.36570159293044474
0 0.6552238129988598 0.3177341596351197 0.7007292622576967 0.3005462542759407 0.6873352862029647 0.24936537058152794 0.639407149372862 0.2605981197263398 0.6552238129988598 0.3177341596351197
0 0.5683148312428734 0.8671798449258836 0.6008387502850626 0.7618786054732042 0.5099637856328393 0.7257840615735461 0.47677967274800453 0.8338762177879133 0.5683148312428734 0.8671798449258836
0 0.08764062257696693 0.1150966054732041 0.12170095324971493 0.11450683352337515 0.11774405245153934 0.0820857582668187 0.08623257582668187 0.08201751881413911 0.08764062257696693 0.1150966054732041
0 0.4152154116305587 0.357460992018244 0.45228560547320407 0.36124489281641964 0.4547352919042189 0.3072377434435576 0.4150757217787913 0.30531671835803875 0.4152154116305587 0.357460992018244
0 0.5629550216647662 0.11724938882554162 0.5792357229190422 0.11376053705815278 0.5756002497149373 0.08069628164196123 0.5626117126567846 0.08072136830102623 0.5629550216647662 0.11724938882554162
0 0.5555479612314709 0.128483330672748 0.5495980935005701 0.0861478244013683 0.5358296887115166 0.09048118700114026 0.5396148814139111 0.12592432041049031 0.5555479612314709 0.128483330672748
0 0.7983799498289623 0.1812953637400228 0.8665531687571265 0.15492585860889396 0.8540424515393387 0.1189102622576967 0.7892916818700114 0.15499171949828963 0.7983799498289623 0.1812953637400228
0 0.7761814002280502 0.08728237628278221 0.8000902269099202 0.08692013568985177 0.7986807103762829 0.06373283238312429 0.7738674298745724 0.07081762257696693 0.7761814002280502 0.08728237628278221
0 0.7390555518814138 0.10868887115165336 0.7616167297605473 0.11151395667046751 0.7661726579247434 0.08808784948688712 0.7361551562143671 0.09230653477765109 0.7390555518814138 0.10868887115165336
0 0.8208509749144812 0.0684131881413911 0.8398125507411631 0.06694590649942987 0.8368320900798176 0.047580051311288486 0.8181238346636259 0.049008576966932726 0.8208509749144812 0.0684131881413911
0 0.8378248437856328 0 0.8340822759407069 0.0005977103762827822 0.8351850456100341 0.03401949258836944 0.8532125769669328 0.03868248802736602 0.8498086225769669 0 0.8378248437856328 0