0 0.2685868928164196 0.1827758757126568 0.22818282440136828 0.17256084378563283 0.2244929589509692 0.1900768369441277 0.2660087605473204 0.1973971927023945 0.2685868928164196 0.1827758757126568
0 0.26346744583808435 0.23916386545039908 0.26102338312428736 0.21883213683010264 0.21843968643101483 0.21072057354618015 0.2155196180159635 0.23070937058152793 0.26346744583808435 0.23916386545039908
0 0.9285767035347776 0.6831287001140252 0.9078474868871151 0.7664972269099202 0.9560365701254276 0.7804220342075257 0.9726482269099201 0.6916834811858609 0.9285767035347776 0.6831287001140252
0 0.8881391197263399 0.7637233888255416 0.8793368141391107 0.7982570285062713 0.9507840216647663 0.8156815484606613 0.9546609030786773 0.7813852873432156 0.8881391197263399 0.7637233888255416
0 0.9467621676168757 0.8384906191562144 0.8704496020524516 0.8230053888255415 0.8647592029646523 0.8638344196123148 0.938614811858609 0.8846965689851767 0.9467621676168757 0.8384906191562144
0 0.8881142234891676 0.8715715849486887 0.8690328608893957 0.9592717537058153 0.9235573443557583 0.9700917103762828 0.9389856989737743 0.8805415986316989 0.8881142234891676 0.8715715849486887
0 0.8497536328392246 1 0.8512169407069555 0.9850779179019384 0.7916099521094642 0.9709501402508552 0.7888358563283923 1 0.8497536328392246 1
0 0.3624343249714937 0.20618101368301026 0.35636912428734324 0.2217724834663626 0.4546380935005701 0.255986181299886 0.46371872976054734 0.24552756556442418 0.3624343249714937 0.20618101368301026
0 0.5149957719498289 0.2231337046750285 0.5113554766248575 0.23523066704675027 0.6143709908779932 0.25279217217787914 0.6204575017103763 0.23878947548460663 0.5149957719498289 0.2231337046750285
0 0.5079189657924743 0.2683971710376283 0.5587904424173318 0.27736718472063854 0.5580666750285063 0.2609562485746864 0.5094307434435575 0.25298491676168755 0.5079189657924743 0.2683971710376283
0 1 0.302428425313569 0.986204038768529 0.2998898848346636 0.9855050513112884 0.31582148232611174 1 0.3180311801596351 1 0.302428425313569
0 1 0.331955645381984 0.9784691265678449 0.3283700342075257 0.9805897708095781 0.35053596921322694 1 0.35180297491448115 1 0.331955645381984