0 0.06237163397947548 0.25801861231470924 0.036081971493728625 0.2723851117445838 0.04699110604332953 0.30667576624857473 0.08666704903078677 0.28236624743443556 0.06237163397947548 0.25801861231470924
0 0.2895088015963512 0.8251495883694413 0.27974057354618015 0.7937380752565565 0.2531540524515394 0.7955779087799315 0.2649599418472064 0.8355025347776511 0.2895088015963512 0.8251495883694413
0 0.38732391220068413 0.8198169441277081 0.3808658950969213 0.7664714082098062 0.3039384492588369 0.755575275940707 0.30679406727480046 0.8183285792474344 0.38732391220068413 0.8198169441277081
0 0.6088597913340935 0.1474853945267959 0.6032336909920182 0.1164347023945268 0.5117126624857469 0.1292631858608894 0.5138045872291904 0.153057929304447 0.6088597913340935 0.1474853945267959
0 0.6970020661345496 0.4593840558722919 0.6886145017103762 0.4280933363740023 0.6486433911060434 0.4398747685290764 0.6629137491448118 0.4675143135689852 0.6970020661345496 0.4593840558722919
0 0.7213219908779931 0.5629069885974914 0.704653558722919 0.5308917844925883 0.6684610513112885 0.5471712234891676 0.6867511881413911 0.5765521174458381 0.7213219908779931 0.5629069885974914
0 0.8766363717217789 0.39315067844925883 0.8567258164196123 0.36640734321550744 0.8095453751425313 0.3970023443557583 0.8346150604332954 0.4283660353477765 0.8766363717217789 0.39315067844925883
0 0.9813129190421893 0.48425803192702394 0.951982007981756 0.453912763968073 0.9321100615735461 0.4743978244013683 0.9545407662485746 0.5041394025085518 0.9813129190421893 0.48425803192702394
0 0.8840201630558723 0.6743705963511972 0.9057797753705815 0.7276667537058152 0.9401106864310148 0.7167815302166476 0.9199713580387685 0.6608493717217787 0.8840201630558723 0.6743705963511972
0 0.09100849486887115 0.23274329874572405 0.12695826909920183 0.21922038198403648 0.11028983694412771 0.18720518015963514 0.0774601094640821 0.19683364538198403 0.09100849486887115 0.23274329874572405
0 0.2088177662485747 0.20554662485746863 0.16290946408209805 0.2056991584948689 0.1684167377423033 0.2381259794754846 0.2198443078677309 0.23845945610034205 0.2088177662485747 0.20554662485746863
0 0.9343091630558723 0.09956469783352338 0.9261613557582669 0.06551562713797035 0.8639868928164196 0.0767426134549601 0.8761544777651084 0.11253303192702395 0.9343091630558723 0.09956469783352338
0 0.5066218266818701 0.8233105496009122 0.5190291687571266 0.8563426180159635 0.5531174834663626 0.8482123603192703 0.5482133557582668 0.808891558722919 0.5066218266818701 0.8233105496009122
0 0.24243553933865453 0.45711671949828964 0.24951038882554163 0.4716260456100342 0.31637430672748 0.4385841345496009 0.3052795416191562 0.4223350171037628 0.24243553933865453 0.45711671949828964
0 0.275974834663626 0.4711636271379704 0.2825673329532497 0.491186267958951 0.31360057468643104 0.4702880307867731 0.30388647320410495 0.45415970581527937 0.275974834663626 0.4711636271379704