0 0.13626718700114024 0.07857343785632839 0.1332984378563284 0.11212187457240592 0.17070468757126567 0.11508906271379704 0.17545312542759406 0.08187031242873433 0.13626718700114024 0.07857343785632839
0 0.21820468757126568 0 0.2164234378563284 0.02433281299885975 0.24789218700114024 0.02433281299885975 0.24670468757126565 0 0.21820468757126568 0
0 0.7392234378563284 0.0679 0.7335828129988597 0.08187031242873433 0.8006765621436717 0.08424218700114025 0.8024578129988598 0.07297187457240592 0.7392234378563284 0.0679
0 0.06768750057012543 0.3721171870011402 0.06739218700114025 0.38972812542759405 0.1327046875712657 0.3808312497149373 0.1332984378563284 0.37252656214367164 0.06768750057012543 0.3721171870011402
0 0.15110937514253134 0.5884421870011403 0.2116734378563284 0.5955609372862031 0.21820468757126568 0.5427687502850627 0.15645312542759407 0.5344625005701255 0.15110937514253134 0.5884421870011403
0 0.5293312497149373 0.5297187502850627 0.6219578129988598 0.5309046875712656 0.6255203124287343 0.4947203124287343 0.529925 0.495314062713797 0.5293312497149373 0.5297187502850627
0 0.035625 0.77685 0.04245312542759407 0.7385156248574687 0.0008906248574686432 0.7319906248574687 0 0.768175 0.035625 0.77685
0 0.06323437514253136 0.7190296875712656 0.04839218700114025 0.749785937286203 0.11014062485746864 0.7675812497149374 0.12260937514253137 0.7331765621436717 0.06323437514253136 0.7190296875712656
0 0.33309531242873436 0.7368203124287344 0.32389218700114025 0.769360937286203 0.3630796875712657 0.7770718745724059 0.3725812497149373 0.747414062713797 0.33309531242873436 0.7368203124287344
0 0.24937656214367163 0.8417828129988597 0.22532968757126567 0.9010453124287343 0.33042343785632844 0.9372296875712657 0.355360937286203 0.8696078129988598 0.24937656214367163 0.8417828129988597
0 0.9369437502850627 0.971653125427594 0.9467406248574686 0.9324843751425315 0.8974593751425314 0.9218062497149373 0.8891453124287343 0.9597703124287343 0.9369437502850627 0.971653125427594
0 0.7588171870011402 0.6709968745724059 0.7650515621436715 0.65725 0.7068640627137971 0.6442 0.7038953124287344 0.661403125427594 0.7588171870011402 0.6709968745724059
0 0.9805843751425314 0.48597500000000005 0.974053125427594 0.521414062713797 0.998753125427594 0.5226 0.998753125427594 0.48463593728620297 0.9805843751425314 0.48597500000000005
0 0.7980046875712656 0.4824171870011403 0.7965218745724059 0.46506249942987454 0.7193328129988598 0.46921406271379706 0.7205203124287343 0.47929687457240594 0.7980046875712656 0.4824171870011403
0 0.9298171870011402 0.7065765621436716 0.9259593751425313 0.7349562497149373 0.959803125427594 0.7391078129988597 0.9592093751425314 0.7070765621436715 0.9298171870011402 0.7065765621436716
0 0.929521874572406 0.6851296875712657 0.9657406248574686 0.6934343751425313 0.9752406248574687 0.654285937286203 0.9348656248574687 0.6501312497149373 0.929521874572406 0.6851296875712657
0 0.6771765621436715 0.7972406248574686 0.7766296875712657 0.8133187502850626 0.7846453124287344 0.7687671870011403 0.6860828129988598 0.7569046875712657 0.6771765621436715 0.7972406248574686
0 0.09589218700114024 0.6530984378563284 0.09796875028506272 0.6674375005701254 0.13151562485746865 0.6685203124287343 0.12973593728620297 0.654285937286203 0.09589218700114024 0.6530984378563284
0 0.664410937286203 0.9058296875712657 0.6617375005701255 0.9200281254275942 0.7537703124287343 0.93545 0.7573328129988598 0.9194343751425313 0.664410937286203 0.9058296875712657