0 0.22223718244013682 0.837936889395667 0.22719240592930445 0.8729218985176739 0.28334101140250856 0.8678223432155074 0.2791441368301026 0.833641534777651 0.22223718244013682 0.837936889395667
0 0.5226069749144812 0.9266815724059293 0.47560418244013686 0.9345465210946409 0.479524409350057 0.9956807001140251 0.5248693990877994 0.9853273637400228 0.5226069749144812 0.9266815724059293
0 0.4086664344355758 0.692114314709236 0.3758116054732041 0.6961483808437856 0.3854563648802737 0.7649546009122007 0.41651481527936146 0.7599446864310149 0.4086664344355758 0.692114314709236
0 0.4452688597491448 0.4354734526795895 0.41190681071835805 0.4350816556442418 0.4216860353477765 0.5098550285062714 0.458405550741163 0.5071410672748005 0.4452688597491448 0.4354734526795895
0 0.8510816476624857 0.43439993728620296 0.842068354618016 0.47020275028506275 0.8911529566704676 0.4833186054732041 0.8993194834663626 0.4476197628278221 0.8510816476624857 0.43439993728620296
0 0.8720893215507411 0.8460817981755986 0.8226530273660205 0.8404867366020524 0.8226738061573546 0.9379938198403649 0.8693197240592931 0.938248510832383 0.8720893215507411 0.8460817981755986
0 0.5784169315849487 0.681441126567845 0.5848993671607753 0.7332875724059293 0.6458602314709236 0.7293917742303307 0.6381794458380843 0.671708803876853 0.5784169315849487 0.681441126567845
0 0.5585904230330673 0.41288528392246293 0.5784986168757126 0.4621859395667047 0.6457185735461802 0.44107087457240596 0.6284644789053593 0.38815418700114024 0.5585904230330673 0.41288528392246293
0 0.44286916875712656 0.2637814469783352 0.45566200684150515 0.31575038540478906 0.5333558483466363 0.30471683352337514 0.5272967628278221 0.24563832497149374 0.44286916875712656 0.2637814469783352
0 0.8625539064994299 0.18712586431014824 0.9180087309007982 0.18360701824401368 0.9109108779931585 0.14290300114025084 0.8544726419612315 0.14564370923603193 0.8625539064994299 0.18712586431014824
0 0.9562144321550741 0.1128138574686431 0.9448918563283922 0.026265803876852907 0.9245646624857469 0.03594017673888256 0.9358556488027366 0.05489449714937286 0.9157557890535918 0.061548337514253135 0.9337870307867732 0.11526849144811858 0.9562144321550741 0.1128138574686431
0 0.9646443637400228 0.18147013568985176 0.9419842554161916 0.18754259635119724 0.9447765085518813 0.22488691448118583 0.969937473204105 0.2253867913340935 0.9646443637400228 0.18147013568985176
0 0.041950629418472066 0.2986510387685291 0.04209045153933865 0.33422730444697835 0.1015427274800456 0.3361997206385405 0.10581461117445838 0.2979880353477765 0.041950629418472066 0.2986510387685291
0 0.24879988141391107 0.17753971151653364 0.24541112770809578 0.1289010889395667 0.19488818700114027 0.13271326339794756 0.19971677194982898 0.18177015735461802 0.24879988141391107 0.17753971151653364
0 0.4575033557582668 1 0.449070724059293 0.9569471071835804 0.41520148004561 0.9682842348916763 0.42127020524515396 1 0.4575033557582668 1