0 0.18525 0.04922031242873432 0.15348437514253135 0.14296718700114025 0.18436093728620295 0.15008593728620298 0.21701718700114025 0.0664484378563284 0.18525 0.04922031242873432
0 0.4818312497149373 0.032637500570125426 0.5418 0.05102656214367161 0.5649562497149373 0.0012 0.49311249942987456 0 0.4818312497149373 0.032637500570125426
0 0.5406125005701254 0.2484734378563284 0.567925 0.17974531242873432 0.5334875005701254 0.16610156214367158 0.5091437502850628 0.2295718745724059 0.5406125005701254 0.2484734378563284
0 0.0855 0.375675 0.07095312542759406 0.415235937286203 0.10420312542759406 0.42235312542759407 0.12260937514253137 0.3903218745724059 0.0855 0.375675
0 0.938725 0.1675265621436716 0.9212093751425313 0.2183015621436716 0.9592093751425314 0.2295718745724059 0.9758343751425314 0.18389687457240592 0.938725 0.1675265621436716
0 0.893303125427594 0.3400937502850627 0.882614062713797 0.37074687457240596 0.9402093751425313 0.389135937286203 0.953271874572406 0.3547312497149373 0.893303125427594 0.3400937502850627
0 0.6572859372862029 0.3534374994298746 0.645114062713797 0.3832046875712657 0.6783640627137971 0.39091562485746867 0.6896453124287343 0.3600703124287343 0.6572859372862029 0.3534374994298746
0 0.3562515621436716 0.7012390627137971 0.3328 0.7652078129988598 0.4278 0.7895296875712657 0.44798750057012543 0.7278374994298746 0.3562515621436716 0.7012390627137971
0 0.10420312542759406 0.6959031254275941 0.09648437514253136 0.7136031254275941 0.18079843785632838 0.7450406248574686 0.1879234378563284 0.7284328129988596 0.10420312542759406 0.6959031254275941
0 0.11221875028506272 0.9431890627137971 0.12795312542759407 0.9063843751425313 0.06264062485746864 0.8868093751425313 0.054923437856328396 0.9224 0.11221875028506272 0.9431890627137971
0 0.11489218700114025 0.5873812497149373 0.09529843785632838 0.6578437502850628 0.10717187457240593 0.6596234378563284 0.13210937514253135 0.5973406248574687 0.11489218700114025 0.5873812497149373
0 0.458675 0.971653125427594 0.49786250057012543 0.9716343751425314 0.4913312497149373 0.8773187502850627 0.4533296875712657 0.8802843751425314 0.458675 0.971653125427594
0 0.3669406248574687 0.5882703124287343 0.48005 0.622846874572406 0.4883625005701254 0.5979328129988597 0.371985937286203 0.5659015621436716 0.3669406248574687 0.5882703124287343
0 0.893303125427594 0 0.8861765621436716 0.018993750285062713 0.920614062713797 0.02967187457240593 0.9336781254275941 0 0.893303125427594 0
0 0.678660937286203 0.4770796875712657 0.6670828129988597 0.5077703124287344 0.6991453124287343 0.5166687502850628 0.7128015621436716 0.48285624971493724 0.678660937286203 0.4770796875712657