0 0.27164218700114023 0.1347812497149373 0.2787671870011403 0.16363593728620296 0.34942343785632834 0.15710312542759405 0.34942343785632834 0.12621875028506271 0.27164218700114023 0.1347812497149373
0 0.28411093728620296 0.07870624971493728 0.2853 0.11315312542759408 0.34051718700114025 0.09236718700114024 0.3387375005701254 0.057918750285062715 0.28411093728620296 0.07870624971493728
0 0.5682218745724059 0.0831265621436716 0.5334875005701254 0.09533593728620296 0.5625812497149373 0.16244843785632837 0.5928625005701255 0.14938281299885975 0.5682218745724059 0.0831265621436716
0 0.5593156248574687 0.010093750285062713 0.569114062713797 0.05079375028506271 0.6213624994298746 0.0377265621436716 0.6213624994298746 0 0.5593156248574687 0.010093750285062713
0 0.4845031254275941 0.32181406271379703 0.4806437502850627 0.2919218745724059 0.4183 0.30320624971493726 0.42305000000000004 0.334089062713797 0.4845031254275941 0.32181406271379703
0 0.2692671870011403 0.37804062485746864 0.27431406271379705 0.34051718700114025 0.2140484378563284 0.34596718700114026 0.2164234378563284 0.3786328129988597 0.2692671870011403 0.37804062485746864
0 0.2903453124287343 0.345860937286203 0.2870796875712657 0.37507031242873434 0.32745468757126567 0.382196874572406 0.3328 0.3530953124287343 0.2903453124287343 0.345860937286203
0 0.1831734378563284 0.37150624971493734 0.18168750057012542 0.35565781299885973 0.12973593728620297 0.36200312542759405 0.12795312542759407 0.37447656214367164 0.1831734378563284 0.37150624971493734
0 0.6463000000000001 0.8882125005701254 0.6180968745724059 0.9025062497149373 0.6801453124287343 0.9963062497149373 0.7044890627137971 0.9808624994298746 0.6463000000000001 0.8882125005701254
0 0.9503031254275941 0.3859406248574686 0.9503031254275941 0.34775 0.8814281254275941 0.3530953124287343 0.882614062713797 0.3851671870011403 0.9503031254275941 0.3859406248574686
0 0.9657406248574686 0.1648234378563284 0.9796937502850627 0.20514218700114023 0.998753125427594 0.19392656214367163 0.998753125427594 0.15354062485746864 0.9657406248574686 0.1648234378563284
0 0.7834578129988597 0.19392656214367163 0.707160937286203 0.22473593728620295 0.7193328129988598 0.25628750057012545 0.792364062713797 0.22896562485746863 0.7834578129988597 0.19392656214367163
0 0.861239062713797 0.0674234378563284 0.8870687502850627 0.06353124971493729 0.880239062713797 0.022284375142531357 0.8511453124287343 0.032975 0.861239062713797 0.0674234378563284
0 0.9348656248574687 0.028817187001140252 0.9654437502850627 0.019890624857468644 0.9556468745724059 0 0.9194281254275941 0.0003093751425313569 0.9348656248574687 0.028817187001140252
0 0.8995374994298746 0.12409531242873431 0.891521874572406 0.08939687457240593 0.863021874572406 0.09533593728620296 0.8689593751425313 0.12918906271379701 0.8995374994298746 0.12409531242873431
0 0.9066625005701254 0.13300156214367162 0.8719281254275941 0.14403749942987457 0.8808343751425314 0.15710312542759405 0.9128968745724059 0.14760156214367162 0.9066625005701254 0.13300156214367162
0 0.7965218745724059 0.17670156214367164 0.8175984378563284 0.22651718700114026 0.8363015621436716 0.22362187457240595 0.8155218745724059 0.17017031242873432 0.7965218745724059 0.17670156214367164
0 0.47114375028506267 0.43921250057012545 0.47648750057012546 0.4928156248574686 0.5079562497149372 0.4795984378563284 0.4984562497149373 0.428521874572406 0.47114375028506267 0.43921250057012545
0 0.4533296875712657 0.4790046875712657 0.47381562485746864 0.47411250057012544 0.4663937502850627 0.44396406271379707 0.44323750057012545 0.44871562485746863 0.4533296875712657 0.4790046875712657
0 0.5922687502850628 0.8348171870011403 0.597614062713797 0.8181312497149373 0.5055812497149372 0.8062515621436717 0.5008312497149373 0.8199125005701254 0.5922687502850628 0.8348171870011403
0 0.5602062497149373 0.8567343751425314 0.5610968745724059 0.8410531254275941 0.4462062497149373 0.8353546875712656 0.44442499999999996 0.8519843751425313 0.5602062497149373 0.8567343751425314
0 0.4652062497149373 0.818725 0.46669062485746865 0.8027562497149373 0.4064234378563284 0.7973421870011402 0.4046437502850627 0.815160937286203 0.4652062497149373 0.818725
0 0.43729999999999997 0.849014062713797 0.4381906248574687 0.833035937286203 0.3975187502850627 0.8306015621436716 0.3951437502850627 0.8478265621436716 0.43729999999999997 0.849014062713797
0 0.42215781299885974 0.8597562497149372 0.4224562497149373 0.8769281254275941 0.458675 0.8828671870011403 0.45986250057012545 0.8656437502850628 0.42215781299885974 0.8597562497149372
0 0.13210937514253135 0.7539875005701254 0.1309234378563284 0.719035937286203 0.10360937514253135 0.7219171870011402 0.10123437514253135 0.7539875005701254 0.13210937514253135 0.7539875005701254
0 0.6290828129988598 0.4386187502850627 0.6534265621436717 0.42436562485746865 0.6350203124287344 0.39288750057012545 0.6136453124287343 0.4118921870011402 0.6290828129988598 0.4386187502850627
0 0.4355187502850627 0.10068124971493728 0.44353437514253136 0.1383437502850627 0.4628296875712657 0.12859531242873432 0.4592687502850627 0.09830624971493727 0.4355187502850627 0.10068124971493728
0 0.42839218700114023 0.48672499999999996 0.44976875028506275 0.4848 0.4438296875712657 0.4481203124287343 0.42186093728620294 0.4528734378563284 0.42839218700114023 0.48672499999999996
0 0.3559546875712657 0.5544328129988597 0.37673750057012545 0.5480343751425314 0.355360937286203 0.4938531254275941 0.33932968757126564 0.50395 0.3559546875712657 0.5544328129988597
0 0.520128125427594 0.9710843751425313 0.46164375028506266 0.9078125005701254 0.42186093728620294 0.9440406248574686 0.4663937502850627 0.998753125427594 0.520128125427594 0.9710843751425313