0 0.9230296533637401 0.7999893660205245 0.8759803603192703 0.8269411584948688 0.8836550433295325 0.8582807388825542 0.9344250387685291 0.8383916510832383 0.9230296533637401 0.7999893660205245
0 0.8841333420752566 0.7495980262257697 0.8630973055872292 0.7695619464082099 0.8831502645381984 0.7953409007981755 0.9048413044469784 0.7765532280501711 0.8841333420752566 0.7495980262257697
0 0.8494579452679589 0.7026960524515394 0.8000324264538198 0.7296877571265679 0.8236768665906499 0.7571855427594071 0.8674903261117445 0.7291041163055872 0.8494579452679589 0.7026960524515394
0 0.9462307571265679 0.3595454948688711 0.9970182132269099 0.32481009122006843 0.9962513979475485 0.2808792839224629 0.9273340296465222 0.3319648380843786 0.9462307571265679 0.3595454948688711
0 0.7818322884834664 0.1634769692132269 0.7396255336374002 0.19568879703534778 0.7798868871151653 0.25615159863169895 0.8230590661345496 0.22481524287343216 0.7818322884834664 0.1634769692132269
0 0.699438465222349 0.037239462941847205 0.6718498882554162 0.056130076396807296 0.6937978380843786 0.08840976168757125 0.7222902656784493 0.06534492474344356 0.699438465222349 0.037239462941847205
0 0.24689561801596352 0.3485942212086659 0.23760116077537058 0.3606317023945268 0.2781304002280502 0.4365312417331813 0.29125877194982897 0.4282836761687571 0.24689561801596352 0.3485942212086659
0 0.22245149828962374 0.377525236031927 0.21079279247434435 0.3901993888255416 0.2462602953249715 0.44837050513112886 0.2567784127708096 0.4431392668187001 0.22245149828962374 0.377525236031927
0 0.20642536031927025 0.41224771835803875 0.1935378859749145 0.4225679578107184 0.20951656556442416 0.4531687525655644 0.21939340250855188 0.44468258608893957 0.20642536031927025 0.41224771835803875
0 0.3619425188141391 0.5419595758266819 0.3408726054732041 0.49185091448118584 0.3255571174458381 0.4992443329532497 0.34420058152793614 0.5464261459521095 0.3619425188141391 0.5419595758266819
0 0.11938652565564424 0.8365829475484607 0.0809327913340935 0.8455679247434436 0.09640653135689853 0.9153725655644241 0.1330531174458381 0.9076052485746864 0.11938652565564424 0.8365829475484607
0 0.30198616191562144 0.7823253797035349 0.2836282770809578 0.7856150205245154 0.29648021778791334 0.8412116909920183 0.31796853819840365 0.8357889669327252 0.30198616191562144 0.7823253797035349
0 0.1654738015963512 0.6184328871151653 0.11587368301026225 0.6353323534777651 0.12489112086659064 0.6755561037628278 0.1787237628278221 0.6663026841505131 0.1654738015963512 0.6184328871151653
0 0.12267354732041048 0.548511393386545 0.08706532383124288 0.5503206180159635 0.09017568985176738 0.5924289977194983 0.12661199201824402 0.589714558722919 0.12267354732041048 0.548511393386545
0 0.2587212565564424 0.5496997137970354 0.2475422234891676 0.5558332497149373 0.25330124401368304 0.579487905359179 0.26890532725199545 0.5765416898517675 0.2587212565564424 0.5496997137970354
0 0.2906075188141391 0.5728967548460662 0.28171443101482324 0.5397969190421893 0.27117050741163057 0.5482947309007982 0.27872243101482325 0.5725119327251995 0.2906075188141391 0.5728967548460662