0 0.6181520250855188 0.5905382497149373 0.5884774971493729 0.6019601140250855 0.6111584070695553 0.6518160615735462 0.642327086659065 0.6414087309007981 0.6181520250855188 0.5905382497149373
0 0.46565618586088936 0.2928082690992018 0.4181531904218928 0.3147925461801596 0.44293626681870013 0.3619991197263398 0.4894783432155074 0.3359453660205245 0.46565618586088936 0.2928082690992018
0 0.3313976978335234 0.07060619042189283 0.29716684264538196 0.07899824743443558 0.32125211630558725 0.13735579247434435 0.3554988494868871 0.12088753933865451 0.3313976978335234 0.07060619042189283
0 0 0.3310458289623717 0.09067908893956671 0.31013563740022804 0.07716292246294185 0.2633402896237172 0 0.28340478221208665 0 0.3310458289623717
0 0.8150163340935005 0.8164208449258837 0.7996368620296465 0.8177094230330673 0.805087244013683 0.8882286396807297 0.8204559304446978 0.8899292816419613 0.8150163340935005 0.8164208449258837
0 0.9224353477765109 0.8881771197263398 0.8800780034207525 0.9131188437856328 0.8933384971493729 0.9500751368301027 0.943705566704675 0.9202615849486887 0.9224353477765109 0.8881771197263398
0 0.861412740022805 0.9022500524515393 0.8501436305587229 0.9078211881413911 0.8583461881413911 0.9259567274800455 0.8697600182440137 0.9215642405929305 0.861412740022805 0.9022500524515393
0 0.8398254538198404 0.9162650330672748 0.8291458574686431 0.9217653603192703 0.8334558529076397 0.9367895917901938 0.846635574686431 0.9327784903078677 0.8398254538198404 0.9162650330672748
0 0.7170065701254276 0.7482933557582668 0.700738078677309 0.7520855017103762 0.7228186009122007 0.8199630125427595 0.7401301060433295 0.8100622839224629 0.7170065701254276 0.7482933557582668
0 0.7515552873432154 0.7278996647662486 0.7362483648802736 0.729779118586089 0.7597209019384265 0.7888132542759407 0.7690177571265678 0.7873726396807298 0.7515552873432154 0.7278996647662486
0 0.9820130193842646 0.5410776385404789 0.9364209749144812 0.5640221231470923 0.949240283922463 0.5878719908779931 0.9957922862029647 0.5657069521094641 0.9820130193842646 0.5410776385404789
0 1 0.5899531767388825 0.9552969612314709 0.6155448244013683 0.9670136522234891 0.6377354503990879 1 0.6174356419612315 1 0.5899531767388825
0 0.6841910034207526 0.5345729646522235 0.7089851744583808 0.5710104150513113 0.7397648198403648 0.5588577981755987 0.7138850592930445 0.5135789338654504 0.6841910034207526 0.5345729646522235
0 0.5480444994298745 0.44301383238312425 0.49988137058152793 0.46448095324971495 0.5187250353477765 0.4962651527936146 0.5640998095781071 0.4715511448118586 0.5480444994298745 0.44301383238312425
0 0.30860554389965794 0.4544669703534778 0.273435181299886 0.45519451995439 0.27222562029646524 0.4825631174458381 0.3126785895096922 0.4778952212086659 0.30860554389965794 0.4544669703534778
0 0.1618810969213227 0.46171470581527935 0.1667394663625998 0.4964109281641961 0.18071431698973775 0.49828585860889396 0.17858374800456098 0.46145850513112885 0.1618810969213227 0.46171470581527935
0 0.20650483580387685 0.47956574914481187 0.19260253477765107 0.47828169213226907 0.1941755644241733 0.5038115336374003 0.20874799315849488 0.4978348015963512 0.20650483580387685 0.47956574914481187
0 0.8710853067274801 0.421295677309008 0.8232131676168757 0.445119905359179 0.8394674777651083 0.47482920182440136 0.8889793990877993 0.4502054241733181 0.8710853067274801 0.421295677309008