0 0.3232350615735462 0.5357517217787914 0.3536063660205245 0.5291557685290764 0.3370572462941847 0.45760605017103767 0.3050303420752566 0.46862690763968073 0.3232350615735462 0.5357517217787914
0 0.3669831299885975 0.7485179486887116 0.40160018700114025 0.736651542759407 0.38997326111744585 0.6889413580387684 0.35620987115165337 0.6966657822120867 0.3669831299885975 0.7485179486887116
0 0.01498307069555302 0.7595951379703535 0.04783987229190422 0.7465103249714937 0.03888953591790194 0.7154743933865451 0.003499020524515393 0.7199042930444697 0.01498307069555302 0.7595951379703535
0 0.4128717343215507 0.9405371231470924 0.4463341220068415 0.9268690399087799 0.4316798483466363 0.8826690570125428 0.3973206636259977 0.8897892394526795 0.4128717343215507 0.9405371231470924
0 0.49175039680729765 0.7720740250855188 0.43851030672748004 0.7972736955530216 0.46109339452679593 0.8629903340935006 0.5181172964652223 0.8500320022805017 0.49175039680729765 0.7720740250855188
0 0.7148662314709235 0.8032851870011402 0.767993898517674 0.7846157993158496 0.7448378757126567 0.7177014800456101 0.6908388608893956 0.7408094606613455 0.7148662314709235 0.8032851870011402
0 0.5161764367160775 0.2564499110604333 0.5565062303306728 0.25715387115165333 0.5415588061573546 0.19572739680729762 0.5124579384264538 0.20590856670467503 0.5161764367160775 0.2564499110604333
0 0.6926131220068414 0.10691106841505132 0.7326704891676168 0.08920121892816418 0.7160518392246293 0.05565607411630559 0.678500181299886 0.07162814025085519 0.6926131220068414 0.10691106841505132
0 0.7547253386545041 0.8989969646522235 0.8055421037628278 0.8767241972633979 0.7935939726339795 0.8474158973774231 0.7445689156214367 0.873581464082098 0.7547253386545041 0.8989969646522235
0 0.8472424561003421 1 0.8682818312428734 0.9870859646522235 0.8416409543899658 0.9498028380843785 0.8113424435575827 0.9727306738882554 0.835315417331813 1 0.8472424561003421 1
0 0.4729702234891676 0.9983572930444697 0.5174509486887116 0.9991337069555303 0.5013269897377423 0.9711792976054732 0.4658875883694413 0.9880789931584949 0.4729702234891676 0.9983572930444697