0 0.7534726009122007 0.7074594218928164 0.7237450193842645 0.7528267126567845 0.7682966955530216 0.7819654868871152 0.8004480649942988 0.7414019441277081 0.7534726009122007 0.7074594218928164
0 0.9969694424173319 0.553901992018244 0.9641654754846066 0.5331755108323831 0.9224874789053592 0.5909859794754846 0.9649009179019384 0.6212471995438996 0.9969694424173319 0.553901992018244
0 0.9307055541619157 1 0.9518903477765108 0.9489184663625998 0.9068550889395667 0.9346794880273661 0.8852452405929305 1 0.9307055541619157 1
0 0.39379159635119726 0.6274286180159635 0.3774470114025085 0.6556775484606614 0.4302969817559863 0.6796325815279362 0.4480639258836944 0.6469035142531357 0.39379159635119726 0.6274286180159635
0 0 0.5712789464082099 0.033686773090079815 0.600834803876853 0.07642177194982896 0.534170645381984 0.023931858608893956 0.5033453534777651 0 0.561274086659065 0 0.5712789464082099
0 0.15344719840364882 0.9023235735461801 0.17760711174458382 0.9178436499429875 0.20674167502850627 0.8724468460661345 0.18192839908779931 0.8580785279361459 0.15344719840364882 0.9023235735461801
0 0.19916390763968073 0.892244574686431 0.22160543785632839 0.9064885952109464 0.2495231356898518 0.8616210182440136 0.22971612770809577 0.8481597012542759 0.19916390763968073 0.892244574686431
0 0.2459064070695553 0.9873571744583808 0.2524566054732041 0.975821677309008 0.2221485997719498 0.9528493078677309 0.2002496590649943 0.9849769236031927 0.2459064070695553 0.9873571744583808
0 0.40278182098061577 0.7508542189281642 0.41238984150513114 0.7376968437856329 0.3053105370581528 0.7047616716077536 0.29970725769669326 0.7208889589509692 0.40278182098061577 0.7508542189281642
0 0.2464562246294185 0.602481929304447 0.28210073888255416 0.6257324082098062 0.3034681562143672 0.5924018893956671 0.2604830022805017 0.5674070273660206 0.2464562246294185 0.602481929304447
0 0.025336165336374002 0.4198246989737742 0.10092315279361459 0.4297254355758267 0.11386067502850628 0.38704247434435574 0.03374911516533637 0.37274579133409347 0.025336165336374002 0.4198246989737742
0 0.12354012542759407 0.4065570513112885 0.15736856898517673 0.4077353614595211 0.16313500114025087 0.37714992474344355 0.12350141163055872 0.3732906864310148 0.12354012542759407 0.4065570513112885
0 0.2290780205245154 0.502968858608894 0.23587664994298746 0.4866929897377423 0.1840366567844926 0.4661564378563284 0.1713319692132269 0.481676858608894 0.2290780205245154 0.502968858608894
0 0.17261270125427594 0.343789290763968 0.23590167502850629 0.35007582098061574 0.2378915724059293 0.3234512884834664 0.17937716419612315 0.3168204184720639 0.17261270125427594 0.343789290763968
0 0.2554562542759407 0.1925067229190422 0.23330652223489168 0.21807472291904217 0.2857425473204105 0.24992829190421895 0.3039148893956671 0.21516609350057012 0.2554562542759407 0.1925067229190422
0 0.253925740022805 0.30112548004561 0.27485551197263397 0.26480076510832384 0.20338337742303306 0.23313868643101482 0.17997633523375142 0.2656801277080958 0.253925740022805 0.30112548004561
0 0.7876426727480045 0.588669322690992 0.8487863762827823 0.6245450661345496 0.854836944127708 0.6111981242873432 0.7968852896237172 0.5768117936145952 0.7876426727480045 0.588669322690992
0 0.9342842748004561 0.47933943101482324 0.9194655222348916 0.48984859179019385 0.9856120923603192 0.5323687080957811 0.9952123443557583 0.5193595678449259 0.9342842748004561 0.47933943101482324
0 1 0.49403723945267963 0.9613925085518814 0.466964645381984 0.953914881413911 0.4791790969213227 0.9994218722919042 0.5071068358038768 1 0.5024581995438997 1 0.49403723945267963
0 0.8705766031927024 0.08396807411630558 0.8465921835803878 0.1331990456100342 0.8778402998859749 0.1552803329532497 0.9048163534777651 0.1000179771949829 0.8705766031927024 0.08396807411630558
0 1 0.08747505701254277 0.999431621436716 0.08715681984036489 0.9833389384264538 0.1162716818700114 1 0.13083993728620297 1 0.08747505701254277
0 0.6198529863169898 0.17121109007981758 0.5889084583808438 0.2171091676168757 0.6256946522234891 0.23559255074116306 0.6568710535917902 0.1909724218928164 0.6198529863169898 0.17121109007981758
0 0.3445458551881414 0.05818210034207526 0.3812179384264538 0.07317034663625997 0.40246270125427597 0.042210093500570124 0.3654756271379704 0.021857385404789053 0.3445458551881414 0.05818210034207526
0 0.519457046750285 0.49858354846066133 0.5438667628278221 0.5206522371721779 0.5675127844925884 0.4892232645381984 0.5404829726339795 0.47176908779931587 0.519457046750285 0.49858354846066133