0 0 0.20267296693272518 0.0871954732041049 0.1559783511972634 0.05805025313568985 0.08695971151653363 0 0.11791997605473203 0 0.20267296693272518
0 0.20214147320410492 0.027915344355758268 0.19321255302166476 0.010408481185860888 0.12971844355758266 0.012625744583808437 0.14962668072976054 0.05527099885974914 0.20214147320410492 0.027915344355758268
0 0.2739081904218928 0.398744433295325 0.27410825085518814 0.38746026453819843 0.19500426795895098 0.37645956442417333 0.1910338882554162 0.39036128506271384 0.2739081904218928 0.398744433295325
0 0.16126820296465222 0.5077325290763968 0.23333714937286204 0.4618878700114025 0.22514699543899658 0.44852337286202965 0.15272302736602053 0.49275287685290764 0.16126820296465222 0.5077325290763968
0 0.4374308745724059 0.7770524036488028 0.46254625085518813 0.7476845621436716 0.40537382440136827 0.6841958631698973 0.37577190193842647 0.712729149372862 0.4374308745724059 0.7770524036488028
0 0.024788314709236033 0.818763205245154 0.04241761801596351 0.8472324811858608 0.09497379703534777 0.8210620421892817 0.07832427480045609 0.7866236864310148 0.024788314709236033 0.818763205245154
0 0.7125996362599772 0.9668710342075256 0.7006765518814139 0.9316750786773089 0.642063086659065 0.9545189509692132 0.6509340718358039 0.9874247149372862 0.7125996362599772 0.9668710342075256
0 0.520017196123147 0.998359685290764 0.5597742132269099 0.996971338654504 0.5275574857468643 0.9590882337514253 0.49581880387685295 0.9774273819840364 0.520017196123147 0.998359685290764
0 0.6532250262257696 0.5766163831242873 0.6221135108323832 0.5533692485746864 0.5787245963511972 0.5953653329532498 0.6064838836944128 0.616234259977195 0.6532250262257696 0.5766163831242873
0 0.7818659224629418 0.5175190057012543 0.7660789486887115 0.49076772976054733 0.7274309122006841 0.515406535917902 0.7477255005701254 0.5436404640820981 0.7818659224629418 0.5175190057012543
0 0.8816655940706956 0.5342134047890535 0.8941972109464082 0.5017250159635119 0.86176265336374 0.4831237605473204 0.8479613044469784 0.521739881413911 0.8816655940706956 0.5342134047890535
0 0.7129438004561003 0.7045163922462941 0.711059937286203 0.6505695872291904 0.6647191277080957 0.6591186282782212 0.6649000159635119 0.7067866659064994 0.7129438004561003 0.7045163922462941
0 0.8060510843785632 0.8698286362599772 0.8324567901938427 0.8433847309007982 0.8049813899657924 0.8051703295324971 0.7746290171037629 0.8376884834663626 0.8060510843785632 0.8698286362599772
0 0.42108427137970356 0.5301177787913341 0.48830290535917903 0.583562251995439 0.5175513876852907 0.5534590935005701 0.4426807628278221 0.5020610433295325 0.42108427137970356 0.5301177787913341
0 0.5184831311288484 0.6311801721778791 0.5718066624857469 0.5758995952109464 0.5358545347776511 0.5416787719498289 0.48014041049030787 0.5880029486887115 0.5184831311288484 0.6311801721778791
0 0.5933793397947549 0.08785097491448118 0.6057110992018243 0.11769190649942987 0.6398225712656785 0.09924801026225769 0.6279131448118587 0.07299452565564424 0.5933793397947549 0.08785097491448118
0 0.5550438129988597 0.11293227023945268 0.539725953249715 0.08260150285062715 0.5040882576966933 0.09987295096921323 0.5236425575826682 0.13242753363740023 0.5550438129988597 0.11293227023945268
0 0.5050358426453819 0.8245469566704675 0.4869997366020525 0.8524809236031927 0.5265686545039908 0.88823896009122 0.5465455655644242 0.8563364036488027 0.5050358426453819 0.8245469566704675
0 0.9811843352337514 0.6619102280501711 0.9871526681870011 0.6456764218928165 0.9360629635119727 0.6202689498289624 0.9284815051311288 0.6328865370581528 0.9811843352337514 0.6619102280501711