0 0.02862745952109464 0.30457996351197264 0.014852964652223489 0.3926319270239452 0.02699877993158495 0.39862201368301026 0.051911351197263395 0.31091888939566703 0.02862745952109464 0.30457996351197264
0 0.2186355017103763 0.489705228050171 0.24768801368301024 0.4989832348916762 0.2712767035347777 0.4461048323831243 0.24251250855188142 0.4287188095781072 0.2186355017103763 0.489705228050171
0 0.5853373386545041 0.3680335359179019 0.6497785712656785 0.3944699007981756 0.6660604903078677 0.3595284150513113 0.5974792269099202 0.3304711277080958 0.5853373386545041 0.3680335359179019
0 0.7622429179019384 0.08667880843785633 0.7730161322690993 0.043710612314709234 0.7374520855188141 0.03679766248574686 0.7294500980615736 0.07486076282782213 0.7622429179019384 0.08667880843785633
0 0.7004831003420752 0.12427427708095781 0.6938957377423033 0.15505156328392247 0.7430142440136831 0.1700430022805017 0.7565821037628279 0.1412274481185861 0.7004831003420752 0.12427427708095781
0 0.5821618460661345 0.21317461573546181 0.5763212816419613 0.25256514937286206 0.6122392189281642 0.2583371630558723 0.6215646476624858 0.21901756442417333 0.5821618460661345 0.21317461573546181
0 0.8299768631698974 0.31094374572405925 0.7903165518814139 0.3002102462941847 0.7843611619156214 0.34018332269099205 0.8214595210946408 0.34890667046750284 0.8299768631698974 0.31094374572405925
0 0.8306402428734322 0.3044192006841505 0.8638713911060434 0.31087868072976055 0.8719190273660206 0.2806876727480046 0.8430725815279361 0.25602730672748003 0.8306402428734322 0.3044192006841505
0 0.8336852394526797 0.15802777765108325 0.8149887423033068 0.23242246978335235 0.8281721037628278 0.23619478221208665 0.8489406259977196 0.1573639464082098 0.8336852394526797 0.15802777765108325
0 0.8587183204104902 0.060369431014823255 0.8433164766248575 0.1302616111744584 0.8609835051311289 0.13157871379703534 0.87498582668187 0.0638339441277081 0.8587183204104902 0.060369431014823255
0 0.9736191482326112 0.5929090444697833 0.944046125427594 0.573853645381984 0.915240503990878 0.6099899475484607 0.9492512029646522 0.6311176727480046 0.9736191482326112 0.5929090444697833
0 0.8888197901938426 0.6774378472063853 0.8452376020524515 0.6526350250855187 0.8255814059293045 0.6790589908779932 0.874087197263398 0.7096577685290764 0.8888197901938426 0.6774378472063853
0 0.8048291459521094 0.6115129498289624 0.7722286237172178 0.5924739270239453 0.7521180216647662 0.6212274264538199 0.7887835883694413 0.638032298745724 0.8048291459521094 0.6115129498289624
0 0.7338134150513113 0.7247317206385404 0.763872362599772 0.7475107525655644 0.7931912725199544 0.7090531778791335 0.7612270672748005 0.6895329783352337 0.7338134150513113 0.7247317206385404
0 0.5353999122006842 0.6934223990877993 0.5746234287343216 0.7095147594070697 0.5934920923603193 0.6675137058152794 0.5559133204104902 0.6532532075256556 0.5353999122006842 0.6934223990877993
0 0.7494321619156215 0.7906734526795896 0.729566055872292 0.8212890661345497 0.7915130148232612 0.8605491710376283 0.8140355199543899 0.8256110068415051 0.7494321619156215 0.7906734526795896
0 0.8900301835803877 0.21676430444697833 0.8545970433295326 0.21229784492588372 0.8470705849486887 0.24168286431014824 0.882579622576967 0.24918998517673888 0.8900301835803877 0.21676430444697833
0 0.17656133979475483 0.3357532565564424 0.16554022805017102 0.4080107149372862 0.1797596031927024 0.4095649543899658 0.19311178107183583 0.33776220182440136 0.17656133979475483 0.3357532565564424
0 0.05899698403648803 0.6697734355758267 0.08118383580387685 0.6801347537058152 0.08796790877993159 0.663912416191562 0.067511669327252 0.6508631801596351 0.05899698403648803 0.6697734355758267
0 0.04077538084378563 0.6390126795895097 0.03366780615735462 0.6600110376282783 0.05621283922462942 0.6683249589509692 0.0635614503990878 0.6525147879133408 0.04077538084378563 0.6390126795895097
0 0.5759962212086659 0.9608013568985176 0.6230789703534777 0.8804335860889396 0.6135883181299886 0.8701191163055872 0.5603026944127708 0.9450487194982896 0.5759962212086659 0.9608013568985176
0 0.4743562223489167 0.20129227251995438 0.5119281322690993 0.21343441619156214 0.5238270581527936 0.17401019156214367 0.4861579361459521 0.16547992018244012 0.4743562223489167 0.20129227251995438
0 0.38597288597491447 0.3758538734321551 0.4188802337514253 0.3870909110604333 0.4281425153933865 0.3559246898517674 0.39758046750285064 0.3472637377423033 0.38597288597491447 0.3758538734321551
0 0.7204477388825542 0.8152826031927024 0.7052401379703535 0.8032535997719498 0.6694925108323831 0.8646544880273661 0.6817500068415052 0.8742954606613454 0.7204477388825542 0.8152826031927024
0 0.7268248916761688 0.7886984971493729 0.7168836499429875 0.8024925541619157 0.7284299863169896 0.813507448118586 0.7378229361459521 0.7974897936145953 0.7268248916761688 0.7886984971493729
0 0.2584593614595211 0.8077425324971494 0.2728247833523375 0.8147689304446979 0.2781032953249715 0.8000685290763969 0.26735362257696693 0.791023078677309 0.2584593614595211 0.8077425324971494
0 0.2343269771949829 0.782487921322691 0.2308148985176739 0.8005559965792475 0.24726902052451538 0.8061722143671607 0.2511209771949829 0.7863556157354618 0.2343269771949829 0.782487921322691
0 0.7176171721778792 0.5528251094640821 0.7723554150513112 0.5731429555302167 0.7905077297605473 0.5361455838084379 0.7385998289623718 0.5133535860889396 0.7176171721778792 0.5528251094640821