0 0.4011898175598632 0.40801804446978335 0.41364035005701255 0.3787602109464082 0.36364455530216644 0.3528245210946408 0.3521557936145952 0.38361100342075255 0.4011898175598632 0.40801804446978335
0 0.6822382177879133 0.5882605974914481 0.7058669327251995 0.5415537799315849 0.6635874948688711 0.5162406716077537 0.6359253181299885 0.56184513340935 0.6822382177879133 0.5882605974914481
0 0.9136665142531357 0.71740234663626 0.9232480992018244 0.6834852223489168 0.8738384982896237 0.6576439589509692 0.8561850832383124 0.6912950957810718 0.9136665142531357 0.71740234663626
0 0.7011728289623718 1 0.7217587434435576 0.9308388015963512 0.6754636088939566 0.9156977343215508 0.652898274800456 1 0.7011728289623718 1
0 0.1929412919042189 0.18945776966932723 0.1947658221208666 0.17413263740022805 0.12149200342075256 0.16613094754846067 0.12265524971493728 0.18154962371721778 0.1929412919042189 0.18945776966932723
0 0.10039734777651083 0.10573588939566704 0.1268021277080958 0.06427480273660205 0.09547952793614595 0.04189780843785632 0.06392635233751426 0.09119371835803876 0.10039734777651083 0.10573588939566704
0 0.10464708209806158 0.135836913340935 0.11060811060433295 0.12476909806157355 0.09159700342075257 0.11575285062713797 0.0868088551881414 0.12700643215507412 0.10464708209806158 0.135836913340935
0 0.08997859179019385 0.15633524971493729 0.09584828164196123 0.14585411858608893 0.07958255416191562 0.138471834663626 0.07511392930444698 0.15150354275940706 0.08997859179019385 0.15633524971493729
0 0.2550737194982896 0.29058654846066134 0.2594313181299886 0.27446031128848347 0.19850701710376284 0.249195157354618 0.188008157354618 0.26615058608893954 0.2550737194982896 0.29058654846066134
0 0.2786058061573546 0.25587637514253136 0.2810183181299886 0.24064436944127707 0.22219100456100344 0.2211169600912201 0.22042681185860888 0.23035787571265678 0.2786058061573546 0.25587637514253136
0 0.45124774914481186 0.06161054161915622 0.47576939566704674 0.016847020524515394 0.45163597605473205 0.0022165974914481186 0.42785979817559866 0.04796669327251995 0.45124774914481186 0.06161054161915622
0 0.3975642337514253 0 0.37864699657924744 0.028463941847206384 0.40041519726339797 0.04094793728620297 0.42579442075256557 0 0.3975642337514253 0
0 0.4363263204104903 0.28866390649942986 0.47187627023945267 0.3147146214367161 0.493893818700114 0.2857713352337514 0.4495457274800456 0.25832713112884836 0.4363263204104903 0.28866390649942986
0 0.5354932690992018 0.5013581539338654 0.5586281824401369 0.4539735564424173 0.5306685758266819 0.4369320889395667 0.5043860661345496 0.48141671607753705 0.5354932690992018 0.5013581539338654
0 0.5368711881413911 0.7279904903078678 0.5388257217787914 0.6928669429874572 0.5155538905359179 0.6879787445838084 0.5094770490307868 0.7282441641961231 0.5368711881413911 0.7279904903078678
0 0.4919562611174459 0.8331827776510832 0.5264617913340935 0.8392490684150513 0.5273007514253136 0.8225655336374003 0.49057018700114025 0.8191510057012543 0.4919562611174459 0.8331827776510832
0 0.5109770604332954 0.807968165336374 0.5101789692132269 0.79402951995439 0.491999330672748 0.7911501482326111 0.4855176704675028 0.8055051140250855 0.5109770604332954 0.807968165336374
0 0.5661266396807297 0.1788990125427594 0.5916070684150513 0.1318874891676169 0.5633394275940707 0.11299536259977196 0.5370027092360319 0.16161776510832382 0.5661266396807297 0.1788990125427594