0 0.13402076054732043 0.5627729475484606 0.10681650969213227 0.5848267662485747 0.13512775712656783 0.6276649076396807 0.1657710889395667 0.610832054732041 0.13402076054732043 0.5627729475484606
0 0.16549341847206386 1 0.17476598517673889 0.9873617844925884 0.14564895667046748 0.9637573329532497 0.12257729076396806 1 0.16549341847206386 1
0 0.24652499885974916 1 0.28603026111744584 0.9397505575826682 0.2559068278221209 0.9187643660205245 0.20472473774230332 1 0.24652499885974916 1
0 0.7752151493728621 0.038515516533637405 0.7790596248574686 0.0801086385404789 0.8156928312428734 0.07540413340935005 0.8128748472063855 0.039091858608893956 0.7752151493728621 0.038515516533637405
0 0.8878346123147092 0.12717755644241732 0.8834064766248575 0.15892610718358038 0.9196294401368301 0.16457446636259976 0.9261306784492588 0.12947185062713798 0.8878346123147092 0.12717755644241732
0 0.8604387502850627 0.1591613158494869 0.8534086316989739 0.12299448802736603 0.8215330912200683 0.13348817673888255 0.8277582348916762 0.165513763968073 0.8604387502850627 0.1591613158494869
0 0.6193779087799316 0.8444883420752565 0.5962986898517674 0.8721884948688712 0.609048898517674 0.8848173557582668 0.6312527993158494 0.8557258460661346 0.6193779087799316 0.8444883420752565
0 0.6379671961231471 0.865341661345496 0.6179763842645382 0.8933551493728621 0.6302737183580388 0.9036541790193843 0.6502564811858609 0.8755992782212086 0.6379671961231471 0.865341661345496
0 0.5172310558722919 0.9763865974914482 0.5541898403648803 0.935966905359179 0.5423623523375143 0.9249732759407069 0.49971719954389965 0.9610577023945268 0.5172310558722919 0.9763865974914482
0 1 0.7296010741163056 0.9984291288483467 0.7257395849486887 0.967135236031927 0.7361138460661345 0.9764753397947549 0.7717011345496009 1 0.7618046408209806 1 0.7296010741163056
0 0.7670396123147093 0.9218087548460662 0.7488212405929304 0.946477275940707 0.7632105963511973 0.9581953899657925 0.8002180125427594 0.9491761470923602 0.7670396123147093 0.9218087548460662
0 0.702010992018244 0.09810650741163056 0.6503598848346637 0.09721913797035348 0.6464220547320411 0.11435089509692133 0.7045010501710377 0.11091674230330673 0.702010992018244 0.09810650741163056
0 0 0.42030959635119725 0.021749401368301023 0.4151407251995439 0.020218117445838086 0.40103945267958946 0 0.4049694561003421 0 0.42030959635119725