0 0.3035149042189282 0.8613812816419613 0.268341102622577 0.8618041345496009 0.2576601676168757 0.932311535917902 0.2967515997719498 0.9344663728620297 0.3035149042189282 0.8613812816419613
0 0.4264921961231471 0.857463535917902 0.43474514937286207 0.7901117708095782 0.4017718072976055 0.7885413067274801 0.38676772291904216 0.8563953751425314 0.4264921961231471 0.857463535917902
0 0.13593611630558725 0.26991063397947546 0.10153928620296465 0.26322456784492587 0.094061661345496 0.30169361687571267 0.1308956488027366 0.3034080592930445 0.13593611630558725 0.26991063397947546
0 0.26387511060433294 0.17199225883694413 0.2734886259977195 0.11942326339794754 0.2475124446978335 0.1192129087799316 0.23776926111744584 0.1693372474344356 0.26387511060433294 0.17199225883694413
0 0.15542495096921322 0.04203474344355758 0.11966677537058153 0.042344007981755985 0.11484584834663626 0.07648897035347776 0.14926711402508552 0.08287735575826682 0.15542495096921322 0.04203474344355758
0 0.49780846522234895 0.3940843033067275 0.4644967787913341 0.394262661345496 0.46226491106043327 0.41197631242873434 0.49653633637400224 0.4107747833523375 0.49780846522234895 0.3940843033067275
0 0.5001054321550741 0.3667086795895097 0.4688660684150513 0.3624493603192702 0.468413945267959 0.386557590649943 0.5019989578107183 0.3873396567844926 0.5001054321550741 0.3667086795895097
0 0.06178381984036488 0.42727958152793616 0.0823668494868871 0.42099784492588366 0.07493154846066134 0.40322126795895097 0.053911722919042185 0.41486186659065 0.06178381984036488 0.42727958152793616
0 0.09081737286202964 0.4117529270239453 0.09776674914481186 0.42580587229190425 0.11752283238312429 0.41422205929304445 0.11349033865450399 0.40406284378563284 0.09081737286202964 0.4117529270239453
0 0.21661532155074115 0.4120110490307868 0.22945727023945267 0.4175315872291904 0.23508343899657924 0.3835431470923603 0.21748602964652225 0.37951769327251994 0.21661532155074115 0.4120110490307868
0 0.5028083819840364 0.3496914606613455 0.5110473511972634 0.3228643911060433 0.4710959942987457 0.32296344469783356 0.46588482098061573 0.34977260319270237 0.5028083819840364 0.3496914606613455