0 0.5414947787913341 0.857793441277081 0.5189004275940707 0.8073206043329533 0.46099826111744585 0.8403725712656784 0.48514139224629416 0.8847042417331813 0.5414947787913341 0.857793441277081
0 0.2981752120866591 0.917475685290764 0.2741783990877993 0.891847748004561 0.2346412542759407 0.9304373568985177 0.25993254047890535 0.953829905359179 0.2981752120866591 0.917475685290764
0 0.8543547343215507 0.8572096157354618 0.8523430877993159 0.8239976225769668 0.8017333671607755 0.8314023534777651 0.8087172576966933 0.8635409635119726 0.8543547343215507 0.8572096157354618
0 0.7266438700114025 0.5317518859749145 0.714632134549601 0.4966448722919042 0.649090645381984 0.5309596419612315 0.6601647776510833 0.5621443854047891 0.7266438700114025 0.5317518859749145
0 0.7162133409350057 0.3512177297605473 0.668228189281642 0.36137136031927025 0.6758035701254276 0.39345822234891675 0.720986378563284 0.38533625085518813 0.7162133409350057 0.3512177297605473
0 0.6860631391106043 0.2620687537058153 0.6761668323831244 0.22729739566704676 0.6360762257696693 0.2391412793614595 0.6499816510832384 0.27543777309007983 0.6860631391106043 0.2620687537058153
0 0.8051074971493729 0.06949806499429875 0.7980609247434436 0.03323672862029647 0.7661737366020523 0.03662251425313569 0.7692756647662486 0.07207770581527936 0.8051074971493729 0.06949806499429875
0 0.6486528015963512 0.28409277537058153 0.6372136077537057 0.2521416202964652 0.5944545245153935 0.27434186088939566 0.6110054903078678 0.3068323603192702 0.6486528015963512 0.28409277537058153
0 0.7788354515393386 0.3414586545039909 0.7770669452679589 0.30421324629418467 0.7409342713797035 0.3067784275940707 0.7386382337514253 0.3486597879133409 0.7788354515393386 0.3414586545039909
0 0.9706120900798176 0.2819207833523375 0.9820655952109464 0.27317833979475487 0.9780774025085518 0.2275930935005701 0.9511780832383124 0.2437270433295325 0.9706120900798176 0.2819207833523375
0 0.2682771858608894 0.9810844583808438 0.30775404218928165 0.9452120057012543 0.2931244127708096 0.9312762189281641 0.2571878244013683 0.9701452702394527 0.2682771858608894 0.9810844583808438