0 0.47242329874572403 0 0.4747977628278221 0.020642287343215507 0.5221513694412772 0.009018225769669328 0.5203984036488027 0 0.47242329874572403 0
0 0.9069126830102623 0.10843034891676169 0.8792848950969213 0.112590921322691 0.8819682884834663 0.1544097354618016 0.8831549247434436 0.15569123375142532 0.9117023911060433 0.14863001140250856 0.9069126830102623 0.10843034891676169
0 0.9171433523375142 0.8582912405929304 0.9757514629418471 0.8547621961231471 0.9720018825541619 0.7950031459521094 0.9708814994298746 0.7937103614595211 0.9107373728620296 0.7942096362599772 0.9171433523375142 0.8582912405929304
0 0.9451734241733182 0.921555188141391 0.9655774652223489 0.9175890433295325 0.9632261573546179 0.8850205701254277 0.9522991322690992 0.8835153899657925 0.9451734241733182 0.921555188141391
0 0.9069834526795895 0.927405922462942 0.9253506898517674 0.9254083363740023 0.9177412246294185 0.8769257799315849 0.8969957719498289 0.8791436989737742 0.9069834526795895 0.927405922462942
0 0.8770037035347776 0.5303914287343215 0.8570515974914481 0.5366907685290764 0.8482289555302166 0.6061503762827822 0.8658688848346637 0.6069539714937287 0.8770037035347776 0.5303914287343215
0 0.8157307423033067 0.6166998392246295 0.8301263363740023 0.6253956088939566 0.8361404230330673 0.5159545131128848 0.8224801915621436 0.5113530273660205 0.8157307423033067 0.6166998392246295
0 0.7785988050171038 0.6124267502850627 0.7925736830102623 0.6127346248574685 0.8027078244013683 0.5061218494868871 0.7898970946408209 0.5055876875712657 0.7785988050171038 0.6124267502850627
0 0.10801305815279362 0.7669683454960092 0.21084471037628277 0.769966283922463 0.20765872177879136 0.7134260205245154 0.1021234732041049 0.7148868084378563 0.10801305815279362 0.7669683454960092
0 0.09907425313568985 0.6120463466362599 0.11470227251995438 0.6084037035347777 0.10630328848346637 0.5607399635119726 0.08709661915621437 0.5659855188141392 0.09907425313568985 0.6120463466362599
0 0.05886538768529076 0.6168378426453819 0.07564117901938427 0.6159964116305586 0.06905144697833523 0.5697955769669327 0.047339393386545046 0.5731086784492588 0.05886538768529076 0.6168378426453819
0 0.052493094640820984 0.6743287537058152 0.06635651197263398 0.6740550216647663 0.06622858722919042 0.6392986704675029 0.04801051197263398 0.6419326111744584 0.052493094640820984 0.6743287537058152
0 0.06150768871151653 0.7300400741163056 0.0745595496009122 0.7287111835803877 0.06982015621436717 0.685781449258837 0.05513158380843786 0.681679102622577 0.06150768871151653 0.7300400741163056
0 0.07077268643101482 0.8461874321550741 0.09080562941847208 0.8465274652223489 0.08623056898517673 0.7842085792474345 0.06493346864310148 0.7850215689851768 0.07077268643101482 0.8461874321550741
0 0.09692609122006841 1 0.09870175712656784 0.9650579258836944 0.08167444925883693 0.9614117742303308 0.08911389623717218 1 0.09692609122006841 1
0 0.014987404789053593 0.6187133637400228 0.03222582782212086 0.6105236510832384 0.024706201824401367 0.5657132953249715 0.005244221208665906 0.5685890273660206 0.014987404789053593 0.6187133637400228
0 0.6261014435575827 0.14849622120866593 0.6367419965792475 0.14098573204104903 0.6316157103762827 0.09389556898517673 0.6190625530216648 0.09361377194982896 0.6261014435575827 0.14849622120866593