0 0.8005648072976055 0.47485323603192703 0.7386857582668187 0.48245102850627136 0.746347362599772 0.5156176579247435 0.8103666282782213 0.5059624526795895 0.8005648072976055 0.47485323603192703
0 0.8682345610034207 0.5485211014823261 0.7948484036488027 0.5647134458380844 0.7992532462941847 0.6054600364880274 0.8725585324971494 0.5934682348916761 0.8682345610034207 0.5485211014823261
0 1 0.46941869327251995 0.9813374161915622 0.3174241448118586 0.8751091049030787 0.33166375940706955 0.9115665359179019 0.5019131664766249 1 0.48533180045610036 1 0.46941869327251995
0 0.33492316647662485 0.5314286316989738 0.25587109806157354 0.5453240421892817 0.2595521527936146 0.5801758392246295 0.34177991790193846 0.5628994583808438 0.33492316647662485 0.5314286316989738
0 0.2652594675028506 0.5974260604332953 0.2573084241733181 0.5619021345496009 0.18541086202964652 0.5707300456100343 0.19541776738882555 0.6083943785632839 0.2652594675028506 0.5974260604332953
0 0.4870541596351197 0.6108823261117445 0.41028547890535916 0.6238991619156214 0.4625004663625998 0.7275899019384265 0.5070718415051311 0.720321023945268 0.4870541596351197 0.6108823261117445
0 0.391813094640821 0.9265516191562144 0.3343385005701254 0.9407886932725199 0.3455776465222349 0.9884760022805017 0.40009517331813 0.9793876818700115 0.391813094640821 0.9265516191562144
0 0.06731094640820981 0.9681900992018244 0.16020865336374004 0.9549890684150513 0.14725387571265677 0.9201251755986317 0.05964934207525655 0.9350234697833524 0.06731094640820981 0.9681900992018244
0 0.21147657012542762 0.6758337366020525 0.22024291106043328 0.7082665119726339 0.27321147776510835 0.7011661562143672 0.26557364766248576 0.6633211322690992 0.21147657012542762 0.6758337366020525
0 0.8406644139110605 0.9037507616875713 0.849566961231471 0.9421520513112884 0.9047579794754846 0.9287919988597491 0.89662965336374 0.891824228050171 0.8406644139110605 0.9037507616875713
0 0.6610112383124288 0.7121905518814139 0.662726197263398 0.7359146374002281 0.7143712063854049 0.7277788004561004 0.7103697582668187 0.7049336704675028 0.6610112383124288 0.7121905518814139