0 0.7001584868871151 0.7409326545039909 0.7453128198403649 0.7480843979475484 0.7629008095781072 0.6990350114025086 0.7106168608893957 0.6837506362599772 0.7001584868871151 0.7409326545039909
0 0.01531864652223489 0.9112548608893957 0.07487676396807298 0.9248896716077537 0.08532924515393386 0.8943234777651083 0.020946620296465223 0.8757212303306727 0.01531864652223489 0.9112548608893957
0 0.05283456100342075 0.6832382554161915 0.12377346864310149 0.6958739236031927 0.1441127810718358 0.5940252041049031 0.08405179931584948 0.5747058061573547 0.05283456100342075 0.6832382554161915
0 0 0.5228773249714938 0.026015278221208665 0.5248853968072976 0.04583790877993159 0.4705865803876853 0.0014672862029646522 0.4593556522234892 0 0.4686197331812999 0 0.5228773249714938
0 0.6595694595210946 0.377263574686431 0.7438280342075256 0.4032171755986317 0.764801677309008 0.3505007115165336 0.672114834663626 0.3246138358038768 0.6595694595210946 0.377263574686431
0 0.46533052109464085 0.35490419156214364 0.5562153614595211 0.383308921322691 0.562198558722919 0.3632415872291905 0.47650088597491447 0.32865501254275936 0.46533052109464085 0.35490419156214364
0 0.4790984310148233 0.31225475598631697 0.5871230159635119 0.3475774686431015 0.5917373397947548 0.3272933261117446 0.48897014481185863 0.2942049338654504 0.4790984310148233 0.31225475598631697
0 0.5259937662485747 0.2818556009122007 0.5931838734321551 0.3093107172177879 0.5991670718358039 0.2892433842645382 0.5311109532497149 0.26725604903078676 0.5259937662485747 0.2818556009122007
0 0.3973976545039909 0.15501777765108324 0.4488155917901938 0.17576993500570123 0.45321513911060435 0.15685182440136833 0.4011475096921323 0.140201661345496 0.3973976545039909 0.15501777765108324
0 0.38716173660205244 0.18421663968072977 0.4387962394526796 0.20360146408209806 0.4439149692132269 0.18900215621436714 0.391128157354618 0.16803319156214366 0.38716173660205244 0.18421663968072977
0 0.24487720980615738 0.3297944903078677 0.3695371345496009 0.36635035005701255 0.3789057411630559 0.3426174823261117 0.2544623819840365 0.304694291904219 0.24487720980615738 0.3297944903078677
0 0.10374684036488027 0.7951191938426454 0.014610169897377423 0.7695905336374002 0.014235380843785634 0.7833434116305587 0.09333777765108324 0.81148769327252 0.10374684036488027 0.7951191938426454
0 0.09404298631698975 0.8260127776510832 0.06318235461801597 0.8121155758266819 0.05762224515393387 0.8244476111744584 0.08493614937286202 0.834179322690992 0.09404298631698975 0.8260127776510832
0 0.28621238540478905 0.292110850627138 0.29146513797035345 0.27412835575826683 0.25933719954389967 0.26063158380843787 0.2538363523375143 0.2801804914481186 0.28621238540478905 0.292110850627138