0 0.5963743591790194 0.2868398654503991 0.5597581710376283 0.2885119726339795 0.5650441470923603 0.3437526636259977 0.6029130228050171 0.34384106499429873 0.5963743591790194 0.2868398654503991
0 0.4528994823261117 0.5706572497149373 0.459694086659065 0.6274192816419613 0.5145945963511973 0.6232165553021665 0.5093082759407069 0.5742139794754846 0.4528994823261117 0.5706572497149373
0 0.4525792964652223 0.752832606613455 0.45880743671607754 0.8066804321550741 0.49715913797035344 0.8076968825541618 0.4901376499429875 0.7497676351197263 0.4525792964652223 0.752832606613455
0 0.6639490877993159 0.9616249521094641 0.7388064549600912 0.960384323831243 0.7412158517673888 0.9057950684150514 0.6608842508551882 0.9053476533637401 0.6639490877993159 0.9616249521094641
0 0.6759649418472063 0.5436337947548461 0.6821650832383125 0.5817542565564424 0.7153907126567844 0.5860019247434435 0.7122279441277082 0.5432400661345496 0.6759649418472063 0.5436337947548461
0 0.05308977879133409 0.5763729897377423 0.053831524515393386 0.5895405701254275 0.1306139589509692 0.5826284218928164 0.1251743865450399 0.5702275644241733 0.05308977879133409 0.5763729897377423
0 0.06499357810718358 0.5534890079817559 0.07040388939566705 0.56574751995439 0.12670535575826683 0.562520402508552 0.12156543557582668 0.5485411824401368 0.06499357810718358 0.5534890079817559
0 0.5707856453819841 0 0.5787000980615735 0.049473051311288485 0.6190621345496009 0.04525664538198403 0.6120809760547321 0 0.5707856453819841 0
0 0.45314663511972636 0.02668453021664766 0.4575942474344356 0.06514883352337515 0.5756679977194983 0.04945757012542759 0.5708684424173318 0.010738553021664767 0.45314663511972636 0.02668453021664766
0 0.9047419600912201 0.7048731915621438 0.9064177491448119 0.7384293306727481 0.9448827445838084 0.7400286225769669 0.9387296351197264 0.706809550741163 0.9047419600912201 0.7048731915621438
0 0.7242044595210946 0.5487768779931586 0.7266879885974915 0.6051671721778792 0.7705561664766248 0.6034049783352337 0.7678887035347777 0.5554118722919041 0.7242044595210946 0.5487768779931586