0 0.7058691653363741 1 0.7094805245153935 0.9643844652223489 0.6753344424173319 0.960806338654504 0.6708992177879133 0.9973985895096922 0.6896891539338654 1 0.7058691653363741 1
0 0.8939693751425313 0.885622834663626 0.9079619874572405 0.8895772930444698 0.9231881402508552 0.8079092269099202 0.9065628962371721 0.8037706761687571 0.8939693751425313 0.885622834663626
0 0.8705921277080957 1 0.8724245849486887 0.9811354230330673 0.8569296134549601 0.9779687080957811 0.8535030034207526 1 0.8705921277080957 1
0 0.8911806202964652 0.6193719144811859 0.8731261687571265 0.6139445917901938 0.8648953489167618 0.6806250558722919 0.8838294709236031 0.6825442588369441 0.8911806202964652 0.6193719144811859
0 0.9866191904218928 0.3599897183580388 0.9687014458380844 0.36111915393386546 0.9611814583808438 0.4516588859749145 0.9774936339794755 0.45250194412770806 0.9866191904218928 0.3599897183580388
0 1 0.3637159669327252 0.9882287616875712 0.362484637400228 0.9840746282782212 0.4133797742303307 1 0.41392470695553024 1 0.3637159669327252
0 0.7710474264538197 0.6026385849486887 0.7401529977194984 0.6022638358038769 0.7305623477765109 0.6629003454960092 0.7675074047890535 0.6628053968072977 0.7710474264538197 0.6026385849486887
0 0.5257267537058152 0.3438313762827822 0.5177515108323831 0.3813664846066135 0.5921014218928164 0.3895415359179019 0.5961423067274801 0.34875531128848347 0.5257267537058152 0.3438313762827822
0 0.695073542759407 0.10747490877993159 0.6593609669327252 0.10795364082098062 0.6558404446978335 0.15829945153933866 0.6895414139110604 0.15827525313568985 0.695073542759407 0.10747490877993159
0 0.7316653397947549 0.10288969099201824 0.7367650182440136 0.06396310376282782 0.67226782668187 0.05945302052451539 0.6663671961231471 0.10129959977194983 0.7316653397947549 0.10288969099201824
0 0.986153551881414 0.7152946168757127 0.9437154458380844 0.7099462565564425 0.9353224675028505 0.749535353477765 0.9804201516533638 0.7547720900798175 0.986153551881414 0.7152946168757127
0 0.950991009122007 0.35928395210946407 0.9279544059293044 0.35707787685290765 0.9269438643101482 0.3885528061573546 0.9508477765108324 0.38724833181299884 0.950991009122007 0.35928395210946407
0 1 0.23699422462941847 0.961712629418472 0.23147050741163058 0.9543281299885975 0.26904692474344355 0.9951166966932725 0.27249433979475485 1 0.24651846978335235 1 0.23699422462941847
0 0.569311574686431 0.14570156556442418 0.534732961231471 0.13852042873432155 0.5299143637400228 0.19889543215507413 0.5644329760547321 0.20041640820980614 0.569311574686431 0.14570156556442418
0 0.2836201425313569 0.2941672063854048 0.2523406077537058 0.2907879623717218 0.238803251995439 0.33983812770809574 0.27342361801596354 0.3452350182440137 0.2836201425313569 0.2941672063854048
0 0.14002944127708095 0.2472224070695553 0.10321976966932725 0.24643402394526795 0.09873418244013683 0.30206914937286206 0.13254647776510833 0.30681433409350056 0.14002944127708095 0.2472224070695553
0 0.0862660661345496 0.42083403534777647 0.09683568529076397 0.3632435473204105 0.06369785404789054 0.36092632383124285 0.052580466362599776 0.4178833090079817 0.0862660661345496 0.42083403534777647
0 0.21559050969213228 0.5102292656784493 0.22701027594070694 0.45745982326111745 0.19196194412770812 0.44846180729760543 0.18258293956670468 0.5094091505131129 0.21559050969213228 0.5102292656784493
0 0.2868292291904219 0.7074618871151653 0.2722013375142531 0.7040582063854048 0.2584911345496009 0.7810706807297606 0.2767625895096921 0.7820507445838085 0.2868292291904219 0.7074618871151653
0 0.3589003899657925 0.6291720456100341 0.3255584777651083 0.6298181174458382 0.32109107069555304 0.6681921516533637 0.3557039794754846 0.6732924880273661 0.3589003899657925 0.6291720456100341
0 0.1923364583808438 0.6812111470923604 0.1770747377423033 0.6783599099201825 0.16182645381984034 0.8028808209806158 0.1789397993158495 0.8037799019384265 0.1923364583808438 0.6812111470923604
0 0.17090225085518812 0.7070930820980615 0.17424058950969215 0.6763761277080959 0.15928135575826682 0.6777108757126568 0.15674396807297605 0.7055078380843786 0.17090225085518812 0.7070930820980615
0 0.2520742862029647 0.013999830102622577 0.23699079703534776 0.01711148802736602 0.23936217103762827 0.0512037046750285 0.25584825085518814 0.05354692246294185 0.2520742862029647 0.013999830102622577
0 0.22878761687571264 0.015347466362599772 0.21493015393386544 0.017949657924743442 0.2182375188141391 0.055680088939566705 0.23493079703534778 0.05506023147092361 0.22878761687571264 0.015347466362599772
0 0.20635732953249716 0.021516586088939565 0.1925397251995439 0.02352636488027366 0.1973200638540479 0.05719339794754846 0.2098302542759407 0.0559834298745724 0.20635732953249716 0.021516586088939565
0 0.2341097001140251 0.2793947343215507 0.20461786316989736 0.2844748631698974 0.20744077423033067 0.3376450490307868 0.23126563968072975 0.3360374469783352 0.2341097001140251 0.2793947343215507
0 0.30182704446978337 0.16985005017103763 0.4228537012542759 0.1312922668187001 0.4134207787913341 0.09611106043329533 0.28986090992018243 0.135683669327252 0.30182704446978337 0.16985005017103763
0 0.5770994663625998 0.09386699315849487 0.5650985233751425 0.09541017103762828 0.5623126305587229 0.12676095553021666 0.5756146282782212 0.12977275484606612 0.5770994663625998 0.09386699315849487
0 0.5530578312428734 0.09754420296465223 0.5355529247434435 0.09274737514253137 0.5315964355758267 0.13234910148232612 0.5439363842645383 0.13648559407069555 0.5530578312428734 0.09754420296465223
0 0.9504295701254276 0.2907967069555302 0.9375356134549602 0.28810947434435574 0.9324342668187001 0.327037511972634 0.9434137058152794 0.3278052690992019 0.9504295701254276 0.2907967069555302
0 0.9244454606613455 0.2967173192702395 0.9115100855188142 0.29462238996579243 0.9097596396807297 0.3111655838084379 0.9266605564424173 0.31234741049030784 0.9244454606613455 0.2967173192702395
0 0.8718108369441278 0.2841087502850627 0.8564265290763967 0.2830329749144812 0.8547589179019384 0.29839156100342074 0.8693538529076397 0.30298333751425316 0.8718108369441278 0.2841087502850627
0 0.8454325188141391 0.21917301140250856 0.8272953409350057 0.21492873660205244 0.83019425313569 0.23298744469783353 0.841182598631699 0.23405342417331812 0.8454325188141391 0.21917301140250856
0 0.8616504618015963 0.2423294766248575 0.8539168905359179 0.24238389167616875 0.8524563683010262 0.2547809589509692 0.8619991391106043 0.2551506556442417 0.8616504618015963 0.2423294766248575