0 0.2117091550741163 0.7388723523375142 0.24897192246294184 0.7311670547320411 0.23853988825541617 0.6690973033067275 0.20109218015963512 0.6741267115165336 0.2117091550741163 0.7388723523375142
0 0.1269259156214367 0.8148204196123147 0.1624002212086659 0.8110052953249716 0.1619501220068415 0.7701983044469783 0.11886150057012543 0.7755199931584948 0.1269259156214367 0.8148204196123147
0 1 0.8449982884834664 0.9724696567844926 0.8531308392246294 0.9863290239452679 0.8915134344355758 1 0.884499244013683 1 0.8449982884834664
0 0.8550986020524515 0.6628189749144812 0.8236780912200684 0.6846277274800455 0.8621048802736602 0.726032464082098 0.8896136488027366 0.7057449965792474 0.8550986020524515 0.6628189749144812
0 0.8826593956670468 0.4191940262257696 0.8396496237172177 0.42480380273660207 0.8436797331812999 0.4578299623717218 0.8847413329532496 0.45132644355758267 0.8826593956670468 0.4191940262257696
0 0.7684793831242873 0.27917402394526797 0.7481155929304447 0.31005386773090077 0.7848317309007982 0.32167040478905357 0.7975705028506271 0.29199982782212086 0.7684793831242873 0.27917402394526797
0 0.540690622576967 0.16977363740022805 0.5302062702394527 0.19848599885974916 0.5535982633979475 0.21251502964652222 0.5679641379703535 0.1901011345496009 0.540690622576967 0.16977363740022805
0 0.30122093044469783 0.32071833067274796 0.328674755986317 0.3307976989737742 0.35315442189281643 0.3019727274800456 0.31994921322690995 0.28709335233751426 0.30122093044469783 0.32071833067274796
0 0.7994825336374002 0.2850843295324971 0.8134714538198403 0.2936910045610034 0.821758598631699 0.24729053021664765 0.8038741824401369 0.24411321436716077 0.7994825336374002 0.2850843295324971
0 0.8259768449258837 0.29291106613454965 0.8383589110604333 0.29515799657924746 0.8467071984036488 0.25295906043329536 0.8345397958950969 0.24827194298745725 0.8259768449258837 0.29291106613454965
0 0.7774827001140252 0.6739098232611175 0.8010448107183581 0.6822009749144812 0.8214275792474344 0.6453081961231472 0.7907733135689852 0.6363368779931585 0.7774827001140252 0.6739098232611175
0 0.7056299657924744 0.8049192611174458 0.7255555689851767 0.8282155895096921 0.7577789703534777 0.8038750661345496 0.7363089555302167 0.7784187445838084 0.7056299657924744 0.8049192611174458
0 0.8866228232611174 0.941570961231471 0.901711267958951 0.9229501060433295 0.8614960182440137 0.8854355393386545 0.8496997115165337 0.8978240364880273 0.8866228232611174 0.941570961231471