0 0.20859047776510833 1 0.16323518015963512 0.9187456602052452 0.09473570581527936 0.9490909828962372 0.1230394070695553 1 0.20859047776510833 1
0 0.0331855929304447 0.8060521744583807 0.015837228050171036 0.8152852713797035 0.019162278221208667 0.8787310136830103 0.061453590649942984 0.8580815461801596 0.0331855929304447 0.8060521744583807
0 0.40270570125427596 0.7278245279361459 0.3914197594070695 0.7278214344355758 0.3818012896237172 0.8071053580387686 0.3957701858608894 0.8108325142531356 0.40270570125427596 0.7278245279361459
0 0.5136430364880273 0.8385452554161915 0.466547582668187 0.7672873842645381 0.4533280592930445 0.7757095336374003 0.4988148004561003 0.8473505598631699 0.5136430364880273 0.8385452554161915
0 0.778102189281642 0.5577243648802737 0.7483004960091221 0.5331253534777651 0.6858192633979475 0.5913971026225769 0.7148648289623718 0.6204965416191562 0.778102189281642 0.5577243648802737
0 0.8270082440136831 0.9695761231470924 0.8551655096921322 0.9514526476624858 0.8280818255416191 0.8993612098061573 0.7939392884834664 0.916609229190422 0.8270082440136831 0.9695761231470924
0 0.9630895530216648 0.2792847206385405 0.9281070444697833 0.29182024287343217 0.9519703819840365 0.3500261014823261 0.9847163158494869 0.34058218129988593 0.9630895530216648 0.2792847206385405
0 0.9979344344355758 0.47128827594070694 0.9958524446978334 0.43156154503990873 0.9585373683010263 0.46443451653363743 0.9774276396807298 0.4958483033067275 0.9979344344355758 0.47128827594070694
0 0.5739305689851767 0.3454611698973774 0.5512299464082098 0.37697366590649944 0.593976874572406 0.4196230387685291 0.614358157354618 0.39150376624857464 0.5739305689851767 0.3454611698973774
0 0.5125970992018244 0.21787125769669327 0.486125417331813 0.23412270125427592 0.5114349726339795 0.2723348449258837 0.5393104116305587 0.251550598631699 0.5125970992018244 0.21787125769669327
0 0.5275472109464082 0.1177954298745724 0.4948450638540479 0.10583272177879134 0.47681270125427594 0.13858697605473205 0.5156638084378563 0.15171227822120867 0.5275472109464082 0.1177954298745724
0 0.7007688620296465 0.2835193283922463 0.6468631516533637 0.2863444070695553 0.6562196488027366 0.33252895667046756 0.7038772690992019 0.33151617445838083 0.7007688620296465 0.2835193283922463
0 0.8644309817559863 0.18754112884834664 0.8375302611174459 0.1616009543899658 0.7998011915621437 0.18973910376282782 0.8328441140250855 0.21951933409350055 0.8644309817559863 0.18754112884834664
0 0.5314904606613455 0.5783780809578107 0.5837536670467504 0.5102369509692132 0.553144637400228 0.4815182964652223 0.5030610877993158 0.5572745370581528 0.5314904606613455 0.5783780809578107
0 0.6308376168757127 0.4792302736602052 0.5746348358038769 0.4268796431014823 0.5410466761687571 0.46342353021664767 0.5883361425313568 0.5183207012542759 0.6308376168757127 0.4792302736602052
0 0.0862840535917902 0.41382787457240594 0.11590522120866589 0.4009771972633979 0.09686880615735462 0.367192810718358 0.07082716875712657 0.37955861003420754 0.0862840535917902 0.41382787457240594
0 0.11203057582668187 0.45171983466362603 0.08197176168757127 0.4675647058152793 0.09986254161915621 0.5028955450399089 0.13207089737742303 0.48277606727480044 0.11203057582668187 0.45171983466362603
0 0.8244096396807298 0.48930079817559863 0.852654125427594 0.5068466419612314 0.8877161413911061 0.46665968757126564 0.8554698004561003 0.4472425963511973 0.8244096396807298 0.48930079817559863
0 0.6534877434435575 0.016063229190421895 0.6371522485746864 0.010379123147092361 0.612640283922463 0.061904468643101486 0.6253882645381984 0.06926456442417332 0.6534877434435575 0.016063229190421895