0 0.17709963968072975 0.9200582200684151 0.16927896123147093 0.9679939578107184 0.20092806727480045 0.9713204127708095 0.20940135119726339 0.9304195530216647 0.17709963968072975 0.9200582200684151
0 0.20288369441277082 0.9394848084378563 0.24112546180159636 0.9462913226909919 0.2519163283922463 0.9098131949828963 0.21780182668187 0.9034404732041048 0.20288369441277082 0.9394848084378563
0 0.17520970923603194 0.726225393386545 0.1956334526795895 0.6907597217787914 0.17021103648802738 0.6811214310148233 0.15666953249714938 0.7173120273660205 0.17520970923603194 0.726225393386545
0 0.19664721550741163 0.6811144127708096 0.21272381755986317 0.6340479783352337 0.18976524287343216 0.6274557913340935 0.17107992930444696 0.6728544675028507 0.19664721550741163 0.6811144127708096
0 0.7139147582668187 0.4192584948688712 0.726514992018244 0.3523213899657925 0.6748753021664766 0.3273932645381984 0.6487303033067274 0.40404904561003424 0.7139147582668187 0.4192584948688712
0 0.732306378563284 0.244273921322691 0.7443272953249714 0.18284864310148233 0.699928701254276 0.16843030444697835 0.692398078677309 0.24007938996579248 0.732306378563284 0.244273921322691
0 0.29743593500570126 0.6062332462941847 0.286848 0.5991502041049032 0.27256799885974914 0.6328750980615736 0.28869584834663625 0.6402403283922463 0.29743593500570126 0.6062332462941847
0 0.2761056339794755 0.599216748004561 0.26526944469783353 0.5944956955530216 0.24967853021664768 0.6200198882554162 0.2641529179019384 0.6278099224629419 0.2761056339794755 0.599216748004561
0 0.33645895895096917 0.5243637730900799 0.3235742075256557 0.5164423055872291 0.3124395450399088 0.5504962177879134 0.3271466944127708 0.5562211448118586 0.33645895895096917 0.5243637730900799
0 0.29687063740022807 0.5094565028506272 0.2853856818700114 0.5392944538198403 0.3006929338654504 0.5468735165336374 0.3113087673888255 0.5139591140250855 0.29687063740022807 0.5094565028506272
0 0.2855394914481186 0.5094595929304447 0.2715358084378563 0.5008235005701255 0.2598722896237172 0.5315382143671608 0.2755427411630559 0.536468857468643 0.2855394914481186 0.5094595929304447
0 0.2613506248574686 0.495573850627138 0.24902467502850628 0.49368132041049034 0.2336118278221209 0.5260915359179019 0.2518521676168757 0.5292027137970353 0.2613506248574686 0.495573850627138
0 0.23365536031927023 0.4866927548460661 0.21772746978335233 0.4850186670467503 0.20446471265678448 0.5140727423033067 0.22527411630558725 0.5210376351197263 0.23365536031927023 0.4866927548460661
0 0.2120769669327252 0.4820366921322691 0.19515427366020524 0.47846698517673886 0.18397808323831244 0.5053522850627138 0.1959952668187001 0.5101974652223489 0.2120769669327252 0.4820366921322691