0 0.6380394104903079 0.3870412155074116 0.5998252998859749 0.2818956157354618 0.5389087901938426 0.3044224675028506 0.5846427023945268 0.41009586088939565 0.6380394104903079 0.3870412155074116
0 0.6407898152793614 0.6858625689851767 0.6346483454960091 0.6472963831242874 0.5827436294184721 0.6646953409350057 0.5940830011402509 0.6987387354618015 0.6407898152793614 0.6858625689851767
0 0.7431653660205245 0.6715187708095781 0.736367031927024 0.6551192394526796 0.6933198745724058 0.6829337639680729 0.7049086966932725 0.6966443842645382 0.7431653660205245 0.6715187708095781
0 0.39517466020524517 0.905112417331813 0.40585274914481184 0.8505002075256557 0.37819164196123145 0.848629770809578 0.36740097719498294 0.8993307605473204 0.39517466020524517 0.905112417331813
0 0.7975229418472064 0.9472850330672747 0.7411873694412772 0.860044228050171 0.699507496009122 0.9008526385404789 0.7610333181299885 0.9750073534777651 0.7975229418472064 0.9472850330672747
0 0.8385227468643102 0.8119470535917902 0.876454874572406 0.7723730889395668 0.8638999019384265 0.7551803192702394 0.8223745245153934 0.7917933477765109 0.8385227468643102 0.8119470535917902
0 0.25340610718358036 0.6298609099201824 0.2452376465222349 0.6117860433295325 0.17334693044469784 0.6492009441277081 0.181052244013683 0.6657093911060433 0.25340610718358036 0.6298609099201824
0 0.919693882554162 0.45953022006841504 0.8890563546180159 0.4151253979475485 0.8606172006841506 0.4342387411630559 0.8869037411630558 0.4798487172177879 0.919693882554162 0.45953022006841504
0 0.9721070912200684 0.361780125427594 0.9647122770809579 0.32834493272519955 0.9331357377423033 0.33464886431014823 0.9331935963511973 0.3692809714937286 0.9721070912200684 0.361780125427594
0 0.9174506408209806 0.5035103181299886 0.8976206921322691 0.5193307149372862 0.9202731755986316 0.5474057468643101 0.9415022326111745 0.5278561744583808 0.9174506408209806 0.5035103181299886
0 0.3485355062713797 1 0.35030103192702394 0.952485944127708 0.3108808996579247 0.9551664663625997 0.31039596579247436 1 0.3485355062713797 1
0 0.6273040604332953 0.7705643443557583 0.6021579475484607 0.7414850923603192 0.5774781094640821 0.767964582668187 0.6032391299885974 0.7915337502850628 0.6273040604332953 0.7705643443557583