0 0 0.5202265621436716 0.046312500570125426 0.5268921870011403 0.05017187457240593 0.489975 0 0.4881953124287343 0 0.5202265621436716
0 0.355360937286203 0.31785624971493726 0.35417499999999996 0.3571046875712657 0.49905 0.382610937286203 0.5079562497149372 0.3351562497149373 0.355360937286203 0.31785624971493726
0 0.4551125005701254 0.43616250057012546 0.45273750057012546 0.47929687457240594 0.5097375005701255 0.482264062713797 0.5144874994298746 0.44904531242873436 0.4551125005701254 0.43616250057012546
0 0.41503437514253133 0.6532062497149373 0.4058296875712657 0.6892828129988597 0.4758937502850627 0.7052968745724059 0.4836125005701254 0.6655546875712657 0.41503437514253133 0.6532062497149373
0 0.4456125005701254 0.7628359372862029 0.3544718745724059 0.7528312497149373 0.3423 0.7871562497149374 0.44026875028506274 0.8013921870011403 0.4456125005701254 0.7628359372862029
0 0.4485812497149373 0.8684203124287343 0.29836093728620294 0.8453421870011403 0.2805484378563284 0.8921484378563284 0.4355187502850627 0.9218062497149373 0.4485812497149373 0.8684203124287343
0 0.6201765621436717 0.7521578129988596 0.6112687502850627 0.7895296875712657 0.6694578129988598 0.7936812497149373 0.6765828129988597 0.7634296875712656 0.6201765621436717 0.7521578129988596
0 0.8178953124287343 0.6839437502850627 0.8564906248574686 0.6880953124287343 0.8648015621436717 0.654285937286203 0.8262078129988597 0.6477593751425313 0.8178953124287343 0.6839437502850627
0 0.47411250057012544 0.5872562497149373 0.47737812542759406 0.5500218745724059 0.3518 0.5344625005701255 0.3417062497149373 0.5718328129988597 0.47411250057012544 0.5872562497149373
0 0.12023593728620297 0.7141953124287344 0.08371875028506272 0.7074656248574687 0.06501562485746865 0.7824109372862029 0.10420312542759406 0.7830031254275941 0.12023593728620297 0.7141953124287344
0 0.016031249714937284 0.6621015621436716 0.00504687457240593 0.7219062497149372 0.031765624857468644 0.7236859372862029 0.03889062485746864 0.6726734378563284 0.016031249714937284 0.6621015621436716