0 0.39132484606613455 0.3726493534777651 0.4683529521094641 0.4301117696693273 0.526908802736602 0.3476047309007982 0.45233893842645384 0.292701661345496 0.39132484606613455 0.3726493534777651
0 0.017588503990877993 0.23049874914481186 0.03660255302166477 0.2505902212086659 0.0672125621436716 0.22735873090079817 0.04200370695553022 0.20370726339794756 0.017588503990877993 0.23049874914481186
0 0.47497093500570126 0.5411952189281641 0.507321362599772 0.5665995176738883 0.5601270741163056 0.509305299885975 0.5271738711516534 0.48174516077537055 0.47497093500570126 0.5411952189281641
0 0.36764561003420754 0.6862625530216647 0.39340335461801595 0.6604799783352338 0.37523669669327253 0.637874228050171 0.34201055644241735 0.6617116476624857 0.36764561003420754 0.6862625530216647
0 0.6105828563283923 0.8533848962371722 0.6036116305587229 0.8891074401368301 0.6653494629418473 0.8996348346636259 0.6731152291904219 0.8631663261117445 0.6105828563283923 0.8533848962371722
0 0.46162545267958954 0.7832724925883695 0.4874538802736602 0.7622703534777652 0.45466677993158494 0.7316258312428734 0.42952271037628276 0.7596305621436716 0.46162545267958954 0.7832724925883695
0 0.9179552748004561 0.7281238278221209 0.9025468688711517 0.7806055758266819 0.9389284275940707 0.7920189407069554 0.9560520387685291 0.7389426978335233 0.9179552748004561 0.7281238278221209
0 0.7585616898517674 0.9122569110604333 0.768142456100342 0.8737708574686431 0.7133263797035347 0.8676984982896238 0.7019910330672747 0.9043657274800456 0.7585616898517674 0.9122569110604333
0 0.5483354526795895 0.37634144355758264 0.5500486214367161 0.36292242303306727 0.5363118859749145 0.3590496431014823 0.5314592930444698 0.3757168859749145 0.5483354526795895 0.37634144355758264
0 0.5867641163055872 0.4236520684150513 0.5935182508551881 0.40772740935005697 0.5609297594070696 0.3870285997719498 0.5528874903078678 0.4044533808437857 0.5867641163055872 0.4236520684150513
0 0.5695682953249714 0.45062810604332953 0.5735493854047891 0.4362923432155074 0.5433374059293045 0.4218376157354618 0.5371877445838085 0.43780828392246296 0.5695682953249714 0.45062810604332953
0 0.6062077411630559 0.43829005701254276 0.6113545906499429 0.4279828198403649 0.5996451117445839 0.4193140376282782 0.5895172223489168 0.4304538551881414 0.6062077411630559 0.43829005701254276
0 0.5357559475484607 0.4745494891676169 0.5404898437856328 0.4613039407069555 0.527492204104903 0.454146330672748 0.5195705484606613 0.46604113340935005 0.5357559475484607 0.4745494891676169
0 0.662114322690992 0.5502347411630558 0.6671180741163055 0.5645069361459522 0.7000670855188141 0.5579070900798175 0.6960516294184721 0.5442675701254276 0.662114322690992 0.5502347411630558
0 0.1860368654503991 0.784864378563284 0.18751433523375144 0.7996321607753706 0.2501132770809578 0.7864227696693272 0.24535110376282784 0.7717363580387685 0.1860368654503991 0.784864378563284
0 0.57375917331813 0.6980275222348916 0.5693553785632839 0.7136218620296465 0.5846859509692133 0.7160478061573546 0.5883572246294184 0.7037626168757126 0.57375917331813 0.6980275222348916
0 0.5800296716077536 0.6743841163055873 0.5747902200684151 0.6882987229190421 0.5911686704675029 0.6917813010262257 0.5912751288483465 0.6775956180159635 0.5800296716077536 0.6743841163055873
0 0.5756340456100342 0.6516401516533638 0.5749333169897377 0.6637192907639681 0.5884603968072976 0.6661115279361459 0.5904060034207526 0.6543576134549601 0.5756340456100342 0.6516401516533638
0 0.21129769327251996 0.7555572862029647 0.20657531356898517 0.7646072759407069 0.23717776168757126 0.7711746522234891 0.23992310034207523 0.7587229578107184 0.21129769327251996 0.7555572862029647
0 0.6013962542759408 0.9373382645381985 0.592870228050171 0.9918617274800456 0.6275605564424173 0.9869863192702394 0.6372324025085518 0.9448820649942987 0.6013962542759408 0.9373382645381985