0 0.2578298734321551 0.39004691562143673 0.2206511242873432 0.3712336305587229 0.19856637856328394 0.42724971607753703 0.23710535233751426 0.44176980729760545 0.2578298734321551 0.39004691562143673
0 0.27739426111744586 0.2215153694412771 0.2607977525655644 0.2808053124287343 0.29603608095781075 0.29720723489167616 0.3150405461801596 0.23409061915621437 0.27739426111744586 0.2215153694412771
0 0.7524280992018244 0.31508844811858605 0.7033100558722919 0.31181754960091224 0.701730645381984 0.37108136031927025 0.7502729794754847 0.36794899087799315 0.7524280992018244 0.31508844811858605
0 0.4435155438996579 0.7188315005701253 0.38017833181299887 0.8124984481185861 0.45797680045610034 0.8711091550741162 0.5198666830102623 0.7799181539338654 0.4435155438996579 0.7188315005701253
0 0.22114291220068413 0 0.2181936282782212 0.01135283922462942 0.25093811630558727 0.02074711402508552 0.2546119361459521 0 0.22114291220068413 0
0 0.08379270467502851 0.16981160433295325 0.05081812884834663 0.1477567126567845 0.04413055530216648 0.1899803888255416 0.07069660775370581 0.20320530558722918 0.08379270467502851 0.16981160433295325
0 0.5130713728620296 0.30242641733181297 0.47570639110604335 0.28899399543899656 0.46059446750285066 0.3389006545039909 0.49493856442417333 0.35335749258836946 0.5130713728620296 0.30242641733181297
0 0.6948894218928163 0.1211212337514253 0.6824610877993158 0.11734774344355758 0.6721096351197263 0.15238003762827823 0.6886989885974915 0.1538036488027366 0.6948894218928163 0.1211212337514253
0 0.6539958152793616 0.11885079931584949 0.6472530444697834 0.15385191904218928 0.6617417411630558 0.16095749486887118 0.6684295598631699 0.11873227480045609 0.6539958152793616 0.11885079931584949
0 0.9499923363740023 0.2390740661345496 0.8775216704675028 0.25464764310148236 0.8785223831242873 0.282459094640821 0.9514264538198403 0.27717373204104906 0.9499923363740023 0.2390740661345496
0 0.9131819589509692 0.17012142075256556 0.8873815085518814 0.16964193842645384 0.8847805416191562 0.1860637993158495 0.9077505758266818 0.19270765222348918 0.9131819589509692 0.17012142075256556
0 0.8749736362599773 0.18390780615735464 0.8450343329532497 0.17916588597491448 0.8430182622576966 0.19568038654503989 0.8637676488027366 0.20497827822120868 0.8749736362599773 0.18390780615735464
0 0.954388921322691 0.16582882326111745 0.9360804675028507 0.16172516419612315 0.9330150855188142 0.1810792257696693 0.9515771220068415 0.18521988597491448 0.954388921322691 0.16582882326111745
0 0.9811024857468643 0.12226831927023946 0.9654955678449259 0.12009541961231471 0.9567785689851767 0.15237924857468643 0.972655054732041 0.16210923261117444 0.9811024857468643 0.12226831927023946