0 0.28749034207525653 0.4124661482326112 0.3002988221208666 0.47055260091220064 0.3520083968072976 0.4515418882554162 0.3417657970353478 0.40206472405929305 0.28749034207525653 0.4124661482326112
0 0.2571493044469783 0.5777790570125428 0.3076277160775371 0.5661771562143671 0.2993304469783353 0.5175957662485747 0.24524439110604332 0.5372834526795895 0.2571493044469783 0.5777790570125428
0 0.2718776408209806 0.6517925176738882 0.3255047023945268 0.6372873135689852 0.31748216989737743 0.579043992018244 0.25869877879133407 0.5937647274800456 0.2718776408209806 0.6517925176738882
0 0.11350348232611174 0.48330584264538196 0.1504308597491448 0.4810640273660205 0.13409803990877994 0.4121123215507412 0.10415443101482326 0.4207624059293044 0.11350348232611174 0.48330584264538196
0 0.6170841208665906 0.6103425074116307 0.6652753010262258 0.5918906362599772 0.6517859543899658 0.5333108700114025 0.6033018072976055 0.5491039635119727 0.6170841208665906 0.6103425074116307
0 0.8311347970353478 0.5115174663625998 0.9044556966932724 0.48848112314709236 0.8875036259977195 0.41181411288483466 0.8132743990877994 0.4401025245153934 0.8311347970353478 0.5115174663625998
0 0.866762323831243 0.5732035518814139 0.9199869236031927 0.5599628118586089 0.903503181299886 0.4976492542759407 0.8516445553021665 0.5115737890535919 0.866762323831243 0.5732035518814139
0 1 0.6123419806157354 0.9833105165336374 0.5535418289623717 0.8767692440136831 0.5794319942987457 0.8929256670467504 0.6700530809578108 1 0.641887858608894 1 0.6123419806157354
0 0.9076011755986317 0.7627105940706955 0.9416546385404788 0.7537101482326112 0.92678296009122 0.7091757993158495 0.8986014709236032 0.7169456408209807 0.9076011755986317 0.7627105940706955
0 0.8417129669327252 0.9047999486887115 0.8701775929304447 0.8984881413911061 0.8629673192702395 0.8605553101482326 0.8319110969213227 0.8732875165336375 0.8417129669327252 0.9047999486887115
0 0.8529504093500571 0.12151884720638541 0.8819374880273659 0.11091465222348916 0.8695738962371722 0.0822157251995439 0.8442206761687571 0.08893487913340936 0.8529504093500571 0.12151884720638541
0 0.3004831904218928 0.9652739749144811 0.3328686716077537 0.9571388631698974 0.33131334777651084 0.9321368529076397 0.29590428962371723 0.9368433694412771 0.3004831904218928 0.9652739749144811
0 0.1535003785632839 0.048647586088939564 0.14317358152793616 0.05178606727480046 0.15559415849486885 0.07326373660205245 0.1688066784492588 0.06606129532497149 0.1535003785632839 0.048647586088939564
0 0.18662645153933866 0.0755625188141391 0.19653373318129988 0.06978530102622577 0.18775536259977194 0.04472500684150513 0.17884901368301026 0.055453477765108325 0.18662645153933866 0.0755625188141391
0 0.2145046362599772 0.06934359407069556 0.22472125313568983 0.06171392930444698 0.21215980729760547 0.0393568449258837 0.2035232052451539 0.04613510946408209 0.2145046362599772 0.06934359407069556
0 0.6589493660205246 0.6734468209806157 0.6676709954389966 0.7057299167616875 0.7238626385404789 0.6998357901938427 0.7182550615735461 0.6568399076396807 0.6589493660205246 0.6734468209806157
0 0.7016664047890536 0.9203684823261117 0.6921629555302167 0.8641615872291905 0.650327850627138 0.8695868962371721 0.6636007457240592 0.9306055484606613 0.7016664047890536 0.9203684823261117