0 0.08413240364880274 0.2885004287343215 0.03929932269099202 0.262559102622577 0.02533220638540479 0.3282692246294185 0.05486037628278221 0.3406237651083238 0.08413240364880274 0.2885004287343215
0 0.1802184298745724 0.5325851106043329 0.2502254481185861 0.5541507115165336 0.26608637856328393 0.5137626830102622 0.19595591220068415 0.49277785860889395 0.1802184298745724 0.5325851106043329
0 0.47667489395667045 0.3275699258836944 0.5248068483466363 0.349346748004561 0.5541534264538198 0.2911611242873432 0.5091417594070695 0.26974243671607756 0.47667489395667045 0.3275699258836944
0 0.46136213454960096 0.5479760649942987 0.49266504218928164 0.5661773603192702 0.5122176738882555 0.528396669327252 0.4844439224629419 0.5142888939566704 0.46136213454960096 0.5479760649942987
0 0.5445185336374002 0.5133827434435576 0.5711782953249714 0.5305971071835804 0.6009076499429874 0.4791779954389966 0.57162230672748 0.4635316944127708 0.5445185336374002 0.5133827434435576
0 0.38755777080957815 0.7468330273660205 0.4145064503990878 0.7598549064994299 0.4337728962371722 0.7262688791334094 0.4024051265678449 0.7120025872291905 0.38755777080957815 0.7468330273660205
0 0.695124330672748 0.4068215188141391 0.7234026453819841 0.42498852907639684 0.741090708095781 0.38742012428734324 0.7102036134549601 0.3762958688711517 0.695124330672748 0.4068215188141391
0 0.7785801516533637 0.5534090604332953 0.8070682497149373 0.5734449007981756 0.8405252155074117 0.5216008916761687 0.8063691835803878 0.508262669327252 0.7785801516533637 0.5534090604332953
0 0.6989847297605473 0.5170421003420752 0.7489404355758266 0.5416394230330672 0.7705299817559863 0.5085471847206385 0.7195774481185861 0.4776598449258837 0.6989847297605473 0.5170421003420752
0 0.6495068449258837 0.3047439703534778 0.6619767571265679 0.303140637400228 0.6680724492588369 0.2716143911060433 0.6489392052451539 0.26663697263397945 0.6495068449258837 0.3047439703534778
0 0.5649399007981756 0.40589215735461803 0.5796537776510833 0.41084392702394523 0.6179905256556443 0.3503137309007982 0.6092592816419612 0.3420762052451539 0.5649399007981756 0.40589215735461803
0 0.8326531778791334 0.21056897149372863 0.8829050011402508 0.23948472976054733 0.9051501961231472 0.2004521220068415 0.8549884378563283 0.17003797149372862 0.8326531778791334 0.21056897149372863
0 0.7859475267958951 0.27053593158494865 0.7639392930444697 0.29989389053591786 0.811537842645382 0.32702845381984036 0.8313479521094641 0.2965962531356898 0.7859475267958951 0.27053593158494865
0 0.8367755815279361 0.7104304925883694 0.848465518814139 0.715344921322691 0.8770333238312429 0.6636789122006842 0.8628173888255416 0.6594431927023945 0.8367755815279361 0.7104304925883694
0 0.853933275940707 0.7152930992018244 0.8681174549600913 0.7256002029646522 0.8959049589509692 0.6804534857468643 0.8845132770809578 0.6686121995438996 0.853933275940707 0.7152930992018244
0 0.74650213340935 1 0.7832247685290763 0.9366877913340935 0.7522669464082098 0.9185614435575827 0.7173241847206385 0.9871052189281642 0.7401594275940707 1 0.74650213340935 1
0 0.7968118198403649 1 0.8115341801596351 0.9803879783352337 0.7802668677309008 0.9536848608893956 0.7524304561003421 0.9988211824401368 0.7535483375142531 1 0.7968118198403649 1
0 0.4881536077537058 1 0.4992795484606613 0.9687162212086659 0.44746879361459524 0.9449402223489167 0.4342030456100342 0.9810173648802736 0.4807905199543899 1 0.4881536077537058 1