0 0.21186186887115166 0.030211840364880276 0.19488128848346636 0.07802797491448119 0.24096623033067274 0.0986080661345496 0.2600396978335234 0.05161959407069555 0.21186186887115166 0.030211840364880276
0 0.21338554618015965 0.1175032314709236 0.2049885724059293 0.1467573591790194 0.2577177822120867 0.17375528164196125 0.2718855256556442 0.13489741391106044 0.21338554618015965 0.1175032314709236
0 0.2626272006841505 0.2508891607753706 0.2565737514253136 0.2783192987457241 0.2906196488027366 0.28960496009122005 0.298374913340935 0.257608488027366 0.2626272006841505 0.2508891607753706
0 0.32792593728620295 0.41963617901938427 0.32025730672748004 0.45659595667046754 0.3745721174458381 0.4722801094640821 0.38107412770809573 0.43652681299885976 0.32792593728620295 0.41963617901938427
0 0.9224905404789054 0.08671201596351197 0.8613762542759407 0.08956029076396807 0.8673786351197263 0.1443466921322691 0.93113217331813 0.13942703876852908 0.9224905404789054 0.08671201596351197
0 0.7402746864310149 0.2621547787913341 0.742739771949829 0.30131615963511976 0.7967213158494869 0.29799698289623716 0.7964413717217788 0.2649483979475485 0.7402746864310149 0.2621547787913341
0 0.7389063078677309 0.5579924675028506 0.7487233340935006 0.6100931345496009 0.8184849350057013 0.5922432212086659 0.8154782029646522 0.5389719566704675 0.7389063078677309 0.5579924675028506
0 0.5916828540478904 0.4928456989737742 0.5949102656784493 0.5076385005701254 0.664316622576967 0.5034578061573546 0.6658323067274801 0.48813839566704675 0.5916828540478904 0.4928456989737742
0 0.7875307366020524 0.724059771949829 0.7574821254275941 0.7376518882554162 0.7693006362599771 0.7683331117445837 0.8035686282782212 0.7582319521094641 0.7875307366020524 0.724059771949829
0 0.7143400775370582 0.6475223432155075 0.6783237833523375 0.6594371037628278 0.6832684378563284 0.6706368882554162 0.7192966567844926 0.6593157605473204 0.7143400775370582 0.6475223432155075
0 0.6377828380843786 0.5823297719498289 0.6451156157354618 0.5940817126567846 0.6746327423033067 0.5840619156214367 0.668214976054732 0.5736098301026226 0.6377828380843786 0.5823297719498289
0 0.5671221938426454 0.03826760775370582 0.5675606408209806 0.13151790763968074 0.6744416499429874 0.13083997377423032 0.6668099350057013 0.0338302645381984 0.5671221938426454 0.03826760775370582
0 0.22617257240592928 0.6459449258836945 0.218452157354618 0.6799379669327252 0.27448420980615734 0.692029102622577 0.28129526567844926 0.6569705188141391 0.22617257240592928 0.6459449258836945
0 0.3202845781071836 0.6282638152793614 0.2612116898517674 0.6120688745724059 0.25527225313568985 0.6460308289623717 0.31724090193842647 0.6580183409350057 0.3202845781071836 0.6282638152793614
0 0.07109112428734321 0.6409303945267959 0.06514132497149373 0.6742986898517674 0.1158822542759407 0.6894513831242873 0.12808290421892815 0.6569725689851768 0.07109112428734321 0.6409303945267959
0 0.2252745062713797 0.7986213523375143 0.2245639646522235 0.8259566659064995 0.2747008722919042 0.840526062713797 0.2839687571265679 0.8101346875712656 0.2252745062713797 0.7986213523375143
0 0.007486535917901938 0.8618225267958951 0.007735287343215507 0.8760734811858609 0.067778755986317 0.8934391607753707 0.0731203660205245 0.8761698688711517 0.007486535917901938 0.8618225267958951
0 0.006543288483466362 0.8077838836944128 0.009022530216647662 0.8273435940706956 0.0514314732041049 0.8414524800456101 0.057047872291904216 0.8230047753705815 0.006543288483466362 0.8077838836944128
0 0.0087718244013683 0.9354566225769669 0.009352280501710376 0.9687109327251995 0.05568973888255416 0.9833450855188142 0.06104587913340935 0.9499871539338655 0.0087718244013683 0.9354566225769669
0 0.15684775142531357 1 0.09794324743443557 0.9885490798175598 0.09579321550741163 1 0.15684775142531357 1
0 0.00019317901938426454 0.42357369099201825 0.0007698415051311288 0.47702333067274805 0.008519456100342075 0.4923325997719498 0.028968704675028503 0.43910979361459523 0.00019317901938426454 0.42357369099201825
0 0.3573753443557583 0.0995469030786773 0.35765518358038767 0.11557883580387686 0.389233181299886 0.12156300912200685 0.3919053340935006 0.10454503306727479 0.3573753443557583 0.0995469030786773
0 0.3858800604332953 0.1334999110604333 0.34833284492588373 0.12583997035347777 0.3468110068415051 0.1407172337514253 0.3855351790193843 0.14776278905359178 0.3858800604332953 0.1334999110604333