0 0.5726590319270239 0.15663270581527935 0.5757028004561003 0.28164483808437857 0.6217898962371722 0.27912182326111745 0.6158404367160776 0.16106894526795895 0.5726590319270239 0.15663270581527935
0 0.7057206168757126 0.42291873318129986 0.7061231037628278 0.4564349612314709 0.7570544857468643 0.45369047206385404 0.7595673728620296 0.41505161459521095 0.7057206168757126 0.42291873318129986
0 0.6934207594070695 0.529043370581528 0.6807464618015964 0.5635195074116306 0.7200971995438997 0.5769595370581528 0.727208968072976 0.5396486408209806 0.6934207594070695 0.529043370581528
0 0.7932876282782212 0.942286511972634 0.8296518643101483 0.961298259977195 0.8484189315849486 0.9281968551881414 0.806878078677309 0.909607063854048 0.7932876282782212 0.942286511972634
0 0.29996559635119724 0.3487471128848347 0.33467372519954386 0.34595320068415053 0.3254241915621437 0.3132599977194983 0.295482377423033 0.31632473546180156 0.29996559635119724 0.3487471128848347
0 0.13704412656784493 0.12487148802736601 0.18177593728620295 0.13279317559863169 0.19477346408209806 0.09437848916761687 0.13776781755986317 0.0823470889395667 0.13704412656784493 0.12487148802736601
0 1 0.19738164766248573 0.9654287309007983 0.200822598631699 0.9729483318129988 0.23684713340935004 1 0.23221837400228051 1 0.19738164766248573
0 0.8627462725199544 0.18301053933865452 0.8827130250855189 0.17270875940706956 0.8539999407069555 0.09969626225769669 0.8383480820980616 0.10742574800456099 0.8627462725199544 0.18301053933865452
0 0.8711070718358039 0.07898301824401369 0.8869223101482326 0.05504991106043329 0.8476292896237173 0.04882650741163056 0.8429024389965794 0.055897559863169896 0.8711070718358039 0.07898301824401369
0 0.7715235575826682 0.1004455267958951 0.8120239407069555 0.10472923489167617 0.8156661915621437 0.0912217708095781 0.7732569931584948 0.08570553477765108 0.7715235575826682 0.1004455267958951
0 0.775150062713797 0.05477556442417332 0.8128239885974914 0.05982498175598632 0.8142002565564425 0.04354452565564424 0.7753079110604333 0.03858688483466363 0.775150062713797 0.05477556442417332
0 0.14667161687571267 0.22729322805017105 0.09072893272519954 0.20663281299885977 0.07878394754846066 0.25737960775370583 0.1243369977194983 0.2772060205245154 0.14667161687571267 0.22729322805017105
0 0.2623228015963512 0.24861316875712658 0.25334783922462945 0.3204609270239453 0.28961423261117447 0.326806110604333 0.3005972884834664 0.24987078791334094 0.2623228015963512 0.24861316875712658
0 0.28624499087799316 0.05961921892816419 0.2722370969213227 0.13667502394526795 0.305727181299886 0.13777601938426454 0.3285316738882554 0.062113459521094636 0.28624499087799316 0.05961921892816419