0 0.46104999999999996 0.0401015621436716 0.40790937514253134 0.04928124971493729 0.41473750057012543 0.0793 0.4640187502850627 0.07039218700114025 0.46104999999999996 0.0401015621436716
0 0.8639109372862029 0.5141906248574687 0.8671765621436716 0.5526515621436716 0.9348656248574687 0.5419593751425313 0.9318968745724059 0.5098890627137971 0.8639109372862029 0.5141906248574687
0 0.8879593751425313 0.6121593751425314 0.8832078129988598 0.646489062713797 0.9425828129988597 0.6512406248574686 0.949114062713797 0.6156062497149373 0.8879593751425313 0.6121593751425314
0 0.07036093728620296 0.3369546875712657 0.06976562485746864 0.3786328129988597 0.11429843785632839 0.37091249942987453 0.11489218700114025 0.34002812542759403 0.07036093728620296 0.3369546875712657
0 0.14784375028506272 0.3013296875712657 0.15170468757126568 0.33705937514253137 0.17545312542759406 0.33646562485746867 0.16951562485746863 0.29845468757126564 0.14784375028506272 0.3013296875712657
0 0.8728171870011403 0.5605031254275941 0.8772703124287344 0.582346874572406 0.9099281254275942 0.5793765621436716 0.9117078129988598 0.5544328129988597 0.8728171870011403 0.5605031254275941
0 0.6448171870011403 0.4090953124287343 0.645114062713797 0.42495937514253135 0.6819265621436715 0.42139531242873435 0.6819265621436715 0.40417187457240594 0.6448171870011403 0.4090953124287343
0 0.6457062497149374 0.43047187457240593 0.6480828129988597 0.44693437514253137 0.6813328129988597 0.4433703124287343 0.6819265621436715 0.42733437514253136 0.6457062497149374 0.43047187457240593
0 0.6572859372862029 0.45006406271379706 0.6593640627137971 0.4671265621436716 0.6712374994298747 0.46772031242873435 0.6771765621436715 0.4516843751425314 0.6572859372862029 0.45006406271379706
0 0.7125046875712657 0.7377390627137971 0.7122062497149373 0.7533937502850627 0.7632703124287343 0.7575515621436716 0.7656453124287343 0.7385468745724059 0.7125046875712657 0.7377390627137971
0 0.7276453124287343 0.8018640627137971 0.7323953124287343 0.8181312497149373 0.7858328129988598 0.815160937286203 0.7858328129988598 0.7997187502850627 0.7276453124287343 0.8018640627137971
0 0.971678125427594 0.7082562497149373 0.9770218745724059 0.7320125005701255 0.998753125427594 0.7308250000000001 0.998753125427594 0.7094437502850628 0.971678125427594 0.7082562497149373
0 0.9226937502850626 0.7956296875712657 0.9402093751425313 0.8252562497149373 0.9788031254275941 0.8199125005701254 0.974053125427594 0.7884359372862029 0.9226937502850626 0.7956296875712657
0 0.9621781254275941 0.7153828129988598 0.949114062713797 0.7171640627137971 0.953271874572406 0.7332 0.9639593751425314 0.7308250000000001 0.9621781254275941 0.7153828129988598
0 0.9431781254275942 0.7021140627137971 0.9229906248574686 0.6987531254275942 0.9241765621436716 0.7136015621436717 0.9372406248574686 0.712414062713797 0.9431781254275942 0.7021140627137971
0 0.9698968745724059 0.7600046875712656 0.948521874572406 0.7593328129988598 0.9503031254275941 0.7783375005701254 0.962771874572406 0.7783375005701254 0.9698968745724059 0.7600046875712656
0 0.25976718700114027 0.04901093728620296 0.269860937286203 0.042157812998859755 0.26036093728620296 0.02822343785632839 0.25026718700114026 0.03832031242873433 0.25976718700114027 0.04901093728620296
0 0.24670468757126565 0.03356875028506271 0.25828281299885975 0.02167187457240593 0.24373593728620296 0.01159531242873432 0.23601718700114027 0.020503125427594072 0.24670468757126565 0.03356875028506271
0 0.21998593728620297 0.052575 0.22978281299885975 0.06264062485746864 0.2425484378563284 0.047823437856328394 0.23067343785632838 0.039509375142531354 0.21998593728620297 0.052575
0 0.20039218700114023 0.0697984378563284 0.2137515621436716 0.05818750057012542 0.19920468757126567 0.04544687457240593 0.19148437514253133 0.057325 0.20039218700114023 0.0697984378563284
0 0.25026718700114026 0.08761406271379703 0.26095468757126566 0.07065781299885975 0.24373593728620296 0.06504687457240593 0.22948593728620295 0.07989375028506271 0.25026718700114026 0.08761406271379703