0 0.2868398654503991 0.4036256408209806 0.2885119726339795 0.44024182896237174 0.3437526636259977 0.43495585290763966 0.34384106499429873 0.39708697719498287 0.2868398654503991 0.4036256408209806
0 0.5706572497149373 0.5471005176738882 0.6274192816419613 0.540305913340935 0.6232165553021665 0.48540540364880275 0.5742139794754846 0.490691724059293 0.5706572497149373 0.5471005176738882
0 0.752832606613455 0.5474207035347777 0.8066804321550741 0.5411925632839225 0.8076968825541618 0.5028408620296465 0.7497676351197263 0.5098623500570125 0.752832606613455 0.5474207035347777
0 0.9616249521094641 0.33605091220068417 0.960384323831243 0.26119354503990877 0.9057950684150514 0.2587841482326112 0.9053476533637401 0.33911574914481185 0.9616249521094641 0.33605091220068417
0 0.5436337947548461 0.3240350581527936 0.5817542565564424 0.31783491676168757 0.5860019247434435 0.2846092873432155 0.5432400661345496 0.2877720558722919 0.5436337947548461 0.3240350581527936
0 0.5763729897377423 0.9469102212086659 0.5895405701254275 0.9461684754846066 0.5826284218928164 0.8693860410490307 0.5702275644241733 0.8748256134549601 0.5763729897377423 0.9469102212086659
0 0.5534890079817559 0.9350064218928165 0.56574751995439 0.929596110604333 0.562520402508552 0.8732946442417332 0.5485411824401368 0.8784345644241733 0.5534890079817559 0.9350064218928165
0 0 0.429214354618016 0.049473051311288485 0.4212999019384264 0.04525664538198403 0.3809378654503991 0 0.387919023945268 0 0.429214354618016
0 0.02668453021664766 0.5468533648802737 0.06514883352337515 0.5424057525655644 0.04945757012542759 0.4243320022805017 0.010738553021664767 0.42913155758266813 0.02668453021664766 0.5468533648802737
0 0.7048731915621438 0.09525803990877994 0.7384293306727481 0.09358225085518815 0.7400286225769669 0.055117255416191564 0.706809550741163 0.06127036488027366 0.7048731915621438 0.09525803990877994
0 0.5487768779931586 0.27579554047890537 0.6051671721778792 0.27331201140250855 0.6034049783352337 0.22944383352337513 0.5554118722919041 0.23211129646522236 0.5487768779931586 0.27579554047890537