0 0.5147843751425314 0.060784375142531356 0.4818312497149373 0.10263124971493728 0.5275500000000001 0.13407031242873432 0.5590187502850626 0.09373437514253134 0.5147843751425314 0.060784375142531356
0 0.5602062497149373 0.0020765621436716077 0.5311125005701254 0.030264062713797033 0.57505 0.0640765621436716 0.5982062497149373 0.033823437856328395 0.5602062497149373 0.0020765621436716077
0 0.8247249999999999 0.30540156214367165 0.792364062713797 0.35413750057012544 0.8238328129988598 0.3772718745724059 0.861239062713797 0.3333765621436716 0.8247249999999999 0.30540156214367165
0 0.6653 0.31785624971493726 0.5999875005701254 0.39328750057012546 0.6516453124287342 0.43243749942987453 0.7157703124287342 0.36066250057012544 0.6653 0.31785624971493726
0 0.7107234378563283 0.37745312542759407 0.6783640627137971 0.42235312542759407 0.7062703124287343 0.4407421870011402 0.7395203124287343 0.39625468757126564 0.7107234378563283 0.37745312542759407
0 0.7695046875712657 0.2813843751425314 0.7466453124287343 0.31024218700114026 0.780489062713797 0.328039062713797 0.8036453124287343 0.30193906271379706 0.7695046875712657 0.2813843751425314
0 0.45273750057012546 0.5427687502850627 0.501425 0.5593765621436716 0.5162687502850627 0.5267515621436716 0.4699562497149373 0.5125156248574686 0.45273750057012546 0.5427687502850627
0 0.4319562497149373 0.5980546875712657 0.40998749942987456 0.628185937286203 0.4646124994298746 0.6477593751425313 0.4794562497149373 0.6169156248574686 0.4319562497149373 0.5980546875712657
0 0.13893906271379702 0.42904531242873434 0.12854687457240593 0.462689062713797 0.16179843785632841 0.47158593728620296 0.16832968757126568 0.4348093751425314 0.13893906271379702 0.42904531242873434
0 0.17634531242873433 0.7492734378563284 0.15645312542759407 0.7782578129988598 0.18198437514253138 0.8002062497149373 0.20514218700114023 0.7717328129988598 0.17634531242873433 0.7492734378563284
0 0.740114062713797 0.05577031242873432 0.7623796875712657 0.02787187457240593 0.7217078129988598 0 0.6908328129988597 0.01484218700114025 0.740114062713797 0.05577031242873432
0 0.7021140627137971 0.15483124971493728 0.7187390627137971 0.12394062485746864 0.6789578129988598 0.09966562485746863 0.6540203124287344 0.12635937514253134 0.7021140627137971 0.15483124971493728
0 0.260064062713797 0.5820437502850627 0.265110937286203 0.569460937286203 0.24314218700114026 0.56175 0.2372046875712657 0.5700531254275941 0.260064062713797 0.5820437502850627
0 0.24937656214367163 0.541125 0.24314218700114026 0.5516656248574686 0.2639234378563284 0.5581906248574686 0.2686734378563284 0.5504796875712656 0.24937656214367163 0.541125
0 0.25472031242873433 0.5162187502850627 0.24907968757126567 0.5297187502850627 0.27401718700114025 0.5386156248574686 0.2787671870011403 0.5303109372862029 0.25472031242873433 0.5162187502850627
0 0.2618453124287343 0.49842812542759407 0.255610937286203 0.5107359372862029 0.27698593728620297 0.5172609372862029 0.28351718700114026 0.5089562497149372 0.2618453124287343 0.49842812542759407