0 0.27381763511972634 0.604960897377423 0.2842075724059293 0.6705603797035348 0.3727191094640821 0.6537398483466362 0.3616095005701254 0.5924560820980616 0.27381763511972634 0.604960897377423
0 0.13140647776510833 0.5294498700114025 0.0639249874572406 0.5373362075256557 0.07575248004561004 0.5943029600912201 0.1476271345496009 0.5787158209806157 0.13140647776510833 0.5294498700114025
0 0.03865887913340935 0.5903713352337515 0.009844107183580387 0.5935335153933866 0.0139568677309008 0.6195004583808438 0.04255507525655645 0.6149709475484607 0.03865887913340935 0.5903713352337515
0 0.9059510638540479 0.07054704675028506 0.9376406887115165 0.06692795210946408 0.9330952896237172 0.03822943329532497 0.8963658928164197 0.045446848346636266 0.9059510638540479 0.07054704675028506
0 0.8333874093500571 0.4448853534777651 0.8270415518814138 0.4136687354618016 0.7898792713797035 0.41815303192702397 0.7950041379703534 0.45936970923603193 0.8333874093500571 0.4448853534777651
0 0.022825220068415048 0.6321042542759406 0.026436660205245155 0.6637555427594071 0.059277297605473206 0.6585540969213227 0.05451509007981756 0.6284867023945268 0.022825220068415048 0.6321042542759406
0 0.29637518244013683 0.6923486328392247 0.3085390433295325 0.7957168574686432 0.40305005701254276 0.7813473523375143 0.3919076111744584 0.6882235940706956 0.29637518244013683 0.6923486328392247
0 0.9079506795895097 0 0.8899339920182441 0.004837424173318131 0.8933743683010262 0.03225237970353478 0.9277848129988597 0.014189199543899658 0.9211064161915622 0 0.9079506795895097 0
0 0.613253488027366 0.12346308209806157 0.5803847616875712 0.13227271949828961 0.5844621687571265 0.14663988141391104 0.6182271562143671 0.135888 0.613253488027366 0.12346308209806157
0 0.6086432839224629 0.11333299657924743 0.6050371356898517 0.10194124629418472 0.5737406647662486 0.10930114139110604 0.5767694937286203 0.12083337172177878 0.6086432839224629 0.11333299657924743
0 0.5997488301026226 0.09132531927023944 0.5999359076396807 0.08112990649942986 0.5664161915621437 0.08583933865450398 0.5712967343215508 0.09767627366020525 0.5997488301026226 0.09132531927023944
0 0.5962701197263398 0.06936159977194983 0.5929207673888256 0.055815655644241735 0.5618098198403649 0.06434688825541619 0.5636655233751425 0.0760633409350057 0.5962701197263398 0.06936159977194983
0 0.08128099201824401 0.746230464082098 0.0765220992018244 0.7351715792474345 0.03334094070695553 0.739609362599772 0.0359392189281642 0.7560142474344356 0.08128099201824401 0.746230464082098
0 0.06457568072976054 0.7830992291904219 0.06579189509692132 0.7699027514253135 0.038185388825541615 0.7724733204104903 0.04203000684150513 0.7868789338654504 0.06457568072976054 0.7830992291904219
0 0.08745660775370581 0.8136981493728621 0.08367473432155073 0.8031046533637399 0.04319618015963512 0.8041102120866591 0.04533028848346636 0.8175844424173319 0.08745660775370581 0.8136981493728621
0 0.09246593272519955 0.8453257822120868 0.08596872291904219 0.8327704047890536 0.04902300684150514 0.838622031927024 0.05061948460661345 0.850979110604333 0.09246593272519955 0.8453257822120868