0 0.1395163842645382 0.13632044925883693 0.11922845381984037 0.16419749942987458 0.14845119384264538 0.18695369441277082 0.17202403420752566 0.15574966704675028 0.1395163842645382 0.13632044925883693
0 0.33067713683010264 0.28425224401368304 0.3096229361459521 0.31595835575826686 0.3631938015963512 0.3364012086659065 0.3788513614595211 0.30492116533637403 0.33067713683010264 0.28425224401368304
0 0.441519441277081 0.20101065222348916 0.41976429190421893 0.23223064196123147 0.4439196670467503 0.24447625313568985 0.46177738768529075 0.2149879942987457 0.441519441277081 0.20101065222348916
0 0.5369137616875713 0.164321984036488 0.49509609578107183 0.23392210832383123 0.5219230125427594 0.24746460661345496 0.5640013272519955 0.17454596465222347 0.5369137616875713 0.164321984036488
0 0.5543478472063854 0.2026686898517674 0.5322212588369442 0.23820128962371723 0.579753503990878 0.2555838882554162 0.6023875450399088 0.22577366248574687 0.5543478472063854 0.2026686898517674
0 0.6001060969213227 0.23892243899657925 0.6555242337514253 0.26263698859749146 0.6717791790193843 0.22801491790193845 0.6153086545039909 0.20510979589509692 0.6001060969213227 0.23892243899657925
0 0.8180416716077538 0.03138628392246294 0.7945583375142532 0.0661543409350057 0.829877771949829 0.08293430672748003 0.8470393603192703 0.05297650057012543 0.8180416716077538 0.03138628392246294
0 0.9248650296465222 0.5498191231470924 0.9388807366020525 0.5161241664766248 0.8710269749144812 0.4875653181299886 0.8562775883694413 0.5237093261117446 0.9248650296465222 0.5498191231470924
0 0.8476412690992018 0.5212797628278221 0.8633385781071835 0.48845651881413915 0.8389563192702394 0.47504369327251994 0.8180371094640821 0.5105724036488027 0.8476412690992018 0.5212797628278221
0 0.7037228802736603 0.5837318563283922 0.6834320535917902 0.6178093158494868 0.7397407514253136 0.6492171596351196 0.7575179350057012 0.6130910627137971 0.7037228802736603 0.5837318563283922
0 0.764640488027366 0.6964096875712658 0.755150685290764 0.7316061482326112 0.7819796681870012 0.7420475245153934 0.7986069498289623 0.7031174469783352 0.764640488027366 0.6964096875712658
0 0.4859143477765108 0.9381820581527937 0.48838680957810715 0.9213319555302166 0.42463069327251995 0.9107337263397948 0.4235929931584949 0.9302974207525656 0.4859143477765108 0.9381820581527937
0 0.10290235575826683 0.6683360478905359 0.1204201984036488 0.6370992656784492 0.08836408893956671 0.6215489053591791 0.12307597491448119 0.5542977856328393 0.08558046294184721 0.5325463819840365 0.029960836944127708 0.6275976533637401 0.10290235575826683 0.6683360478905359
0 0.4440467571265679 0.48162312200684154 0.4791139885974915 0.5002173580387685 0.4931672405929305 0.4636038015963512 0.46124080045610033 0.44560878449258834 0.4440467571265679 0.48162312200684154
0 0.4064844754846066 0.44553352565564425 0.4279383261117446 0.4018641710376283 0.395524724059293 0.38759461915621435 0.3753676419612315 0.4332594503990878 0.4064844754846066 0.44553352565564425
0 0.6430624948688712 0.5610458472063854 0.6330341094640821 0.5047866522234892 0.5837337434435576 0.5125534914481186 0.5955194789053592 0.5731858415051312 0.6430624948688712 0.5610458472063854