0 0.47444004218928165 0.5865081436716078 0.44050400684150515 0.5870898620296465 0.44835681641961234 0.6220873021664766 0.477045102622577 0.6226541653363741 0.47444004218928165 0.5865081436716078
0 0.5155811391106043 0.7183062953249715 0.48290855074116307 0.7181581984036488 0.48436368757126563 0.7830804971493729 0.5176471619156214 0.7819703443557583 0.5155811391106043 0.7183062953249715
0 0.5142753215507412 1 0.539686834663626 0.9973291425313568 0.5374177708095781 0.9303431174458381 0.4810025256556443 0.9326904754846067 0.4840896545039909 1 0.5142753215507412 1
0 0.8535985028506272 0.675614992018244 0.8585015404789054 0.722264283922463 0.9022184538198403 0.7182664720638541 0.8984644868871151 0.6768695917901939 0.8535985028506272 0.675614992018244
0 0.8608918882554163 0.7393266442417331 0.8676246864310148 0.8204108129988598 0.9081120421892817 0.8197375438996579 0.8999515473204105 0.7364153500570125 0.8608918882554163 0.7393266442417331
0 0.9221414914481185 0.8251287251995438 0.8866562223489167 0.8255747651083238 0.8871201231470924 0.8697055267958952 0.9247522497149373 0.8645577605473205 0.9221414914481185 0.8251287251995438
0 0.9628359931584948 0.8718983876852908 0.9100339407069555 0.8720749224629418 0.9136985484606613 0.9580189270239452 0.9650220935005701 0.952624605473204 0.9628359931584948 0.8718983876852908
0 0.8808176282782213 0.07453485062713797 0.8375179908779932 0.07431123375142532 0.841519984036488 0.1294135165336374 0.8870385302166476 0.13119655074116307 0.8808176282782213 0.07453485062713797
0 0.735131937286203 0.4223906180159635 0.7728338289623717 0.41723394754846066 0.7708403819840365 0.3762490501710376 0.7316564321550741 0.37797779589509695 0.735131937286203 0.4223906180159635
0 0.6947481277080958 0.5848455712656785 0.659333654503991 0.5808080855188141 0.6630574811858608 0.6162379281641961 0.6957199258836945 0.6205646636259978 0.6947481277080958 0.5848455712656785
0 0.16630208323831241 0.11828988255416192 0.13299233181299885 0.11850726567844926 0.1369340433295325 0.16167547434435575 0.17176934207525657 0.16398434207525656 0.16630208323831241 0.11828988255416192
0 0.06313392246294185 0.12346316875712657 0.06732217217787913 0.16899197719498288 0.10066926567844926 0.16847215849486885 0.09387216191562144 0.12082789965792474 0.06313392246294185 0.12346316875712657
0 0.18939065792474344 0.30392621778791334 0.1326100022805017 0.30780453249714934 0.13652001938426456 0.34500586659064997 0.18967556784492587 0.34001601482326116 0.18939065792474344 0.30392621778791334
0 0.10574299543899658 1 0.09913861687571267 0.9429733911060433 0.06510658722919042 0.9423727286202964 0.06654573660205244 1 0.10574299543899658 1
0 0.38217766020524513 0.3102309007981756 0.3858394218928164 0.34507024515393386 0.4031965610034208 0.3456340193842645 0.3979831391106043 0.3073772086659065 0.38217766020524513 0.3102309007981756
0 0.8090043683010263 0.684779677309008 0.7913146396807298 0.6845493717217788 0.7949143386545039 0.7187982189281642 0.8097248517673888 0.7178385917901938 0.8090043683010263 0.684779677309008
0 0.8286043614595211 0.6818241049030787 0.8323281881413911 0.7172539475484606 0.8486284595210947 0.7191228437856328 0.8457132451539339 0.6800258882554162 0.8286043614595211 0.6818241049030787
0 0.6895009019384264 0.8110724116305588 0.674037992018244 0.8115051584948688 0.6744698050171039 0.8610109076396808 0.6893106214367161 0.8660198722919041 0.6895009019384264 0.8110724116305588