0 0.5872425381984037 0.2719473945267959 0.5334067958950969 0.27651563169897375 0.5400273614595211 0.3263801755986317 0.5981882668187002 0.31705518472063854 0.5872425381984037 0.2719473945267959
0 0.6562382200684151 0.1696344982896237 0.6484800832383124 0.09350161231470923 0.6050049714937287 0.10296073432155074 0.6185033432155074 0.17354301710376283 0.6562382200684151 0.1696344982896237
0 0.7854971083238312 0.3619962884834664 0.7859857297605474 0.32096166590649944 0.7242217776510833 0.336879503990878 0.7306547742303307 0.3724477035347777 0.7854971083238312 0.3619962884834664
0 0.9642343797035348 0.33997322348916764 0.9566833329532498 0.2608788198403649 0.9258013580387685 0.2688377388825542 0.935624771949829 0.34094864424173316 0.9642343797035348 0.33997322348916764
0 0.6219379087799315 0.7451797662485746 0.6031794618015963 0.749820046750285 0.6046589304446979 0.8392034823261117 0.6219339258836944 0.8445778677309008 0.6219379087799315 0.7451797662485746
0 0.6803706978335234 0.7343857890535918 0.6769389703534777 0.69843382668187 0.620488622576967 0.7063904310148232 0.6223106704675028 0.7398490342075257 0.6803706978335234 0.7343857890535918
0 0.6001510193842645 0.699611488027366 0.6002560935005701 0.6555724777651083 0.5453615553021665 0.6582810763968073 0.5429825564424173 0.7093034766248575 0.6001510193842645 0.699611488027366
0 0.043089698973774224 0.6386355701254276 0.007721027366020524 0.642707984036488 0.011923074116305587 0.6846673774230331 0.043141498289623714 0.6800055838084379 0.043089698973774224 0.6386355701254276
0 0.11426739452679589 0.6156368380843785 0.11166402394526796 0.5678388038768529 0.07908942303306728 0.5744905302166476 0.08436293614595211 0.6266401128848347 0.11426739452679589 0.6156368380843785
0 0.5107384458380844 0.3540936556442418 0.4525956898517674 0.3607399498289624 0.4600445051311288 0.3987599806157355 0.5110828460661345 0.3895321311288484 0.5107384458380844 0.3540936556442418
0 0.1519921448118586 0.7224363557582668 0.11548173318129988 0.7258352976054732 0.12378392018244014 0.7686750342075257 0.16074970809578107 0.7578679372862029 0.1519921448118586 0.7224363557582668
0 0.20995203420752567 0.8544588460661345 0.15084410490307867 0.8663960136830102 0.15504625997719498 0.9083538472063853 0.21152221778791336 0.8989110342075256 0.20995203420752567 0.8544588460661345
0 0.09048836259977196 0.8621755290763967 0.04794935005701254 0.8752713078677309 0.05563026795895097 0.9269955997719498 0.09240299315849487 0.9191509999999999 0.09048836259977196 0.8621755290763967
0 0.056513973774230335 0.06401130672748004 0.03821101482326112 0.06213780501710377 0.03789178335233751 0.13472986773090082 0.053407018244013685 0.13789799885974913 0.056513973774230335 0.06401130672748004
0 0.7684829555302167 0.19712657696693273 0.7658435530216648 0.1838460478905359 0.7433701801596352 0.190608921322691 0.7469028141391106 0.20811674458380844 0.7684829555302167 0.19712657696693273
0 0.7646661220068415 0.1581701197263398 0.7386007366020524 0.1652754481185861 0.7411158836944127 0.18033288825541618 0.7663818768529076 0.17614766020524514 0.7646661220068415 0.1581701197263398