0 0.9118116510832384 0.6679617594070696 0.873060393386545 0.6709082394526796 0.8715509646522235 0.749841338654504 0.9128949840364879 0.7499573808437856 0.9118116510832384 0.6679617594070696
0 0.8596464104903079 0.7535661060433295 0.8288549270239453 0.751037401368301 0.820764778791334 0.8128568426453819 0.858935181299886 0.81432403990878 0.8596464104903079 0.7535661060433295
0 0.9814118825541619 0.6159845883694413 0.9232772394526796 0.6162100672748005 0.9216408209806157 0.6747378472063854 0.98082986659065 0.6713659931584948 0.9814118825541619 0.6159845883694413
0 0.9877126100342075 0.5413223728620297 0.9477041049030787 0.5446933204104902 0.9478774321550741 0.5860890535917902 0.9869019407069556 0.5876762873432155 0.9877126100342075 0.5413223728620297
0 0.9778024982896237 0.4967594686431015 0.9416412782212086 0.4940756818700114 0.9396375199543899 0.5381633694412771 0.9766118643101482 0.539462472063854 0.9778024982896237 0.4967594686431015
0 0.7239861550741163 0.5126522280501711 0.6910175872291904 0.5128154789053592 0.684314770809578 0.5946162063854048 0.7272641790193843 0.594356708095781 0.7239861550741163 0.5126522280501711
0 0.7649603683010262 0.2935647810718358 0.6979330171037629 0.2931384777651083 0.6986181208665906 0.33940281641961234 0.7669812884834664 0.33731872291904225 0.7649603683010262 0.2935647810718358
0 0.6710980387685291 0.06212272748004561 0.6190755096921322 0.05720977879133409 0.6146197844925885 0.13153170809578107 0.6641566818700114 0.1357971094640821 0.6710980387685291 0.06212272748004561
0 0.6272263819840365 0.7706671664766248 0.5873005108323831 0.7734501436716078 0.5852411710376283 0.8307208939566705 0.6264913158494868 0.8320213352337514 0.6272263819840365 0.7706671664766248
0 0.7839394652223489 0.8532498517673888 0.744005606613455 0.8518346088939567 0.7431855610034207 0.9002873318129989 0.7843846123147092 0.8973819190421893 0.7839394652223489 0.8532498517673888
0 0.7160346168757127 0.7567666043329532 0.6913820832383124 0.7616961094640821 0.6909674378563283 0.8030092086659064 0.7108392508551882 0.800705534777651 0.7160346168757127 0.7567666043329532
0 0.7637580900798175 0.6345629007981756 0.6845691835803877 0.6354237502850627 0.6830149646522236 0.6933666533637399 0.7624342166476625 0.689238881413911 0.7637580900798175 0.6345629007981756
0 0.3855066978335234 0.7942558517673888 0.34943609806157355 0.7951823112884834 0.34636615507411633 0.889485307867731 0.38066814823261114 0.887412488027366 0.3855066978335234 0.7942558517673888
0 0.40322844127708096 0.6468502006841506 0.32722243671607754 0.6463612006841506 0.32617377194982894 0.7049731619156215 0.39965016191562147 0.7012093443557583 0.40322844127708096 0.6468502006841506
0 0.09638159179019384 0.4604232668187001 0.06433153249714937 0.4583172645381984 0.06415525655644241 0.4936680125427594 0.10143788939566704 0.49021376168757125 0.09638159179019384 0.4604232668187001
0 0.0962772314709236 0.017911624857468642 0.06133217787913341 0.0375834070695553 0.07785257582668187 0.07228437286202964 0.11247475370581528 0.05376480387685291 0.0962772314709236 0.017911624857468642
0 0.20914391220068415 0.1524934344355758 0.20319721208665908 0.11808091334093501 0.17585581641961232 0.1208337662485747 0.18357287115165336 0.1596921904218928 0.20914391220068415 0.1524934344355758
0 0.372718858608894 0.14789989965792474 0.34107221778791336 0.1386571505131129 0.33837885974914483 0.21322676510832383 0.3691937194982896 0.21485937856328394 0.372718858608894 0.14789989965792474
0 0.3946966180159635 0 0.39446765336374 0.04003324629418473 0.4277062029646522 0.0414069007981756 0.4290678369441277 0 0.3946966180159635 0
0 0 0.5957356510832382 0.04995235689851767 0.5945023511972634 0.05633804789053592 0.44700090649942986 0.0038184595210946407 0.4468147810718358 0 0.4739845324971494 0 0.5957356510832382
0 0.25385816647662485 0.8998695553021665 0.21527350513112883 0.9016418574686431 0.2164799190421893 0.9569732383124288 0.25425672405929306 0.9559867787913341 0.25385816647662485 0.8998695553021665
0 0.9833656362599772 0.2738944891676169 0.9669289828962372 0.27578156328392245 0.9604629874572407 0.3516197229190422 0.9769720285062714 0.3515415769669327 0.9833656362599772 0.2738944891676169