0 0.8730849418472064 0.12453930216647663 0.8737496385404788 0.1580891345496009 0.9112386773090081 0.1597027377423033 0.912380582668187 0.12604256670467504 0.8730849418472064 0.12453930216647663
0 0.8394320729760547 0.06243765336374002 0.8406295245153933 0.03806913340935005 0.8123419589509692 0.034595857468643104 0.8081978871151653 0.05860257810718358 0.8394320729760547 0.06243765336374002
0 0.25183829874572405 0.039294542759407074 0.25223276738882555 0.05069792702394527 0.3191154686431015 0.05652040364880274 0.3152194401368301 0.04196680501710376 0.25183829874572405 0.039294542759407074
0 0.8795033283922463 0.41816640820980616 0.879080566704675 0.4264815541619156 0.9428219806157354 0.44327170581527936 0.9446751026225769 0.42575604675028506 0.8795033283922463 0.41816640820980616
0 0.8367862063854048 0.5760734538198403 0.77448265336374 0.5767921687571266 0.7745314709236032 0.6299868095781072 0.8355116556442418 0.6303020239452679 0.8367862063854048 0.5760734538198403
0 0.47086912884834664 0.49170205131128847 0.37605872862029643 0.4794625883694413 0.37518490763968076 0.5158114104903079 0.4672655758266818 0.5259226510832383 0.47086912884834664 0.49170205131128847
0 0.9635907651083239 0.8271107354618016 0.967116543899658 0.7910875336374003 0.925068646522235 0.7924987023945267 0.9271740912200683 0.8313794789053592 0.9635907651083239 0.8271107354618016
0 0.8461605381984036 0.7774308472063854 0.8543434709236032 0.813098645381984 0.9178003489167617 0.8029612189281642 0.9068170353477766 0.7706254139110604 0.8461605381984036 0.7774308472063854
0 0.5963168004561004 0.761098314709236 0.6021331619156215 0.7916930114025085 0.641968291904219 0.7888153055872292 0.6367994697833523 0.7553956545039908 0.5963168004561004 0.761098314709236
0 0.5985170832383124 0.8844798802736602 0.6150276693272521 0.9546368278221209 0.7237478323831243 0.9315298722919042 0.7071024811858608 0.8697785290763967 0.5985170832383124 0.8844798802736602
0 0.057723411630558726 0.9089183705815279 0.054097976054732044 0.8702240570125428 0.0038827251995438997 0.874816716077537 0.008833104903078677 0.9148874469783354 0.057723411630558726 0.9089183705815279
0 0.27795439908779934 0.6353514629418472 0.27710431128848345 0.6179147673888256 0.21776013797035348 0.6237762223489167 0.22227272063854048 0.638180409350057 0.27795439908779934 0.6353514629418472
0 0.006836913340935006 0.4239677423033067 0.0022102576966932727 0.46164882668187 0.02687067730900798 0.4634819019384265 0.024707045610034208 0.42751103762827825 0.006836913340935006 0.4239677423033067
0 0.28364648916761687 0.45257652679589505 0.28605392246294187 0.442713590649943 0.209946165336374 0.42918599201824403 0.20635940022805016 0.4462306111744584 0.28364648916761687 0.45257652679589505
0 0.01897721778791334 0.6495694994298746 0.014484265678449258 0.6812896351197263 0.048581697833523375 0.6812935324971493 0.04821125541619156 0.6526552337514253 0.01897721778791334 0.6495694994298746
0 0.05007940022805017 0.5960154059293045 0.009499020524515393 0.5952186499429875 0.014157214367160775 0.6352330410490308 0.05111808323831243 0.6314042098061573 0.05007940022805017 0.5960154059293045
0 0.2839954139110604 0.7323119692132269 0.18472190992018245 0.7320742998859749 0.1872483181299886 0.7772706419612314 0.28791956556442416 0.7734326465222349 0.2839954139110604 0.7323119692132269
0 0.8487014446978335 0.6982597514253135 0.8452002884834663 0.7121711368301026 0.8786290718358039 0.7151847309007981 0.8824376488027367 0.7012056191562144 0.8487014446978335 0.6982597514253135
0 0.19346911516533638 0.8849469942987458 0.19505324743443558 0.9012774002280503 0.2882795142531357 0.8971864561003421 0.28735635917901936 0.8827680421892817 0.19346911516533638 0.8849469942987458