0 0.4640187502850627 0.9296078129988596 0.41473750057012543 0.9207 0.40790937514253134 0.9507187502850627 0.46104999999999996 0.9598984378563283 0.4640187502850627 0.9296078129988596
0 0.9318968745724059 0.490110937286203 0.9348656248574687 0.45804062485746866 0.8671765621436716 0.44734843785632844 0.8639109372862029 0.48580937514253136 0.9318968745724059 0.490110937286203
0 0.949114062713797 0.38439375028506273 0.9425828129988597 0.34875937514253136 0.8832078129988598 0.353510937286203 0.8879593751425313 0.3878406248574687 0.949114062713797 0.38439375028506273
0 0.11489218700114025 0.6599718745724059 0.11429843785632839 0.6290875005701254 0.06976562485746864 0.6213671870011402 0.07036093728620296 0.6630453124287343 0.11489218700114025 0.6599718745724059
0 0.16951562485746863 0.7015453124287343 0.17545312542759406 0.6635343751425314 0.15170468757126568 0.6629406248574686 0.14784375028506272 0.6986703124287343 0.16951562485746863 0.7015453124287343
0 0.9117078129988598 0.4455671870011403 0.9099281254275942 0.4206234378563284 0.8772703124287344 0.4176531254275941 0.8728171870011403 0.43949687457240594 0.9117078129988598 0.4455671870011403
0 0.6819265621436715 0.595828125427594 0.6819265621436715 0.5786046875712657 0.645114062713797 0.5750406248574687 0.6448171870011403 0.5909046875712658 0.6819265621436715 0.595828125427594
0 0.6819265621436715 0.5726656248574686 0.6813328129988597 0.5566296875712657 0.6480828129988597 0.5530656248574686 0.6457062497149374 0.569528125427594 0.6819265621436715 0.5726656248574686
0 0.6771765621436715 0.5483156248574687 0.6712374994298747 0.5322796875712656 0.6593640627137971 0.5328734378563285 0.6572859372862029 0.5499359372862029 0.6771765621436715 0.5483156248574687
0 0.7656453124287343 0.2614531254275941 0.7632703124287343 0.2424484378563284 0.7122062497149373 0.2466062497149373 0.7125046875712657 0.2622609372862029 0.7656453124287343 0.2614531254275941
0 0.7858328129988598 0.2002812497149373 0.7858328129988598 0.18483906271379705 0.7323953124287343 0.18186875028506272 0.7276453124287343 0.19813593728620296 0.7858328129988598 0.2002812497149373
0 0.998753125427594 0.2905562497149373 0.998753125427594 0.269175 0.9770218745724059 0.26798749942987454 0.971678125427594 0.2917437502850627 0.998753125427594 0.2905562497149373
0 0.974053125427594 0.21156406271379705 0.9788031254275941 0.18008749942987456 0.9402093751425313 0.17474375028506273 0.9226937502850626 0.20437031242873432 0.974053125427594 0.21156406271379705
0 0.9639593751425314 0.269175 0.953271874572406 0.2668 0.949114062713797 0.28283593728620293 0.9621781254275941 0.28461718700114025 0.9639593751425314 0.269175
0 0.9372406248574686 0.28758593728620296 0.9241765621436716 0.2863984378563284 0.9229906248574686 0.30124687457240595 0.9431781254275942 0.297885937286203 0.9372406248574686 0.28758593728620296
0 0.962771874572406 0.22166249942987457 0.9503031254275941 0.22166249942987457 0.948521874572406 0.24066718700114026 0.9698968745724059 0.23999531242873431 0.962771874572406 0.22166249942987457
0 0.25026718700114026 0.9616796875712658 0.26036093728620296 0.9717765621436717 0.269860937286203 0.9578421870011402 0.25976718700114027 0.9509890627137971 0.25026718700114026 0.9616796875712658
0 0.23601718700114027 0.979496874572406 0.24373593728620296 0.9884046875712656 0.25828281299885975 0.9783281254275942 0.24670468757126565 0.9664312497149373 0.23601718700114027 0.979496874572406
0 0.23067343785632838 0.9604906248574686 0.2425484378563284 0.9521765621436716 0.22978281299885975 0.9373593751425313 0.21998593728620297 0.947425 0.23067343785632838 0.9604906248574686
0 0.19148437514253133 0.9426749999999999 0.19920468757126567 0.9545531254275941 0.2137515621436716 0.9418124994298746 0.20039218700114023 0.9302015621436717 0.19148437514253133 0.9426749999999999
0 0.22948593728620295 0.9201062497149373 0.24373593728620296 0.9349531254275941 0.26095468757126566 0.9293421870011402 0.25026718700114026 0.912385937286203 0.22948593728620295 0.9201062497149373