0 0.6911296875712657 0.5026125005701254 0.6878640627137971 0.5520562497149373 0.740114062713797 0.5538375005701254 0.7466453124287343 0.50395 0.6911296875712657 0.5026125005701254
0 0.9170531254275941 0.19452031242873433 0.7793015621436715 0.21672031242873432 0.7870203124287343 0.2717296875712657 0.924771874572406 0.24975468757126568 0.9170531254275941 0.19452031242873433
0 0.25739218700114025 0.017218750285062714 0.25086093728620296 0.04841718700114025 0.3114234378563284 0.04841718700114025 0.31676875028506274 0.01575156214367161 0.25739218700114025 0.017218750285062714
0 0.04957812542759407 0.5407718745724059 0.015734375142531357 0.5383968745724059 0.006234375142531357 0.618575 0.04542343785632839 0.6197625005701254 0.04957812542759407 0.5407718745724059
0 0.10895312542759407 0.04841718700114025 0.11043750057012543 0.03414062485746864 0.019890624857468644 0.029410937286202966 0.012171874572405931 0.04544687457240593 0.10895312542759407 0.04841718700114025
0 0.4948937502850627 0.686875 0.5459562497149373 0.6910328129988598 0.5513 0.6571796875712657 0.49786250057012543 0.6548046875712656 0.4948937502850627 0.686875
0 0.5821765621436716 0.5187984378563284 0.5851453124287344 0.5669046875712657 0.6213624994298746 0.5674984378563284 0.6142375005701254 0.513453125427594 0.5821765621436716 0.5187984378563284
0 0.262735937286203 0.6843015621436717 0.25857968757126565 0.7165703124287343 0.29064218700114025 0.7201343751425314 0.2959859372862029 0.686875 0.262735937286203 0.6843015621436717
0 0.23690781299885974 0.24878281299885974 0.23423593728620296 0.2871703124287343 0.27401718700114025 0.29132812542759406 0.27639218700114027 0.24975468757126568 0.23690781299885974 0.24878281299885974
0 0.009796874572405929 0.4384875005701254 0.008015624857468642 0.48791406271379706 0.03829687457240593 0.48850781299885976 0.04957812542759407 0.438025 0.009796874572405929 0.4384875005701254
0 0.8315531254275941 0.7777437502850627 0.8268015621436716 0.8359468745724059 0.998753125427594 0.8401046875712657 0.998753125427594 0.7848718745724059 0.8315531254275941 0.7777437502850627
0 0.8416453124287343 0.9016140627137971 0.8380828129988598 0.943446874572406 0.9033968745724059 0.943446874572406 0.9057718745724059 0.9101875005701254 0.8416453124287343 0.9016140627137971
0 0.707160937286203 0.14190781299885974 0.7033015621436717 0.22243437514253137 0.7508015621436717 0.21530624971493728 0.7561453124287344 0.13394062485746866 0.707160937286203 0.14190781299885974