0 0.2227413158494869 0.2573789407069555 0.2142555450399088 0.20805583352337514 0.18989428164196123 0.2157489589509692 0.2036612565564424 0.26182912428734323 0.2227413158494869 0.2573789407069555
0 0.7027021242873432 0.7202182166476625 0.6987173363740024 0.6746718848346636 0.6780151664766249 0.6764830900798176 0.681999953249715 0.7220294218928164 0.7027021242873432 0.7202182166476625
0 0.3245781550741163 1 0.32526307069555305 0.9840995974914482 0.29339777537058154 0.9854946488027366 0.2899138791334093 1 0.3245781550741163 1
0 0.38367271151653365 1 0.3825728323831243 0.9874283261117446 0.3351644948688711 0.9860142291904218 0.3330859076396807 1 0.38367271151653365 1
0 0.3884388050171038 0.9591014686431014 0.39960165792474345 0.9595145085518815 0.40110323603192705 0.8495166237172178 0.38730127023945266 0.8507241402508552 0.3884388050171038 0.9591014686431014
0 0.36623517901938424 0.959652802736602 0.37865648118586087 0.9585660798175599 0.38010712542759406 0.8638699247434436 0.3635453876852907 0.8653188893956671 0.36623517901938424 0.959652802736602
0 0.3472076111744584 0.9488011197263397 0.3566261379703535 0.9451962109464083 0.3582658757126568 0.8685632508551882 0.3415849030786773 0.8686314139110605 0.3472076111744584 0.9488011197263397
0 0.3237441128848347 0.9508539099201824 0.3359239669327252 0.9470074161915621 0.33352656100342076 0.8401315450399087 0.3197261505131129 0.8413389247434435 0.3237441128848347 0.9508539099201824
0 0.299988354618016 0.8541909042189281 0.29866005929304446 0.9502675860889396 0.31786077423033066 0.9471965096921322 0.313912669327252 0.8543639156214368 0.299988354618016 0.8541909042189281
0 0.27926855758266816 0.9352740490307867 0.29355369441277085 0.9395891881413911 0.29496921208665905 0.892179157354618 0.2811672451539339 0.8933866727480045 0.27926855758266816 0.9352740490307867
0 0.6263629680729761 0.7060348289623717 0.6484442462941847 0.704102968072976 0.6511882086659064 0.6718771242873431 0.6219637194982897 0.6716530410490308 0.6263629680729761 0.7060348289623717
0 0.22188076738882556 0.273645527936146 0.20175449486887115 0.27779042075256555 0.21076654846066134 0.34673607753705815 0.233249417331813 0.34476908209806156 0.22188076738882556 0.273645527936146