0 0.9457727069555303 0.1665504526795895 0.9125130820980615 0.1612487149372862 0.9069437936145952 0.19835686431014823 0.9397503899657925 0.20541095781071836 0.9457727069555303 0.1665504526795895
0 1 0.2511165929304447 0.9942897867730901 0.25029508209806156 0.9920946374002281 0.2816871744583808 1 0.2818536031927024 1 0.2511165929304447
0 0.9143600421892817 0.7687824743443558 0.9008172314709236 0.7621810695553022 0.8937709110604333 0.8289459281641962 0.9048895153933866 0.8315090171037629 0.9143600421892817 0.7687824743443558
0 0.6577278928164196 0.07766124629418472 0.6401804538198403 0.07613817445838084 0.6444996875712656 0.14191219270239452 0.6527427263397948 0.1430838015963512 0.6577278928164196 0.07766124629418472
0 0.43611063397947547 0.14578984036488027 0.4247844891676169 0.20570979247434434 0.47699248004561 0.2159077297605473 0.4895860672748005 0.15488600570125427 0.43611063397947547 0.14578984036488027
0 0.46830759863169896 0.5271867251995439 0.4606632474344356 0.6195049281641961 0.49651097263397953 0.6255828437856329 0.5025870604332953 0.5301789783352338 0.46830759863169896 0.5271867251995439
0 0.26177987571265676 0 0.2562175553021665 0.01744411402508552 0.293982244013683 0.02692967730900798 0.30016093728620297 0 0.26177987571265676 0
0 0.3119710877993158 0.049019575826681865 0.2823250969213227 0.032068094640820985 0.26026577993158495 0.0924247787913341 0.29371688369441273 0.10726310490307868 0.3119710877993158 0.049019575826681865
0 0.275399251995439 0.31698213340935005 0.24357987229190423 0.30553150741163054 0.23315413683010264 0.344085661345496 0.2620769087799316 0.35563290307867734 0.275399251995439 0.31698213340935005
0 0.17653236031927025 0.22614550399087802 0.1190916465222349 0.19802326339794754 0.07566444469783352 0.30033691676168756 0.14138204446978336 0.32993073318129984 0.17653236031927025 0.22614550399087802
0 0 0.9032990045610034 0.037406084378563284 0.915483802736602 0.05149588483466362 0.8670674675028507 0.014204259977194983 0.8561254184720639 0 0.899943464082098 0 0.9032990045610034
0 0.3113654914481186 0.746258582668187 0.32464399087799317 0.7534367046750285 0.34172115621436716 0.6963012690992018 0.32476702622576964 0.6921397206385405 0.3113654914481186 0.746258582668187
0 0.4804669646522235 0.9803920307867731 0.44556982668187006 0.9714045860889395 0.4426637936145952 0.995961692132269 0.4805353774230331 0.9986099304446978 0.4804669646522235 0.9803920307867731
0 0.4967522257696693 0.7985052782212086 0.5141680741163056 0.7982366795895097 0.5154110604332953 0.7209460478905358 0.5052699737742303 0.7214273135689852 0.4967522257696693 0.7985052782212086
0 0.26394411630558723 0.9143601208665907 0.23590266818700115 0.90853203990878 0.2294003968072976 0.9420037502850628 0.2613950387685291 0.9436458335233752 0.26394411630558723 0.9143601208665907
0 0.28535934777651084 0.9155615872291903 0.27454839794754843 0.9511128038768529 0.3129387856328392 0.9633205199543899 0.31989976966932726 0.9233336875712657 0.28535934777651084 0.9155615872291903
0 0.19112422576966934 0.6560105108323832 0.16814776738882553 0.7540998198403649 0.21203166362599773 0.7652036795895096 0.2307406385404789 0.6677087594070696 0.19112422576966934 0.6560105108323832
0 0.37546363854047893 0.08619696579247435 0.3610146510832383 0.08726822805017105 0.35759436488027363 0.12065785176738883 0.37191821094640826 0.11987543899657924 0.37546363854047893 0.08619696579247435
0 0.08369016647662486 0.6357011927023946 0.06971280387685291 0.6320438358038769 0.047908612314709234 0.7227766841505131 0.06363671607753706 0.727447700114025 0.08369016647662486 0.6357011927023946