0 0.870188110604333 0.2990336567844926 0.9833422816419611 0.31369680273660205 0.9910593135689851 0.26636584036488026 0.8808303192702395 0.2523303409350057 0.870188110604333 0.2990336567844926
0 0.9574898232611174 1 0.9588445644241733 0.9820204846066134 0.8490326134549601 0.9700306795895097 0.8445117947548461 1 0.9574898232611174 1
0 0.4589239087799316 0.8918391744583809 0.5914178038768528 0.9034308882554162 0.5975548084378564 0.860552598631699 0.4637258962371722 0.8505772428734322 0.4589239087799316 0.8918391744583809
0 0.5489553762827822 0.7961075838084378 0.598921857468643 0.8040520558722919 0.607278488027366 0.7596112736602052 0.5491787194982896 0.7526617251995439 0.5489553762827822 0.7961075838084378
0 0.6077592155074116 0.5940403112884834 0.6072088392246294 0.5594560513112885 0.5239560672748005 0.5640817594070695 0.5290104036488027 0.5948910741163056 0.6077592155074116 0.5940403112884834
0 0.6992108358038769 0.36624557924743445 0.707716740022805 0.3235227822120867 0.6143112805017104 0.3147564150513113 0.6129565701254276 0.3575088415051311 0.6992108358038769 0.36624557924743445
0 0.49782721778791333 0.3313595267958951 0.5737676727480046 0.3421708757126568 0.5811273078677309 0.29211244925883695 0.5006766875712657 0.2851649030786773 0.49782721778791333 0.3313595267958951
0 0.19472550057012541 0.18515800570125426 0.2450037582668187 0.1895567833523375 0.25194205017103766 0.14431433409350056 0.19827151539338655 0.13783228506271378 0.19472550057012541 0.18515800570125426
0 0 0.6932810809578107 0.050521950969213233 0.6957217491448119 0.05154360205245154 0.670419196123147 0.00034238996579247433 0.662962717217788 0 0.674991677309008 0 0.6932810809578107
0 0.16718689965792474 0.3500682041049031 0.24374779589509693 0.3537878928164196 0.24731824629418472 0.2959461596351197 0.16842315849486886 0.2882500889395667 0.16718689965792474 0.3500682041049031
0 0.3733147149372862 0.2966473318129989 0.41176316077537056 0.30001113568985177 0.41311942873432156 0.25725884378563285 0.3714338152793615 0.25003885404789056 0.3733147149372862 0.2966473318129989
0 0.39747133979475485 0.6268498654503991 0.4080802508551881 0.539652054732041 0.3209242736602052 0.5344093979475484 0.3056702269099202 0.6100003797035347 0.39747133979475485 0.6268498654503991
0 0.14408357810718359 0.770810354618016 0.1415869977194983 0.7789267742303306 0.19440743443557582 0.7883129703534777 0.19465186202964654 0.7753003819840365 0.14408357810718359 0.770810354618016
0 0.14165383922462943 0.7985823956670468 0.14331880045610035 0.8136143956670467 0.19251743671607754 0.8167282497149373 0.19336837514253136 0.8001894789053592 0.14165383922462943 0.7985823956670468
0 0.1384773637400228 0.8280771596351197 0.13368923261117446 0.8419485678449259 0.18339724287343215 0.8528473797035347 0.19123212314709237 0.8348257194982897 0.1384773637400228 0.8280771596351197
0 0.34586262827822123 0.9033822839224629 0.3442355598631699 0.9151493158494869 0.37929017217787914 0.9164297103762827 0.38532116419612317 0.9053836248574686 0.34586262827822123 0.9033822839224629