0 0.5510217548460662 0.6729763261117446 0.5418038688711516 0.6432954697833523 0.4719687685290764 0.6660175838084379 0.4857390171037628 0.6969620855188142 0.5510217548460662 0.6729763261117446
0 0.7591654469783352 0.6108509350057013 0.7443271208665907 0.5773998312428734 0.6978118415051312 0.5931407286202965 0.7084495450399088 0.6261024116305587 0.7591654469783352 0.6108509350057013
0 0.8008793101482327 0.9605460866590649 0.7849806305587229 0.9289547309007982 0.7548428734321551 0.940575968072976 0.762340402508552 0.9754457206385405 0.8008793101482327 0.9605460866590649
0 0.9464544743443557 0.5484013751425314 0.9299219646522234 0.5162575758266819 0.887167378563284 0.5347083660205245 0.8972550684150513 0.5683162394526796 0.9464544743443557 0.5484013751425314
0 0.7717577012542759 0.4845053968072976 0.8015016590649944 0.5353465974914481 0.8649999806157354 0.5071218620296466 0.8471209988597491 0.45144434663626 0.7717577012542759 0.4845053968072976
0 0.7834042690992018 0.259518354618016 0.760175542759407 0.20821999771949828 0.6955340330672748 0.2371198722919042 0.7232604059293045 0.2888994116305587 0.7834042690992018 0.259518354618016
0 0.2559668232611174 0.5051119087799316 0.25315313112884835 0.4648742269099202 0.19326315735461802 0.4851184424173318 0.2059418928164196 0.5132212246294184 0.2559668232611174 0.5051119087799316
0 0.09161955074116306 0.34237978677309006 0.07048586316989738 0.3040183648802736 0.0385167787913341 0.3234974275940707 0.05770090877993158 0.35951413340935007 0.09161955074116306 0.34237978677309006
0 0.8752778836944127 0.2114690912200684 0.8486608985176739 0.16278689851767386 0.8205054743443557 0.17724394982896238 0.8508442884834663 0.22380197263397947 0.8752778836944127 0.2114690912200684
0 0.9732452782212087 0.1178039418472064 0.9531345792474345 0.09066725313568985 0.9183152314709235 0.12045619270239452 0.9437965096921322 0.14864111516533637 0.9732452782212087 0.1178039418472064
0 0.9988166932725199 0.483492220068415 0.9957134025085518 0.4391130889395667 0.9692706624857469 0.45761207867730896 0.9891947981755986 0.49144371607753706 0.9988166932725199 0.483492220068415