0 0.8998081812998859 0.5812966157354618 0.9317192554161916 0.682586322690992 0.9841432953249715 0.6691221824401369 0.9521505758266819 0.5594061391106043 0.8998081812998859 0.5812966157354618
0 0.8473940798175599 0.6904217103762827 0.8607017058152793 0.7260585176738883 0.9071925815279361 0.7108259190421893 0.9009377194982896 0.6753528369441277 0.8473940798175599 0.6904217103762827
0 0.7913587514253135 0.6355894298745723 0.8135692850627139 0.7217081345496009 0.8534871870011403 0.7090418472063854 0.8315170478905359 0.6242864846066134 0.7913587514253135 0.6355894298745723
0 0.5437443318129989 1 0.5859392998859749 0.9925598882554162 0.567658165336374 0.9366982098061574 0.5247744503990878 0.9484801334093501 0.5338587924743443 1 0.5437443318129989 1
0 0.5418378095781071 0.8061992964652224 0.5512988791334094 0.8439200877993159 0.5784717879133409 0.8306880364880274 0.5638008175598632 0.7952916225769668 0.5418378095781071 0.8061992964652224
0 0.5079233135689852 0.7094832143671608 0.5237166898517673 0.7432728129988598 0.582070818700114 0.7315776738882555 0.5732510969213227 0.6895218437856327 0.5079233135689852 0.7094832143671608
0 0.40715427366020523 0.5682817183580388 0.44194951425313567 0.6620294515393387 0.5315632314709235 0.6363800855188141 0.504064228050171 0.5441588768529076 0.40715427366020523 0.5682817183580388
0 0.1405740992018244 0.9529195176738883 0.22185335461801597 0.935773157354618 0.20485398859749146 0.8473282633979475 0.11980828392246294 0.8749852166476625 0.1405740992018244 0.9529195176738883
0 0.4189996031927024 0.3326655724059293 0.45956837514253135 0.45915662485746866 0.5277821356898518 0.4316545484606613 0.49314471835803875 0.3069306887115166 0.4189996031927024 0.3326655724059293
0 0.3921364059293045 0.21219700456100343 0.4072113340935006 0.2658109749144812 0.4401550399087799 0.26140784264538197 0.4211537183580388 0.20145278449258838 0.3921364059293045 0.21219700456100343
0 0.3471691607753706 0.2201259441277081 0.3687366111744584 0.2866619384264538 0.3934250376282782 0.2752752873432155 0.3755448551881414 0.21371522576966934 0.3471691607753706 0.2201259441277081
0 0.24167448346636258 0.13181101140250856 0.34146860547320407 0.10014619726339795 0.3236700684150513 0.047012473204104906 0.22972565564424174 0.07201814139110604 0.24167448346636258 0.13181101140250856
0 0.44840014367160774 0.10098738540478906 0.49825778563283923 0.0809407685290764 0.4818210524515394 0.02756692132269099 0.4287584709236032 0.045364019384264535 0.44840014367160774 0.10098738540478906
0 0.5842754766248575 0.1783177023945268 0.6406259110604333 0.17119464994298747 0.6232270592930444 0.1123643511972634 0.5744117172177879 0.12237754503990879 0.5842754766248575 0.1783177023945268
0 0.5226334948688711 0.1793387958950969 0.5400338129988598 0.26208530444697836 0.575382165336374 0.24741170353477765 0.5603876875712657 0.17830939794754846 0.5226334948688711 0.1793387958950969
0 0.5736370592930444 0.4925022770809578 0.5940791698973774 0.5128126647662486 0.6276647639680729 0.5040775689851767 0.6228533523375143 0.4767907001140251 0.5736370592930444 0.4925022770809578
0 0.4568516271379704 0.5552983671607754 0.4415375005701254 0.5242357263397948 0.41051830558722924 0.5395532998859749 0.4216622953249715 0.5629105142531358 0.4568516271379704 0.5552983671607754
0 0.5013375416191562 0.5446396659064994 0.49083544013683006 0.5169504868871151 0.4556458380843786 0.524561094640821 0.46959689281641964 0.5558656681870011 0.5013375416191562 0.5446396659064994
0 0.5765650935005701 0.5417260228050171 0.5636435849486887 0.49577167046750287 0.5383525165336374 0.5026428050171038 0.5502093204104903 0.5596372668187001 0.5765650935005701 0.5417260228050171
0 0.5975261436716078 0.5410445724059293 0.5860126545039909 0.49966522348916764 0.5678013979475485 0.5022734503990878 0.5800012930444698 0.5543841379703535 0.5975261436716078 0.5410445724059293
0 0.5380096476624857 0.528025464082098 0.529384598631699 0.5030182725199543 0.4989741151653364 0.5150124663625998 0.5029951550741163 0.5378169201824401 0.5380096476624857 0.528025464082098
0 0.5319632383124288 0.5893841505131129 0.5524440900798175 0.579140818700114 0.5349521459521095 0.5303733124287343 0.5150220672748005 0.5308729749144812 0.5319632383124288 0.5893841505131129