0 0.6684135496009121 0.8964453340935006 0.6658901379703535 0.866831299885975 0.5950818255416191 0.8622306088939566 0.5902504446978335 0.8927347457240593 0.6684135496009121 0.8964453340935006
0 0.6473262474344356 0.9498794150513113 0.6515405028506271 0.9156706271379703 0.5937514937286202 0.9275627856328392 0.5901203466362599 0.9618655085518815 0.6473262474344356 0.9498794150513113
0 0.36740467616875716 0.9010687810718357 0.4036213797035348 0.894443377423033 0.38538453135689854 0.8236058779931585 0.35343217901938423 0.8317736123147093 0.36740467616875716 0.9010687810718357
0 0.36477642645381986 0.9745956830102622 0.3614655062713797 0.9328639543899657 0.30781617673888256 0.9375968072976054 0.301914441277081 0.9748588928164196 0.36477642645381986 0.9745956830102622
0 0.4874316602052452 0.6784164184720638 0.48656735233751425 0.708544322690992 0.549908811858609 0.7071515883694414 0.5500484287343216 0.6759059304446978 0.4874316602052452 0.6784164184720638
0 0.7088134595210946 0.656552417331813 0.6979587605473204 0.6928243740022806 0.7583349828962372 0.69686909350057 0.7610992531356899 0.6642341037628279 0.7088134595210946 0.656552417331813
0 0.6829608289623716 0.6850385735461801 0.6907556009122007 0.6566996704675029 0.6519925245153935 0.6433448072976055 0.6421605347776511 0.671251889395667 0.6829608289623716 0.6850385735461801
0 0.7928250501710375 0.6764743728620296 0.7918134515393387 0.6923601402508551 0.844118030786773 0.6942199646522235 0.8478301687571266 0.6821789897377424 0.7928250501710375 0.6764743728620296
0 0.3762129361459521 0 0.41623101026225773 0.09368067730900799 0.4463229441277081 0.08397484834663627 0.40808078905359174 0 0.3762129361459521 0
0 0.037398036488027364 0.5422121870011403 0.03142370581527936 0.5799326214367161 0.10028693158494868 0.585427542759407 0.10413274116305588 0.5535650045610034 0.037398036488027364 0.5422121870011403
0 0.17215158836944128 0.7579625940706956 0.2523287708095781 0.7394679954389966 0.24524250285062713 0.7064007833523376 0.16883630672748007 0.7219616761687572 0.17215158836944128 0.7579625940706956
0 0.0755385062713797 0.8707405872291905 0.04941795324971494 0.8705442029646522 0.049711123147092355 0.9123516579247434 0.08011906271379704 0.9063439179019384 0.0755385062713797 0.8707405872291905
0 0.046577021664766245 0.8087752417331813 0.049065929304446976 0.8443004047890535 0.07814412086659064 0.8428928437856329 0.0775755165336374 0.808527677309008 0.046577021664766245 0.8087752417331813
0 0.040932985176738886 0.798864047890536 0.07696612314709236 0.7933976339794755 0.07021343899657924 0.7790996237172177 0.03705931014823261 0.7834685267958951 0.040932985176738886 0.798864047890536
0 0.1565537833523375 0.7729318563283922 0.14352958836944127 0.7204324435575826 0.12460380387685291 0.7203662976054732 0.13676599201824402 0.776410441277081 0.1565537833523375 0.7729318563283922
0 0.5189917217787913 0.5645532166476626 0.5220991379703535 0.5107740889395667 0.48895019726339795 0.5189057537058153 0.49034310148232607 0.5708396066134549 0.5189917217787913 0.5645532166476626
0 0.5428113329532498 0.5280376704675028 0.5218123044469783 0.5296649201824402 0.5244265496009122 0.5606032177879133 0.5480410148232612 0.559532590649943 0.5428113329532498 0.5280376704675028
0 0.46124417901938425 0.15487095553021665 0.4533544207525656 0.17051527023945268 0.542395763968073 0.19664580273660207 0.5492243249714938 0.1838961174458381 0.46124417901938425 0.15487095553021665
0 0.49634054047890536 0.1382392850627138 0.4930077924743444 0.15358814709236032 0.6055924914481186 0.17718928164196124 0.6099532668187002 0.1610429817559863 0.49634054047890536 0.1382392850627138
0 0.5842249566704675 0.1906419749144812 0.5802607936145951 0.20618191676168757 0.6389390456100342 0.2209571881413911 0.6434842884834664 0.2036362212086659 0.5842249566704675 0.1906419749144812
0 0.6165258871151654 0.16509132041049032 0.6131466978335234 0.1807334047890536 0.6529370136830103 0.18950029076396807 0.6579773568985177 0.17285889167616877 0.6165258871151654 0.16509132041049032
0 0.6331620969213226 0.15685014709236034 0.6355536077537057 0.139843 0.6007098437856329 0.12831119726339796 0.5968426248574686 0.1451368198403649 0.6331620969213226 0.15685014709236034
0 0.9030936795895097 0.3066902805017104 0.8987973865450399 0.3413970535917902 0.9262258950969213 0.3428241368301026 0.9335885575826681 0.3115201938426454 0.9030936795895097 0.3066902805017104
0 0.362904267958951 0.5404325438996579 0.33663055074116305 0.5507019885974914 0.3498859247434436 0.5846719361459521 0.37397075142531355 0.569245015963512 0.362904267958951 0.5404325438996579
0 0.5012201630558724 0.9044895632839225 0.499194937286203 0.8660368312428735 0.4786121904218928 0.8726467970353478 0.4773910330672748 0.9031200045610034 0.5012201630558724 0.9044895632839225
0 0.5686495347776511 0.5243134925883695 0.547235015963512 0.5228707616875713 0.547362992018244 0.5600279350057012 0.5698048221208666 0.5587699988597492 0.5686495347776511 0.5243134925883695
0 0.6507870433295325 0.4687709965792474 0.6292591653363739 0.4718395108323831 0.6418967331812999 0.5286977309007982 0.659310110604333 0.5212330057012543 0.6507870433295325 0.4687709965792474
0 0.5538135176738883 0.03156672291904219 0.6016799509692132 0.10320858722919042 0.646640298745724 0.07364989509692133 0.6112146795895096 0.012644529076396807 0.5538135176738883 0.03156672291904219