0 0.528551496009122 0.79554165336374 0.4720271778791334 0.7944918517673889 0.4607319578107184 0.884817889395667 0.5205362052451539 0.8836079714937286 0.528551496009122 0.79554165336374
0 0.957047078677309 0.4091446419612315 0.9255828939566704 0.394379921322691 0.9006197457240593 0.4386600513112885 0.9331852246294186 0.44847331470923607 0.957047078677309 0.4091446419612315
0 0.8408964800456101 0.3679083740022805 0.806907258836944 0.42904624857468643 0.8387194994298746 0.4377662029646522 0.8690366602052452 0.3864379714937286 0.8408964800456101 0.3679083740022805
0 0.4639504241733181 0.39989762941847207 0.4413695267958951 0.4312532462941847 0.46956000342075255 0.44407813797035345 0.4887046647662486 0.41920288141391104 0.4639504241733181 0.39989762941847207
0 0.4316425963511973 0.3876513922462942 0.40716384834663627 0.36710667388825546 0.3840758483466363 0.39913156670467503 0.4076358711516534 0.4174054857468643 0.4316425963511973 0.3876513922462942
0 0.06069846750285063 0.33005853591790196 0.02053076054732041 0.33870166362599774 0.017196904218928163 0.40032788939566705 0.06323655758266819 0.39505818700114026 0.06069846750285063 0.33005853591790196
0 0.1954212212086659 0.4394372816419613 0.16683016191562144 0.4536484389965792 0.17450232155074116 0.47835234777651087 0.2033064401368301 0.46830676396807297 0.1954212212086659 0.4394372816419613
0 0.07535371721778791 0.566635330672748 0.06055916305587229 0.5723120798175598 0.07828569327251995 0.6429701641961231 0.09446683352337515 0.6409958449258837 0.07535371721778791 0.566635330672748
0 0.06972243329532497 0.7868764880273661 0.036807728620296465 0.7879048380843785 0.041022063854047885 0.8178913922462941 0.06725036716077537 0.8121066966932725 0.06972243329532497 0.7868764880273661
0 0.07011139566704674 0.6914862109464082 0.024660309007981756 0.7014714549600912 0.030692592930444698 0.7443933865450398 0.08167154161915621 0.7291359418472064 0.07011139566704674 0.6914862109464082
0 0.6215461368301026 0.9707434150513113 0.6243267126567845 0.9874408061573546 0.6974177799315849 0.9771685267958952 0.6877766681870012 0.9512423740022805 0.6215461368301026 0.9707434150513113
0 0.7733227377423033 0.9326242212086658 0.7033149281641962 0.9508573683010263 0.7080043648802737 0.9756806795895098 0.7791952269099202 0.9566816795895097 0.7733227377423033 0.9326242212086658
0 0.9417529646522236 0.8124196921322692 0.9303159361459521 0.782247472063854 0.879026377423033 0.8056461254275941 0.8882034697833523 0.8325368711516533 0.9417529646522236 0.8124196921322692