0 0.8130463055872292 0.14845119384264538 0.8442503329532498 0.17202403420752566 0.863679550741163 0.1395163842645382 0.8358025005701254 0.11922845381984037 0.8130463055872292 0.14845119384264538
0 0.6635987913340935 0.3631938015963512 0.6950788346636261 0.3788513614595211 0.715747755986317 0.33067713683010264 0.6840416442417332 0.3096229361459521 0.6635987913340935 0.3631938015963512
0 0.7555237468643102 0.4439196670467503 0.7850120057012542 0.46177738768529075 0.7989893477765109 0.441519441277081 0.7677693580387684 0.41976429190421893 0.7555237468643102 0.4439196670467503
0 0.752535393386545 0.5219230125427594 0.8254540353477765 0.5640013272519955 0.835678015963512 0.5369137616875713 0.7660778916761688 0.49509609578107183 0.752535393386545 0.5219230125427594
0 0.7444161117445838 0.579753503990878 0.7742263375142531 0.6023875450399088 0.7973313101482326 0.5543478472063854 0.7617987103762829 0.5322212588369442 0.7444161117445838 0.579753503990878
0 0.7719850820980616 0.6717791790193843 0.7948902041049031 0.6153086545039909 0.7610775610034207 0.6001060969213227 0.7373630114025086 0.6555242337514253 0.7719850820980616 0.6717791790193843
0 0.91706569327252 0.829877771949829 0.9470234994298746 0.8470393603192703 0.9686137160775371 0.8180416716077538 0.9338456590649944 0.7945583375142532 0.91706569327252 0.829877771949829
0 0.5124346818700114 0.8710269749144812 0.47629067388825547 0.8562775883694413 0.45018087685290764 0.9248650296465222 0.48387583352337515 0.9388807366020525 0.5124346818700114 0.8710269749144812
0 0.5249563067274801 0.8389563192702394 0.48942759635119726 0.8180371094640821 0.4787202371721779 0.8476412690992018 0.5115434811858609 0.8633385781071835 0.5249563067274801 0.8389563192702394
0 0.3507828403648803 0.7397407514253136 0.38690893728620296 0.7575179350057012 0.41626814367160775 0.7037228802736603 0.38219068415051316 0.6834320535917902 0.3507828403648803 0.7397407514253136
0 0.2579524754846066 0.7819796681870012 0.2968825530216648 0.7986069498289623 0.3035903124287343 0.764640488027366 0.26839385176738884 0.755150685290764 0.2579524754846066 0.7819796681870012
0 0.08926627366020524 0.42463069327251995 0.06970257924743443 0.4235929931584949 0.06181794184720638 0.4859143477765108 0.07866804446978334 0.48838680957810715 0.08926627366020524 0.42463069327251995
0 0.378451094640821 0.08836408893956671 0.44570221436716073 0.12307597491448119 0.4674536180159635 0.08558046294184721 0.37240234663626 0.029960836944127708 0.3316639521094641 0.10290235575826683 0.36290073432155073 0.1204201984036488 0.378451094640821 0.08836408893956671
0 0.5363961984036488 0.4931672405929305 0.5543912155074117 0.46124080045610033 0.5183768779931585 0.4440467571265679 0.49978264196123146 0.4791139885974915 0.5363961984036488 0.4931672405929305
0 0.6124053808437856 0.395524724059293 0.5667405496009121 0.3753676419612315 0.5544664743443557 0.4064844754846066 0.5981358289623717 0.4279383261117446 0.6124053808437856 0.395524724059293
0 0.48744650855188143 0.5837337434435576 0.42681415849486887 0.5955194789053592 0.43895415279361455 0.6430624948688712 0.4952133477765108 0.6330341094640821 0.48744650855188143 0.5837337434435576