0 0.1401203762827822 0.4850126830102623 0.19350634321550741 0.47059219726339796 0.1699191961231471 0.40823243557582667 0.12235650513112886 0.42514332497149376 0.1401203762827822 0.4850126830102623
0 0.11923648574686431 0.23535242531356898 0.1483028289623717 0.2156601448118586 0.11637329418472064 0.17057302394526797 0.08931231927023946 0.19189353021664768 0.11923648574686431 0.23535242531356898
0 0.0917549338654504 0.7941121436716077 0.1248727229190422 0.7973207651083238 0.1254762622576967 0.7461757787913341 0.09264080957810719 0.7480461003420753 0.0917549338654504 0.7941121436716077
0 0.4331841197263398 0.7188864184720639 0.46973795781071837 0.7125145142531357 0.44609860661345496 0.6424119372862029 0.4135654241733181 0.6484713603192702 0.4331841197263398 0.7188864184720639
0 0.6131272953249715 0.7368260706955531 0.610605204104903 0.6878433181299887 0.5777283340935006 0.6903059429874573 0.5786821619156214 0.736203031927024 0.6131272953249715 0.7368260706955531
0 0.7058952303306727 0.7209930399087798 0.7417866180159636 0.7166580125427595 0.7363601049030787 0.6752081961231471 0.6983351938426454 0.6832643990877993 0.7058952303306727 0.7209930399087798
0 0.8774724139110605 0.868696457240593 0.9143896396807297 0.8674091630558723 0.9160337936145951 0.835384905359179 0.8805298654503991 0.8329022291904219 0.8774724139110605 0.868696457240593
0 0.6899946271379703 0.6805979703534777 0.7233418939566705 0.674297874572406 0.7081039692132268 0.6285923432155074 0.6734243409350058 0.6398569053591789 0.6899946271379703 0.6805979703534777
0 0.6129699646522235 0.8002038551881414 0.6500334743443558 0.8042835872291905 0.6531522702394527 0.7681944834663625 0.6121457194982897 0.7593750273660206 0.6129699646522235 0.8002038551881414
0 0.688297157354618 1 0.6825380091220068 0.9857132554161915 0.6417743489167617 0.9989331801596351 0.6423500809578107 1 0.688297157354618 1
0 0.0610879236031927 0.1958718882554162 0.0903431858608894 0.24047440706955528 0.10639597833523376 0.22820493044469783 0.07362719042189281 0.1866303204104903 0.0610879236031927 0.1958718882554162