0 0.15407812542759408 0.07154687457240592 0.13507812542759406 0.12265624971493728 0.16654687457240594 0.12978281299885974 0.1926734378563284 0.08227031242873432 0.15407812542759408 0.07154687457240592
0 0.2164234378563284 0.10004687457240592 0.19801718700114024 0.12206250057012542 0.22414218700114025 0.14166250057012542 0.24373593728620296 0.12028124971493728 0.2164234378563284 0.10004687457240592
0 0.26451718700114024 0.13656406271379704 0.2372046875712657 0.18086093728620295 0.265110937286203 0.20402187457240595 0.29123593728620295 0.15413281299885975 0.26451718700114024 0.13656406271379704
0 0.666489062713797 0 0.6326453124287342 0.051385937286202964 0.6605515621436716 0.0697984378563284 0.7104265621436716 0 0.666489062713797 0
0 0.7695046875712657 0.17218750057012544 0.7389265621436716 0.2159 0.8000828129988597 0.2551 0.8315531254275941 0.21233749942987457 0.7695046875712657 0.17218750057012544
0 0.9307093751425314 0.27015781299885977 0.9081453124287343 0.2990484378563284 0.940803125427594 0.32042968757126566 0.9592093751425314 0.2925156248574686 0.9307093751425314 0.27015781299885977
0 0.5753484378563284 0.7074578129988598 0.5673312497149373 0.7207281254275941 0.6439265621436716 0.7599265621436716 0.6558 0.7504234378563284 0.5753484378563284 0.7074578129988598
0 0.5610968745724059 0.7421921870011403 0.5560499999999999 0.7528 0.6148312497149373 0.7872468745724059 0.6273000000000001 0.7753687502850627 0.5610968745724059 0.7421921870011403
0 0.5602062497149373 0.7795984378563283 0.5518937502850627 0.789621874572406 0.5827687502850627 0.805064062713797 0.5928625005701255 0.7919984378563284 0.5602062497149373 0.7795984378563283
0 0.4563 0.656585937286203 0.5038 0.6744031254275941 0.5109250000000001 0.658960937286203 0.4604562497149373 0.6387687502850627 0.4563 0.656585937286203
0 0.09886093728620296 0.8740046875712657 0.09173437514253135 0.9107812497149373 0.16179843785632841 0.9250343751425313 0.17011093728620297 0.8864296875712656 0.09886093728620296 0.8740046875712657
0 0.16743906271379702 0.6878640627137971 0.16239218700114025 0.7094437502850628 0.21820468757126568 0.7213234378563284 0.2211734378563284 0.702910937286203 0.16743906271379702 0.6878640627137971
0 0.33932968757126564 0.8241296875712657 0.33101718700114025 0.8781156248574686 0.37139218700114024 0.8864296875712656 0.3874234378563284 0.8365421870011402 0.33932968757126564 0.8241296875712657
0 0.41681562485746865 0.8748968745724058 0.41473750057012543 0.911375 0.4568937502850627 0.91375 0.4580812497149373 0.8781156248574686 0.41681562485746865 0.8748968745724058
0 0.42750312542759406 0.7323953124287343 0.42482968757126566 0.7480484378563285 0.4485812497149373 0.7533937502850627 0.4545187502850627 0.7421093751425314 0.42750312542759406 0.7323953124287343
0 0.43136093728620295 0.7225093751425313 0.4557062497149373 0.7296375005701253 0.4640187502850627 0.7189468745724059 0.43076875028506273 0.7106328129988597 0.43136093728620295 0.7225093751425313