0 0.8744449179019385 0.6233842941847206 0.8598255655644241 0.6694459794754846 0.9039209669327253 0.6829376100342075 0.9166277571265679 0.6351439931584949 0.8744449179019385 0.6233842941847206
0 1 0.11587807525655644 0.9871704697833523 0.16284239908779932 0.9996890376282783 0.16796873888255415 1 0.16682751995438996 1 0.11587807525655644
0 1 0.057637368301026226 0.9806576259977196 0.055262423033067276 0.9542714971493729 0.1582062770809578 0.9719255222348917 0.15827861459521095 1 0.06007941961231471 1 0.057637368301026226
0 0.7996733238312428 0.5071240935005702 0.7821152565564424 0.5917101071835804 0.7974237297605473 0.5935897502850628 0.814197575826682 0.5086083432155074 0.7996733238312428 0.5071240935005702
0 0.7563961904218929 0.4994174937286203 0.734788314709236 0.5829080433295325 0.7538469030786773 0.5834519441277082 0.772374221208666 0.5061650205245154 0.7563961904218929 0.4994174937286203
0 0.8365287742303307 0.6109536351197263 0.819009465222349 0.6076045416191562 0.8119332246294184 0.6438246453819841 0.8272586077537059 0.6475025655644241 0.8365287742303307 0.6109536351197263
0 0.8511908950969214 0.5499404025085519 0.8347687901938426 0.5425401402508552 0.8273549338654504 0.5766250570125427 0.8431612907639681 0.5812577742303306 0.8511908950969214 0.5499404025085519
0 0.8634173740022805 0.48444222120866587 0.8489153055872293 0.4808669646522235 0.841906771949829 0.5164971710376283 0.8561307080957811 0.5194400695553022 0.8634173740022805 0.48444222120866587
0 0.10731913226909921 0.5387644344355759 0.09041639338654503 0.5839475473204104 0.14946594298745725 0.6043585176738883 0.16465186887115166 0.5580672930444698 0.10731913226909921 0.5387644344355759
0 0 0.7568587297605472 0.02890936488027366 0.7636364127708095 0.0428219007981756 0.7109076408209806 0 0.6989536795895097 0 0.7568587297605472
0 0.08235765336374001 0.2796661163055872 0.07031846864310148 0.3290356510832383 0.12199510376282782 0.34136283352337515 0.1323279486887115 0.28849206271379707 0.08235765336374001 0.2796661163055872
0 0.06000037286202965 0.2135092622576967 0.047860596351197264 0.24910764196123147 0.12559629874572406 0.2682237286202965 0.13211749258836944 0.2391139828962372 0.06000037286202965 0.2135092622576967
0 0.258346086659065 0.2773448460661345 0.1884809236031927 0.25740051311288487 0.16010401596351198 0.38343007981755983 0.23336707753705815 0.40289431014823257 0.258346086659065 0.2773448460661345