0 0.5422964652223489 0.12336759407069556 0.5485072531356898 0.10201691562143672 0.47348151767388824 0.09186981984036488 0.4681956009122007 0.11785525769669326 0.5422964652223489 0.12336759407069556
0 0.49600558836944125 0.3931920741163056 0.5035239749144812 0.3319597309007982 0.4579053135689852 0.3283482953249715 0.4497492348916761 0.38990219498289624 0.49600558836944125 0.3931920741163056
0 0.6008897309007981 0.36722285176738884 0.5979100604332953 0.3525141470923603 0.5204684595210947 0.3449906237172178 0.5220758232611175 0.36113182554161916 0.6008897309007981 0.36722285176738884
0 0.5950513785632839 0.39041231128848347 0.5961248095781072 0.3767978996579247 0.5240546442417332 0.3669397126567845 0.5207243500570126 0.38188273546180157 0.5950513785632839 0.39041231128848347
0 0.6445436431014823 0.4550570022805017 0.6575152303306727 0.42736423717217786 0.6234883911060433 0.41947737058152795 0.613513968072976 0.4446714618015964 0.6445436431014823 0.4550570022805017
0 0.6778760957810719 0.6025797571265679 0.6821411425313569 0.5678437434435576 0.5992867844925884 0.5581065701254275 0.592567054732041 0.5909102793614595 0.6778760957810719 0.6025797571265679
0 0.7477322063854048 0.652394070695553 0.7619608745724059 0.5949751174458381 0.68077865336374 0.5838123500570125 0.6716343204104902 0.6485429281641961 0.7477322063854048 0.652394070695553
0 0.8819756841505131 0.7429825940706956 0.8865079486887115 0.6963262314709235 0.8095862485746865 0.6869916305587229 0.8011769144811859 0.7384409099201824 0.8819756841505131 0.7429825940706956
0 0.9686251425313569 0.6657701014823261 0.9733237765108325 0.627502794754846 0.9203355438996579 0.6181394230330673 0.9092479190421893 0.6572846522234891 0.9686251425313569 0.6657701014823261
0 0.8605664389965793 0.46424894982896237 0.8639403454960092 0.42701383124287345 0.8035402098061573 0.42198731356898517 0.803746700114025 0.45684574572405934 0.8605664389965793 0.46424894982896237
0 0.7411226123147092 0.8523855199543899 0.7478849224629419 0.7826948631698974 0.6907161676168757 0.7781469692132269 0.6756462736602052 0.8497251949828962 0.7411226123147092 0.8523855199543899
0 0.8096743728620297 0.8787315701254277 0.8132478882554162 0.8642308608893957 0.7372843865450398 0.8519772143671608 0.7352734344355758 0.8707911277080957 0.8096743728620297 0.8787315701254277
0 0.805230007981756 0.9002991368301027 0.8068927628278221 0.8867570855188142 0.732931503990878 0.8801205701254275 0.7313475838084379 0.8930205678449259 0.805230007981756 0.9002991368301027
0 0.7948233318129989 0.921731259977195 0.7947165632839224 0.907971937286203 0.7318808677309008 0.9032933819840365 0.728973007981756 0.9172319612314709 0.7948233318129989 0.921731259977195
0 0.5832999395667047 0.8515344948688711 0.5438860228050171 0.8460968643101483 0.5344959954389966 0.8933531858608894 0.5755556898517674 0.8975414481185862 0.5832999395667047 0.8515344948688711
0 0.14417181870011403 0.8274968779931584 0.09991115393386546 0.8274415096921323 0.09873725883694412 0.8613622246294185 0.13658836830102622 0.8624630068415051 0.14417181870011403 0.8274968779931584
0 0.6839515165336374 1 0.6934126214367161 0.9535029737742304 0.6539389099201824 0.9534371607753707 0.6490157651083238 1 0.6839515165336374 1
0 0.6992455815279361 0.44802734549600914 0.7102651653363741 0.43623237628278216 0.6797033021664766 0.41472878791334095 0.6720186909920183 0.4261587160775371 0.6992455815279361 0.44802734549600914