0 0.5968816784492589 0.9128016396807297 0.5998101322690993 0.9009270193842644 0.5200505530216648 0.902148897377423 0.5174209407069555 0.9140125712656785 0.5968816784492589 0.9128016396807297
0 0.6017474823261117 0.8789992976054732 0.6021446556442418 0.8663248722919042 0.5219231083238313 0.8760265427594071 0.5238102314709236 0.884135858608894 0.6017474823261117 0.8789992976054732
0 1 0.9068313135689852 0.963613984036488 0.9129716602052452 0.9631577525655645 0.9271709726339795 1 0.9218438289623717 1 0.9068313135689852
0 1 0.8751248540478905 0.9705159692132269 0.8806486898517674 0.9731026465222349 0.8931748255416191 1 0.8890908814139111 1 0.8751248540478905
0 0.6137465302166477 0.6662988494868872 0.7533023876852908 0.6820315108323831 0.7557778198403649 0.6065683169897378 0.6288470239452679 0.5870357514253136 0.6137465302166477 0.6662988494868872
0 0.49079080957810717 0.6263176898517674 0.49025239566704676 0.5849630843785633 0.406695771949829 0.5849844834663626 0.40955053819840365 0.6257918700114026 0.49079080957810717 0.6263176898517674
0 0.24877916647662485 0.7721502177879134 0.3061611436716078 0.7738714515393386 0.3064840718358039 0.7227730798175599 0.24086206043329533 0.7259590992018243 0.24877916647662485 0.7721502177879134
0 0.4008860114025085 0.7570666351197264 0.39686257810718356 0.7240726408209807 0.32099268301026224 0.7270798939566704 0.32319416647662486 0.7637526328392247 0.4008860114025085 0.7570666351197264
0 0.7962015222348917 0.1899766590649943 0.8025728278221208 0.13912103762827824 0.7774463477765108 0.1322894526795895 0.7695941208665906 0.18330369327251997 0.7962015222348917 0.1899766590649943
0 0.9454101208665907 0.2780508814139111 0.9586409475484606 0.2074889521094641 0.8863907605473204 0.17869467844925885 0.8801167411630559 0.2529576385404789 0.9454101208665907 0.2780508814139111
0 0.657870228050171 0.049132415051311294 0.6992031744583809 0.05579858950969214 0.709933378563284 0.021067417331813 0.6584454310148232 0.01480891676168757 0.657870228050171 0.049132415051311294
0 0.3739313740022805 0.0706811630558723 0.37321142759407067 0.03956697035347776 0.3350579099201824 0.037802838084378565 0.33461763169897374 0.07297821778791334 0.3739313740022805 0.0706811630558723
0 0 0.17744284036488026 0.022450584948688714 0.17439646750285065 0.018271015963511973 0.13662115621436716 0 0.1399622314709236 0 0.17744284036488026
0 0 0.09716109236031928 0.0516906031927024 0.108506417331813 0.056858519954389966 0.0652149874572406 0.0011467251995438998 0.07403886887115164 0 0.07701228506271379 0 0.09716109236031928
0 0.1389585701254276 0.05221161687571266 0.13751654047890535 0.0582790889395667 0.2323377913340935 0.0534693740022805 0.23073796579247433 0.037675189281641965 0.1389585701254276 0.05221161687571266
0 0.8734480889395667 0.6245650125427594 0.8817043169897377 0.5704082576966932 0.8383024720638541 0.5658716362599772 0.8355138836944128 0.6222678232611174 0.8734480889395667 0.6245650125427594
0 0.9151819543899657 0.6299669669327252 0.9562380387685291 0.6348751197263398 0.9549055245153933 0.6188709087799316 0.9190977662485746 0.6167352451539339 0.9151819543899657 0.6299669669327252
0 0.4283682531356899 0.6914549897377423 0.4300832052451539 0.6491454994298747 0.4026427970353478 0.6504874595210945 0.4025774891676169 0.6899380661345497 0.4283682531356899 0.6914549897377423