0 0.6760971334093501 0 0.6609759110604333 0.03438524857468643 0.9185712748004561 0.15063509236031927 0.9250393546180159 0.12129042873432155 0.677777377423033 0 0.6760971334093501 0
0 0.669919913340935 0.08540012428734321 0.8818317776510833 0.18734055530216648 0.8931148141391106 0.1640601858608894 0.6803338278221209 0.06519620638540478 0.669919913340935 0.08540012428734321
0 0.33310379703534776 0.2265034104903079 0.3379156111744584 0.2666044914481186 0.39227157468643103 0.2555166944127708 0.38529429190421893 0.21467855302166475 0.33310379703534776 0.2265034104903079
0 0.35273435005701254 0.2996851687571266 0.3548754743443558 0.3257368871151653 0.3904309977194983 0.32319389167616874 0.3903145564424173 0.29653973660205246 0.35273435005701254 0.2996851687571266
0 0.29337412998859747 0.3029375062713797 0.2962298802736602 0.33010815507411634 0.34583165906499436 0.3248947981755986 0.3405265849486887 0.29998160205245156 0.29337412998859747 0.3029375062713797
0 0.6704366966932725 0.17552104675028507 0.776625118586089 0.2258705929304447 0.7880336727480046 0.20376950171037628 0.6732678050171038 0.15133480843785635 0.6704366966932725 0.17552104675028507
0 0.6614854116305587 0.1812395997719498 0.6548944971493729 0.19805502964652225 0.7617992611174458 0.24952489737742303 0.7679841527936146 0.23454163283922463 0.6614854116305587 0.1812395997719498
0 0.8140097309007982 0.2464254378563284 0.7984418586088939 0.24029884834663626 0.7903883808437856 0.2602546738882554 0.7998570057012543 0.2651385632839225 0.8140097309007982 0.2464254378563284
0 0.7784621835803877 0.25753483922462944 0.7790144982896237 0.2542842998859749 0.7909197263397948 0.23690874230330672 0.7802604697833523 0.2320572976054732 0.7693181220068416 0.2529137765108324 0.7784621835803877 0.25753483922462944
0 0.8164078494868872 0.20675903192702397 0.8018013033067275 0.2041135267958951 0.7928485621436715 0.22117876510832385 0.806484236031927 0.22593261687571267 0.8164078494868872 0.20675903192702397
0 0.23773423033067276 0.6199196077537058 0.17654353135689851 0.6000758209806157 0.17153791790193842 0.6149335678449259 0.23003696009122007 0.6375693158494868 0.23773423033067276 0.6199196077537058
0 0.2609977628278221 0.48908053135689855 0.19082239908779933 0.49167852337514256 0.19137951653363738 0.5083396852907639 0.26101158380843786 0.5062528460661345 0.2609977628278221 0.48908053135689855