0 0.9412534025085519 0.5879845324971493 0.9903540136830103 0.5984494367160775 0.9959161824401368 0.5669048141391106 0.9514647457240593 0.5522983728620297 0.9412534025085519 0.5879845324971493
0 0.6108127400228051 0.7044928871151654 0.6187960798175599 0.6660466567844926 0.4805511710376283 0.6157706248574687 0.46353980729760547 0.6609578152793614 0.6108127400228051 0.7044928871151654
0 0.533120291904219 0.5706622964652224 0.5429494161915621 0.528595645381984 0.48733062029646523 0.5157755895096922 0.476884409350057 0.5476648437856328 0.533120291904219 0.5706622964652224
0 0.6102787924743444 0.36387542303306725 0.6256082690992019 0.3299453215507412 0.5593894492588369 0.30200805245153933 0.5448868061573546 0.33980611972633984 0.6102787924743444 0.36387542303306725
0 0.5992022120866591 0.2506014218928164 0.6872209122006842 0.2762805188141391 0.7051683420752566 0.24459061687571265 0.6111600022805016 0.21355885974914482 0.5992022120866591 0.2506014218928164
0 0.6146131003420752 0.14610559179019383 0.7585437537058153 0.1949185929304447 0.7842134618015965 0.15191654161915621 0.6367475210946408 0.09579898631698973 0.6146131003420752 0.14610559179019383
0 0.42543593500570126 0.23080458950969213 0.44069797491448115 0.19554730330672748 0.3841138460661345 0.18135438768529077 0.37184396237172174 0.20990911744583807 0.42543593500570126 0.23080458950969213
0 0.21887572862029647 0.26364882668187 0.181587677309008 0.252858330672748 0.16753206499429876 0.2847108859749145 0.2044061630558723 0.29784002964652223 0.21887572862029647 0.26364882668187
0 0.5406460992018244 0.41856468643101485 0.5309644047890536 0.45466631698973775 0.6519328597491448 0.49179572177879133 0.6683625496009122 0.45674590992018244 0.5406460992018244 0.41856468643101485
0 0.9111892189281642 0.35500413340935005 0.9459830296465223 0.36797272405929304 0.9774161299885975 0.29741376396807295 0.9389268072976055 0.2900257343215507 0.9111892189281642 0.35500413340935005
0 1 0.3610293728620297 0.9999634982896237 0.36102040022805015 0.9840885153933865 0.41002066248574687 1 0.4210873956670468 1 0.3610293728620297