0 0.7962804903078677 0.1378949771949829 0.7769895074116305 0.27310378335233754 0.8157713420752566 0.28689117331812997 0.8365526636259978 0.14431929532497148 0.7962804903078677 0.1378949771949829
0 0.7394466841505131 0.1281187172177879 0.7267408050171037 0.1805423078677309 0.7533223124287344 0.18266238996579248 0.7604247696693273 0.13332279817559864 0.7394466841505131 0.1281187172177879
0 0.001060309007981756 0.2337411117445838 0.013498801596351199 0.2717082417331813 0.07538946636259977 0.25932020296465225 0.06615966590649944 0.21581764766248573 0.001060309007981756 0.2337411117445838
0 0 0.3200106624857469 0.018782409350057015 0.3147397696693272 0 0.26943928734321554 0 0.3200106624857469
0 0.27054210034207526 0.5381372155074117 0.27646649486887115 0.557155409350057 0.31309746864310145 0.543681409350057 0.3058536795895097 0.5309568574686431 0.27054210034207526 0.5381372155074117
0 0.27866881755986317 0.5604758255416192 0.2795891778791334 0.5777156020524515 0.3165113340935006 0.5666002588369441 0.31354392474344356 0.5497535096921322 0.27866881755986317 0.5604758255416192
0 0.28024060775370585 0.5830210718358039 0.2863201664766249 0.59843096009122 0.3211005530216648 0.5893732200684151 0.31990190763968074 0.5723029965792474 0.28024060775370585 0.5830210718358039
0 0.6765484207525655 0.5074333169897377 0.6807137366020525 0.52188182668187 0.7174807274800455 0.5143747890535918 0.7153110182440137 0.5040119669327252 0.6765484207525655 0.5074333169897377
0 0.6717721094640821 0.5367416750285062 0.6784394424173318 0.5520793945267959 0.7085067856328392 0.5436003420752565 0.7039879122006841 0.5287339931584949 0.6717721094640821 0.5367416750285062
0 0.6676559315849487 0.566567189281642 0.6726292018244013 0.5827111220068415 0.7063034903078678 0.5743889749144812 0.7025927913340935 0.5612070022805017 0.6676559315849487 0.566567189281642
0 0.6997915210946408 0.5895487080957811 0.6608858643101482 0.599112968072976 0.668805755986317 0.6148951014823262 0.7029968175598631 0.6059097217787913 0.6997915210946408 0.5895487080957811
0 0.5738200695553022 0.674427188141391 0.49776608779931586 0.6640198244013683 0.49744608095781073 0.7101337993158494 0.5743082109464082 0.7222381368301025 0.5738200695553022 0.674427188141391
0 0.8364522576966933 0.39684664538198405 0.8372987069555302 0.4134972873432155 0.9539141049030787 0.39858050855188143 0.9546267366020524 0.3848963477765108 0.8364522576966933 0.39684664538198405
0 0.7802263454960091 0.34331389737742307 0.7869675883694413 0.3592407514253136 0.8171177366020524 0.34656406955530217 0.8164301516533637 0.33366893272519954 0.7802263454960091 0.34331389737742307
0 0.8254909361459521 0.35630687913340936 0.8002844572405929 0.36538550969213224 0.8057762428734321 0.38086756784492587 0.8284789635119726 0.3708983671607754 0.8254909361459521 0.35630687913340936
0 0.8629809418472064 0.4229094424173318 0.8704666750285063 0.4351556305587229 0.9512056510832383 0.42524212998859745 0.9474110285062713 0.4089534777651083 0.8629809418472064 0.4229094424173318
0 0.8271472816419613 0.5451894857468643 0.8333715610034207 0.5617780228050171 0.9309304606613455 0.5378319680729761 0.9273753055872291 0.5210447913340935 0.8271472816419613 0.5451894857468643
0 0.8062618677309008 0.4968919635119726 0.8171386362599772 0.5075237913340935 0.8287080410490308 0.5043086202964652 0.8283785553021664 0.4869962930444698 0.8062618677309008 0.4968919635119726
0 0.8473915210946409 0.5833930353477765 0.855166692132269 0.59799651995439 0.9195063523375142 0.5763346476624858 0.9164563854047891 0.5636618848346636 0.8473915210946409 0.5833930353477765
0 0.8297945974914481 0.5813662029646522 0.7833103397947548 0.587671961231471 0.7828452257696693 0.5984999794754846 0.833671833523375 0.5934556750285063 0.8297945974914481 0.5813662029646522
0 0.8666225302166477 0.6133444937286203 0.8755039908779931 0.6272139338654503 0.9054974230330672 0.6181457491448119 0.9037696807297605 0.6064976088939567 0.8666225302166477 0.6133444937286203
0 0.7541937297605473 0.4284885416191562 0.7583605963511972 0.4429368620296465 0.7903286362599772 0.44020652337514254 0.7879545781071836 0.4233073842645382 0.7541937297605473 0.4284885416191562
0 0.72270086659065 0.4156008050171037 0.6940513112884834 0.41612590992018245 0.6838577035347776 0.4646502029646522 0.7143371470923603 0.4692842976054732 0.72270086659065 0.4156008050171037
0 0.7607180912200684 0.47675317901938424 0.7761550570125428 0.5245248437856328 0.8028191790193843 0.5224457457240592 0.7929317457240593 0.4711511904218928 0.7607180912200684 0.47675317901938424
0 0.8480820250855188 0.26257851881413913 0.8481429680729761 0.3020638460661345 0.8916616465222349 0.3056967069555302 0.897092488027366 0.2744110307867731 0.8480820250855188 0.26257851881413913
0 0.843418118586089 0.1710018061573546 0.841018251995439 0.19044545724059295 0.8961682508551881 0.196239425313569 0.8991867924743443 0.17455209007981753 0.843418118586089 0.1710018061573546
0 0.029670208665906497 0.3887977103762828 0.0416018015963512 0.4226364697833523 0.08404495438996579 0.41263785860889396 0.06911663283922463 0.3787656237172178 0.029670208665906497 0.3887977103762828
0 0 0.4335398437856329 0.031138874572405932 0.4251191470923603 0.027757515393386542 0.38783614139110606 0 0.39395681299885976 0 0.4335398437856329