0 0.5577486784492589 0.3924482257696693 0.5523311014823261 0.3620385153933865 0.4164032155074116 0.39198507525655646 0.42326912542759404 0.42204041619156213 0.5577486784492589 0.3924482257696693
0 0.7871412554161916 0.2352514047890536 0.8386535450399087 0.22649150741163054 0.8222092006841505 0.18339430900798173 0.7727624789053592 0.190023598631699 0.7871412554161916 0.2352514047890536
0 0.959105117445838 0.21041960889395667 0.9552030558722919 0.18578295781071838 0.8986455940706956 0.1953403489167617 0.9072091299885975 0.22095197605473202 0.959105117445838 0.21041960889395667
0 0.9473058038768529 0.13592167274800457 0.8834964002280501 0.1490338449258837 0.8909424515393387 0.1865575678449259 0.9522298232611174 0.16701070581527935 0.9473058038768529 0.13592167274800457
0 0.6557287719498289 0.10393113797035348 0.7061915051311289 0.09233013683010262 0.7008957092360318 0.05889380045610035 0.6457414561003421 0.07123786431014822 0.6557287719498289 0.10393113797035348
0 0.22964465222348918 0.13894457696693271 0.21888513112884833 0.10517130786773089 0.1629584275940707 0.11643383124287343 0.16801838882554163 0.1540744481185861 0.22964465222348918 0.13894457696693271
0 0 0.2770509794754846 0.062132746864310154 0.2655279771949829 0.05495011744583809 0.23155520182440137 0 0.24058709806157355 0 0.2770509794754846
0 0.4434187799315849 0.7599216316989738 0.5589778916761687 0.7380103774230331 0.5535371185860889 0.7226362839224629 0.4436277434435576 0.7460588939566705 0.4434187799315849 0.7599216316989738
0 0.5991152086659065 0.5777158392246294 0.5948186613454961 0.5657705883694413 0.5321333283922463 0.5799070285062714 0.5337783340935006 0.5902931881413912 0.5991152086659065 0.5777158392246294
0 0.6573975165336374 0.8811720262257696 0.634920842645382 0.8721030615735462 0.5668068711516534 0.8937151402508552 0.569036550741163 0.9077927844925884 0.6573975165336374 0.8811720262257696
0 0.9091094104903079 0.7282551379703535 0.8974541163055872 0.6964271984036489 0.8421445370581527 0.7039850718358038 0.8569206579247434 0.7479460604332954 0.9091094104903079 0.7282551379703535
0 0.8142696510832382 0.9417115347776511 0.8507218107183581 0.9365392314709237 0.8440962668187001 0.8985027137970354 0.8060707970353478 0.9051280900798175 0.8142696510832382 0.9417115347776511
0 0.8472032189281642 0.4626569452679589 0.814364125427594 0.4678581459521095 0.8301132930444698 0.502780637400228 0.851205897377423 0.49930542987457244 0.8472032189281642 0.4626569452679589
0 0.8710154720638541 0.3662828631698974 0.8658750011402508 0.33763271607753703 0.8310601368301026 0.34555145381984037 0.8415365917901939 0.3756297651083238 0.8710154720638541 0.3662828631698974
0 0.8206506476624857 0 0.8264763956670468 0.016754851767388827 0.8595608380843786 0.00550169897377423 0.8573114287343215 0 0.8206506476624857 0
0 0.23040209350057012 0.34868490193842644 0.1645061550741163 0.36152797947548465 0.16328960205245155 0.4316551094640821 0.2442336750285063 0.4132409578107184 0.23040209350057012 0.34868490193842644