0 0.046312500570125426 0.07867187457240593 0.054328125427594076 0.09652343785632839 0.12260937514253137 0.07514375028506272 0.11786093728620296 0.04841718700114025 0.046312500570125426 0.07867187457240593
0 0.03651562485746864 0.027015624857468647 0.044234375142531354 0.05316875028506271 0.09470312542759407 0.03535 0.08698437514253135 0.010406249714937288 0.03651562485746864 0.027015624857468647
0 0.007124999999999999 0.03681249942987457 0.016921874572405928 0.0597 0.03295312542759407 0.057918750285062715 0.027609375142531357 0.032381249714937284 0.007124999999999999 0.03681249942987457
0 0.8772703124287344 0.872225 0.8861765621436716 0.9422578129988597 0.9348656248574687 0.9375078129988598 0.9289281254275942 0.868614062713797 0.8772703124287344 0.872225
0 0.8995374994298746 0.9826624994298746 0.9010218745724059 0.998753125427594 0.943771874572406 0.9968984378563285 0.9455531254275941 0.9725484378563284 0.8995374994298746 0.9826624994298746
0 0.771285937286203 0.45273750057012546 0.773364062713797 0.4778171870011403 0.8499593751425313 0.46475 0.8487703124287344 0.4386187502850627 0.771285937286203 0.45273750057012546
0 0.707160937286203 0.25145468757126566 0.7199265621436716 0.30795781299885977 0.7513953124287344 0.29845468757126564 0.7430828129988597 0.24915937514253136 0.707160937286203 0.25145468757126566
0 0.9556468745724059 0.008312500570125428 0.9639593751425314 0.04544687457240593 0.998753125427594 0.03594531242873432 0.998753125427594 0 0.9556468745724059 0.008312500570125428
0 0.9636625005701255 0.21226718700114025 0.974053125427594 0.24737812542759408 0.998753125427594 0.2402515621436716 0.998753125427594 0.19630156214367162 0.9636625005701255 0.21226718700114025
0 0.7445671870011402 0.06887499999999999 0.7537703124287343 0.10899687457240594 0.7864265621436716 0.08880312542759407 0.778114062713797 0.056137500570125426 0.7445671870011402 0.06887499999999999
0 0.5219093751425313 0.11697031242873433 0.5121125005701254 0.15710312542759405 0.548925 0.16126093728620294 0.558425 0.12384375028506271 0.5219093751425313 0.11697031242873433
0 0.4889562497149373 0.14641249942987458 0.506175 0.14878750057012544 0.5192375005701254 0.12028124971493728 0.5008312497149373 0.1161234378563284 0.4889562497149373 0.14641249942987458
0 0.5726765621436716 0.6468953124287343 0.5881140627137971 0.6987531254275942 0.6362062497149373 0.6934078129988598 0.6338312497149373 0.6429250000000001 0.5726765621436716 0.6468953124287343
0 0.057296874572405926 0.5033546875712657 0.031765624857468644 0.4546546875712657 0 0.47365937514253137 0.02404687457240593 0.5199843751425314 0.057296874572405926 0.5033546875712657
0 0.9235828129988597 0.587221874572406 0.9307093751425314 0.646489062713797 0.9722718745724058 0.6423312497149374 0.9663343751425313 0.5841281254275941 0.9235828129988597 0.587221874572406