0 0.4830187502850627 0.37905156214367164 0.5572375005701254 0.37549218700114023 0.5613937502850627 0.33693593728620297 0.4883625005701254 0.3440531254275941 0.4830187502850627 0.37905156214367164
0 0.5162687502850627 0.48048437514253134 0.5833624994298745 0.47277343785632836 0.5809875005701255 0.43896249942987453 0.515675 0.44311406271379705 0.5162687502850627 0.48048437514253134
0 0.5753484378563284 0.4050281254275941 0.578614062713797 0.44489375028506273 0.666489062713797 0.4247265621436716 0.666489062713797 0.3903218745724059 0.5753484378563284 0.4050281254275941
0 0.9307093751425314 0.5535796875712657 0.9318968745724059 0.5902218745724059 0.9877093751425314 0.5836968745724059 0.9847406248574686 0.5498859372862029 0.9307093751425314 0.5535796875712657
0 0.9316 0.6371937502850628 0.9229906248574686 0.6750453124287343 0.957428125427594 0.68335 0.967521874572406 0.6453875005701254 0.9316 0.6371937502850628
0 0.607410937286203 0.6701062497149373 0.6195828129988598 0.7456343751425313 0.6658953124287343 0.736735937286203 0.6439265621436716 0.6673343751425314 0.607410937286203 0.6701062497149373
0 0.355360937286203 0.6950124994298746 0.352985937286203 0.7480062497149373 0.3951437502850627 0.7527515621436717 0.3987062497149373 0.6981796875712657 0.355360937286203 0.6950124994298746
0 0.23334531242873432 0.440610937286203 0.22414218700114025 0.46921406271379706 0.2894546875712657 0.47870468757126566 0.2948 0.44667343785632835 0.23334531242873432 0.440610937286203
0 0.35981406271379707 0.3907968745724059 0.3547687502850627 0.4259124994298746 0.390985937286203 0.42947187457240593 0.39395468757126567 0.3921015621436716 0.35981406271379707 0.3907968745724059
0 0.17456406271379704 0.21289218700114024 0.16714218700114025 0.24973906271379706 0.2734234378563284 0.27524531242873435 0.286485937286203 0.23609531242873433 0.17456406271379704 0.21289218700114024
0 0.002078125427594071 0.155425 0.04245312542759407 0.16728750057012542 0.05848437514253135 0.11034375028506271 0 0.09907187457240592 0.002078125427594071 0.155425
0 0.1469531254275941 0.4592906248574687 0.14101562485746866 0.497685937286203 0.1926734378563284 0.5012453124287343 0.20395312542759408 0.4662484378563284 0.1469531254275941 0.4592906248574687
0 0.04364062485746864 0.40769687457240594 0.041265624857468645 0.4419281254275941 0.09529843785632838 0.4478593751425314 0.10004687457240592 0.4116765621436716 0.04364062485746864 0.40769687457240594
0 0.21731406271379702 0.3329781254275941 0.20632968757126566 0.369560937286203 0.2401734378563284 0.37608593728620293 0.25086093728620296 0.33990156214367157 0.21731406271379702 0.3329781254275941
0 0.078375 0.3134078129988598 0.07095312542759406 0.3476125005701254 0.12439218700114026 0.34346093728620297 0.12914062485746863 0.3126171870011403 0.078375 0.3134078129988598
0 0.520425 0.6317453124287344 0.5239874994298745 0.6453875005701254 0.597614062713797 0.6376765621436716 0.597614062713797 0.6198796875712658 0.520425 0.6317453124287344
0 0.8006765621436717 0.19421093728620295 0.7917703124287343 0.24914531242873433 0.8250218745724059 0.2532984378563284 0.8368953124287343 0.19991249942987457 0.8006765621436717 0.19421093728620295
0 0.5940515621436716 0.16663749942987457 0.5922687502850628 0.20347187457240593 0.6290828129988598 0.20287812542759406 0.6326453124287342 0.17143906271379702 0.5940515621436716 0.16663749942987457
0 0.5251750000000001 0 0.5293312497149373 0.04924687457240593 0.5649562497149373 0.04390781299885975 0.5524875005701254 0 0.5251750000000001 0
0 0.33042343785632844 0.24224687457240593 0.32330000000000003 0.277025 0.35001718700114026 0.2841437502850627 0.35773750057012543 0.24914531242873433 0.33042343785632844 0.24224687457240593
0 0.17278124971493727 0.8595734378563284 0.16773593728620298 0.8702 0.1974234378563284 0.874353125427594 0.20039218700114023 0.8589296875712656 0.17278124971493727 0.8595734378563284
0 0.17307968757126568 0.8921484378563284 0.2496734378563284 0.8986718745724059 0.255610937286203 0.8820640627137971 0.1712984378563284 0.8767265621436716 0.17307968757126568 0.8921484378563284
0 0.6733171870011403 0.9680953124287344 0.6765828129988597 0.9906156248574687 0.7104265621436716 0.9882421870011403 0.7122062497149373 0.9645156248574687 0.6733171870011403 0.9680953124287344
0 0.7502078129988596 0.49116249942987456 0.8226453124287343 0.49116249942987456 0.823239062713797 0.47929687457240594 0.7502078129988596 0.47573906271379707 0.7502078129988596 0.49116249942987456
0 0.9734593751425313 0.49665 0.9710843751425313 0.5089562497149372 0.998753125427594 0.5101437502850628 0.998753125427594 0.4947203124287343 0.9734593751425313 0.49665
0 0.8731140627137971 0.47455312542759404 0.9241765621436716 0.4893828129988597 0.9372406248574686 0.44963906271379706 0.8873656248574686 0.43718281299885975 0.8731140627137971 0.47455312542759404
0 0.9698968745724059 0.36481562485746866 0.998753125427594 0.3748984378563284 0.998753125427594 0.3576968745724059 0.9734593751425313 0.3499859372862029 0.9698968745724059 0.36481562485746866
0 0.9796937502850627 0.31963437514253135 0.9776156248574687 0.3333765621436716 0.9972093751425314 0.34227500000000005 0.998753125427594 0.3262593751425314 0.9796937502850627 0.31963437514253135
0 0.7481296875712656 0.053667187001140246 0.7478328129988597 0.06941406271379703 0.8220531254275941 0.07475156214367161 0.8273953124287343 0.05814375028506272 0.7481296875712656 0.053667187001140246
0 0.7890984378563284 0.08569062485746864 0.7917703124287343 0.10203906271379704 0.8208640627137971 0.09966562485746863 0.825614062713797 0.08542968757126568 0.7890984378563284 0.08569062485746864
0 0.35892343785632835 0.5593765621436716 0.4064234378563284 0.5635296875712656 0.40998749942987456 0.47751875028506274 0.364860937286203 0.47633281299885977 0.35892343785632835 0.5593765621436716