0 0.21701718700114025 0.22777968757126568 0.17545312542759406 0.22473593728620295 0.17486093728620294 0.2426265621436716 0.21701718700114025 0.2426265621436716 0.21701718700114025 0.22777968757126568
0 0.22176718700114026 0.2842 0.21582968757126567 0.2646015621436716 0.17248437514253137 0.2640078129988597 0.17307968757126568 0.2842 0.22176718700114026 0.2842
0 0.9538656248574687 0.6059249999999999 0.9479281254275941 0.6916265621436717 0.9978031254275941 0.696971874572406 0.998753125427594 0.606696874572406 0.9538656248574687 0.6059249999999999
0 0.9280375005701254 0.6923171870011403 0.9253656248574686 0.7278546875712657 0.998753125427594 0.7326078129988598 0.9966156248574687 0.6981593751425313 0.9280375005701254 0.6923171870011403
0 0.998753125427594 0.7557687502850627 0.920910937286203 0.7537703124287343 0.9223968745724059 0.7949671870011403 0.998753125427594 0.8026875005701255 0.998753125427594 0.7557687502850627
0 0.9467406248574686 0.7985312497149373 0.9431781254275942 0.8882125005701254 0.998753125427594 0.8894 0.998396874572406 0.7985312497149373 0.9467406248574686 0.7985312497149373
0 0.9336781254275941 0.963046874572406 0.9301140627137969 0.9167203124287343 0.8689593751425313 0.9131578129988597 0.8731140627137971 0.9654218745724059 0.9336781254275941 0.963046874572406
0 0.3135031254275941 0.23453281299885975 0.31023749942987455 0.25094062485746865 0.4129546875712657 0.2675703124287343 0.42008124971493727 0.2556937502850627 0.3135031254275941 0.23453281299885975
0 0.46669062485746865 0.22473593728620295 0.4652062497149373 0.23728124971493728 0.5697062497149373 0.23668750057012544 0.5732687502850627 0.22184062485746864 0.46669062485746865 0.22473593728620295
0 0.4675812497149373 0.27054062485746866 0.5192375005701254 0.27054062485746866 0.515675 0.2545046875712657 0.4663937502850627 0.2551 0.4675812497149373 0.27054062485746866
0 0.9440687502850628 0.21850156214367158 0.9461468745724059 0.23431250057012543 0.9972093751425314 0.233125 0.993646874572406 0.2188703124287343 0.9440687502850628 0.21850156214367158
0 0.941396874572406 0.24789218700114024 0.9473343751425313 0.26935312542759404 0.9960218745724059 0.2640078129988597 0.9954281254275941 0.24737812542759408 0.941396874572406 0.24789218700114024