0 0.28723964424173315 0.6618342930444698 0.2876569635119726 0.7009680091220069 0.3497554663625998 0.7090792189281642 0.3628238483466362 0.6750677058152793 0.28723964424173315 0.6618342930444698
0 0.28725369327252 0.8400699224629418 0.2803048722919042 0.8944464743443558 0.3264855507411631 0.8990296978335234 0.3376379258836944 0.8518776875712657 0.28725369327252 0.8400699224629418
0 0.2496279566704675 0.990313953249715 0.29650719498289624 0.9919510125427594 0.30616286202964654 0.9535880570125428 0.2589197890535918 0.9454014982896237 0.2496279566704675 0.990313953249715
0 0.8462178848346636 0.8684479030786774 0.8914849270239452 0.8991495279361459 0.9021337901938427 0.8834741185860889 0.8561680820980616 0.8557217833523375 0.8462178848346636 0.8684479030786774
0 0.8419534298745723 0.8799357616875713 0.8311458688711517 0.8916938711516534 0.8781946921322691 0.9224561527936146 0.8863455632839224 0.9102613112884834 0.8419534298745723 0.8799357616875713
0 0.9214176921322691 0.909702157354618 0.9834499315849486 0.9469319179019384 0.9851081482326112 0.8994468004561004 0.9461481322690992 0.882040574686431 0.9214176921322691 0.909702157354618
0 0.9492248221208667 0.8619435188141392 0.9857697115165336 0.8805020969213226 0.987015078677309 0.8448394606613455 0.9652011049030786 0.8298158871151653 0.9492248221208667 0.8619435188141392
0 0.9447622588369442 0.08803820980615734 0.9318737012542759 0.014776589509692132 0.8571067753705816 0.012165671607753706 0.8708312941847207 0.09555951425313569 0.9447622588369442 0.08803820980615734
0 0.6403385803876853 0.018260532497149373 0.6326668722919042 0.05931155188141391 0.6861355461801596 0.05939638312428735 0.6987364857468642 0.021802311288483464 0.6403385803876853 0.018260532497149373
0 0.8071048551881415 0.06596902964652224 0.8099931927023944 0.10234980615735462 0.8487930410490307 0.09716636944127709 0.8416447799315849 0.06363709806157355 0.8071048551881415 0.06596902964652224
0 0.8209143751425314 0.16394190763968072 0.8550261584948688 0.15681242303306728 0.8599146123147092 0.11894902508551883 0.8188448734321551 0.12108107411630559 0.8209143751425314 0.16394190763968072
0 0.19314538198403647 0.21741722462941845 0.19113958380843785 0.2322781505131129 0.21966517217787912 0.2320876259977195 0.22546175940706956 0.219213330672748 0.19314538198403647 0.21741722462941845
0 0.18880799315849486 0.23954495667046752 0.18579294868871152 0.2493253785632839 0.2510034982896237 0.2533849156214367 0.25332253249714937 0.23801586202964653 0.18880799315849486 0.23954495667046752
0 0.18275608665906498 0.2682371630558723 0.26220795553021664 0.2727940193842645 0.2656516567844926 0.25924501140250855 0.17952741277080958 0.2586154971493729 0.18275608665906498 0.2682371630558723
0 0.18483228620296466 0.2768351721778791 0.18198917103762827 0.29019877651083237 0.26207587001140253 0.2935895781071836 0.2608346294184721 0.27809463283922464 0.18483228620296466 0.2768351721778791
0 0.18472041961231472 0.31406488483466366 0.25723817673888255 0.31303102508551883 0.2535404424173318 0.2998283090079818 0.18409328848346637 0.2979972725199544 0.18472041961231472 0.31406488483466366
0 0.06622371151653364 0.22813487571265678 0.08905075370581528 0.19543348118586087 0.050039877993158496 0.17267847206385406 0.03236793272519954 0.2023688802736602 0.06622371151653364 0.22813487571265678