0 0.2956732166476625 0.5155518072976055 0.331067425313569 0.5544744857468643 0.36094730786773094 0.528019614595211 0.3250940672748005 0.49301121208665905 0.2956732166476625 0.5155518072976055
0 0.07325755302166477 0.265310929304447 0.11232908437856329 0.25533641505131127 0.08487109692132269 0.18681253249714935 0.05138328278221209 0.19927862485746867 0.07325755302166477 0.265310929304447
0 0.23861675940706956 0.14951923945267961 0.2788552086659065 0.11440987685290764 0.24150849486887116 0.07595602850627138 0.21050461915621435 0.11681367046750285 0.23861675940706956 0.14951923945267961
0 0.05902951425313569 0.1303640330672748 0.09047334207525656 0.12135486659064994 0.08399541961231471 0.08139238540478906 0.05379780501710377 0.09059053249714936 0.05902951425313569 0.1303640330672748
0 0.546890701254276 0.9548942155074116 0.5994134732041049 0.9708616909920182 0.6096349498289624 0.9377824538198404 0.5560395598631699 0.9180347046750286 0.546890701254276 0.9548942155074116
0 0.48766711516533634 0.8793135963511972 0.45278999657924746 0.8418372919042189 0.4249670045610034 0.8645345336374002 0.463393338654504 0.9017034583808439 0.48766711516533634 0.8793135963511972
0 0.4720872485746864 0.804982369441277 0.5009682063854047 0.7792109099201825 0.4782121140250855 0.750804889395667 0.452143031927024 0.7799064503990878 0.4720872485746864 0.804982369441277
0 0.6451373500570124 0.6348777594070695 0.6130342291904219 0.5882153534777651 0.5848475758266819 0.6067738529076396 0.6200648164196123 0.6549502941847206 0.6451373500570124 0.6348777594070695
0 0.5840008358038768 0.8068135496009121 0.6102237867730901 0.7809766271379704 0.5641289087799316 0.7379239828962371 0.5381840216647663 0.7616505153933865 0.5840008358038768 0.8068135496009121
0 0.9134864287343216 0.9082188038768528 0.9122155017103764 0.8391919042189282 0.8595660684150512 0.8575065473204104 0.8636837115165336 0.9113839407069556 0.9134864287343216 0.9082188038768528
0 0.6981049783352338 0.424913913340935 0.7089831482326112 0.4242602052451539 0.6973132451539339 0.3930962166476625 0.6874115952109464 0.39575055188141395 0.6981049783352338 0.424913913340935
0 0.7300663842645383 0.5347650604332953 0.769024873432155 0.5245024264538198 0.7568152269099202 0.4939816761687571 0.7216786944127708 0.5012278517673888 0.7300663842645383 0.5347650604332953
0 0.7094496123147093 0.5034897924743443 0.74714282668187 0.4924438301026226 0.7209195701254275 0.42440793956670464 0.6892595336374002 0.437310141391106 0.7094496123147093 0.5034897924743443
0 0.6262907867730901 0.2491117651083238 0.6850062451539339 0.21834605245153932 0.6515132850627138 0.16942273774230332 0.5948827890535918 0.20358214823261117 0.6262907867730901 0.2491117651083238
0 0.7825288631698974 0.09209879931584948 0.8196565416191562 0.07424810718358038 0.7925162884834663 0.02298094868871152 0.7640487730900799 0.04514169669327252 0.7825288631698974 0.09209879931584948
0 0.9442581904218927 0.4793705963511972 0.9810762394526796 0.467805181299886 0.9708998095781073 0.4400866385404789 0.9331665074116305 0.4517321277080958 0.9442581904218927 0.4793705963511972
0 0.9315379749144812 0.2829019258836944 0.9679619589509693 0.27703315849486887 0.9490834310148233 0.23159939224629417 0.91847182668187 0.23606561459521094 0.9315379749144812 0.2829019258836944
0 0.7790663546180159 0.591571534777651 0.7649563489167617 0.5665796385404789 0.7337087445838085 0.5842139007981756 0.7520124891676169 0.6094349099201825 0.7790663546180159 0.591571534777651
0 0.4500522645381984 0.5020453899657925 0.47773857582668183 0.5273379908779932 0.4970735701254276 0.5029977126567845 0.4758849543899658 0.47207048460661344 0.4500522645381984 0.5020453899657925