0 0.34524479475484604 0.4775125450399088 0.3330505416191562 0.5498694241733181 0.3718027958950969 0.5484128472063854 0.3805307388825542 0.4746231790193843 0.34524479475484604 0.4775125450399088
0 0.4421592018244014 0.5116686545039909 0.4334617810718358 0.5765324583808438 0.4670246864310148 0.5812602041049031 0.47939706385404784 0.514867778791334 0.4421592018244014 0.5116686545039909
0 0.37897535461801596 0.6584327445838084 0.41329623489167616 0.6608326944127707 0.4395441470923603 0.5745785450399088 0.4000034310148232 0.5685399897377423 0.37897535461801596 0.6584327445838084
0 0.5159506214367161 0.9870396875712657 0.5494721071835804 0.9923597388825541 0.559874496009122 0.9371383557582668 0.5234044025085519 0.9333977183580388 0.5159506214367161 0.9870396875712657
0 0.6124206670467504 0.9765247343215507 0.6509947958950969 0.9691037035347777 0.6451125769669327 0.9341707844925884 0.6067526590649943 0.940118795895097 0.6124206670467504 0.9765247343215507
0 0.6568869475484606 0.6552486202964652 0.7245869885974915 0.6820050638540478 0.73669434663626 0.636426102622577 0.6621992713797035 0.6190153021664767 0.6568869475484606 0.6552486202964652
0 0.70476282668187 0.4127773124287343 0.759450274800456 0.41303023261117444 0.7576573010262257 0.3706440980615735 0.7046269692132269 0.3693166545039909 0.70476282668187 0.4127773124287343
0 0.46111736716077534 0.291579984036488 0.4934434606613455 0.28848207981755986 0.4885319236031927 0.22266664424173319 0.4593564971493728 0.22985209806157353 0.46111736716077534 0.291579984036488
0 0.3997617445838084 0.3866863945267959 0.4372481140250855 0.38633169669327255 0.43622379247434434 0.3499544435575827 0.4008417651083238 0.35253792360319275 0.3997617445838084 0.3866863945267959
0 0.2516321596351197 0.26859698631698975 0.2915979851767389 0.2582972725199544 0.27356767274800453 0.15049569099201826 0.2362928301026226 0.15532918015963512 0.2516321596351197 0.26859698631698975
0 0.13816805815279362 0 0.1420915062713797 0.03237883922462942 0.20001482782212088 0.020358835803876853 0.19554862485746863 0 0.13816805815279362 0
0 0.48698184150513113 0.2023198905359179 0.5226802964652224 0.1935089384264538 0.5227330581527936 0.1417286716077537 0.4840170957810719 0.14497338768529075 0.48698184150513113 0.2023198905359179
0 0.4397910330672748 0.09486000912200684 0.47621694070695547 0.0926471242873432 0.47406927822120865 0.03833218928164196 0.4397557411630559 0.03831355302166477 0.4397910330672748 0.09486000912200684
0 0.3576706168757126 0.24029992474344355 0.39451237058152794 0.2321625541619156 0.3903640855188142 0.1979460843785633 0.3531041562143672 0.2063518141391106 0.3576706168757126 0.24029992474344355
0 0.3389434846066135 0.11697285518814139 0.37004333523375144 0.11438753591790193 0.3779125062713797 0.06136824743443557 0.3432734150513113 0.06638604446978334 0.3389434846066135 0.11697285518814139
0 0.6127784538198403 0.6057386636259977 0.630531976054732 0.6069801117445838 0.6433600604332953 0.5340707867730901 0.6299996111744585 0.5295653340935005 0.6127784538198403 0.6057386636259977
0 0.17714286887115166 0.8151416066134549 0.2312270102622577 0.8070211060433296 0.22940351425313568 0.7735608358038769 0.17398168757126567 0.778613362599772 0.17714286887115166 0.8151416066134549
0 0.16298655188141392 0.6094029429874572 0.19459753705815278 0.6080421995438997 0.1977578597491448 0.5713592314709236 0.16088884834663628 0.5705682645381984 0.16298655188141392 0.6094029429874572
0 0 0.5183636396807297 0.04048771151653364 0.532982637400228 0.048298841505131127 0.4978168517673888 0 0.49031897947548464 0 0.5183636396807297
0 0.25968011174458383 0.34058530672748005 0.2951318369441277 0.33532516647662486 0.2898941242873432 0.3081764823261118 0.254703810718358 0.3128565689851767 0.25968011174458383 0.34058530672748005
0 0.878954937286203 0.22615968643101483 0.8945478939566704 0.2242740535917902 0.8924757810718359 0.19436916191562145 0.8815231607753706 0.198660913340935 0.878954937286203 0.22615968643101483
0 0.898737937286203 0.19837825541619158 0.8981810935005702 0.2828576989737742 0.9151626282782211 0.278093165336374 0.9139979920182439 0.20123094070695552 0.898737937286203 0.19837825541619158
0 0.9485813283922464 0.7440922976054732 0.9723742383124288 0.7439720273660205 0.9771027149372862 0.7103762816419612 0.9548650604332953 0.7055476738882555 0.9485813283922464 0.7440922976054732
0 0.45834454618015963 0.7479059623717218 0.45679928962371724 0.8210074914481186 0.4686774275940707 0.8212428916761687 0.4737304127708096 0.7489818460661345 0.45834454618015963 0.7479059623717218
0 0.4599419144811859 0.9971698950969213 0.47532778107183576 0.9982457799315849 0.4760732474344356 0.9705615940706955 0.4636313044469783 0.9720723671607754 0.4599419144811859 0.9971698950969213
0 0.41031457240592933 0.8820401163055872 0.41926137514253137 0.932662526795895 0.4598196145952109 0.9224026716077537 0.44858799087799317 0.8704300912200684 0.41031457240592933 0.8820401163055872
0 0.31732450741163054 0.9618415997719498 0.32325225883694414 0.9876116237172178 0.3404119201824401 0.988811543899658 0.33236657810718356 0.959322244013683 0.31732450741163054 0.9618415997719498
0 0.29189133979475484 0.9854186545039909 0.30797563740022804 0.9849958586088939 0.3004656670467503 0.9648291140250855 0.28661199201824406 0.9659435701254276 0.29189133979475484 0.9854186545039909
0 0.03638214709236032 0.7957754595210946 0.053322155074116306 0.7916047890535918 0.05317500570125428 0.7171929475484606 0.037445778791334094 0.71639065336374 0.03638214709236032 0.7957754595210946
0 0.06372587115165336 0.7959019201824401 0.07825847320410491 0.7921565393386545 0.08265560775370581 0.7632992234891676 0.0665333740022805 0.7594934469783352 0.06372587115165336 0.7959019201824401
0 0.4858172896237172 0.363539189281642 0.4838524686431015 0.4086385530216648 0.5699025039908779 0.4110829931584949 0.5690729270239453 0.36340899315849484 0.4858172896237172 0.363539189281642