0 0.21731406271379702 0.2324625005701254 0.1873296875712657 0.27465312542759407 0.23601718700114027 0.3060906248574687 0.2633296875712657 0.2592296875712657 0.21731406271379702 0.2324625005701254
0 0.07332968757126568 0.43125 0.029390624857468642 0.40325000000000005 0.0008906248574686432 0.4721812497149373 0.03473437514253135 0.49116249942987456 0.07332968757126568 0.43125
0 0.07095312542759406 0.08720937514253137 0.09084375028506271 0.014529687571265678 0.051953125427594074 0 0.025234375142531358 0.07534687457240594 0.07095312542759406 0.08720937514253137
0 0.5602062497149373 0.31696562485746865 0.5441765621436716 0.3505796875712657 0.5993937502850627 0.36718750057012545 0.6142375005701254 0.33812187457240594 0.5602062497149373 0.31696562485746865
0 0.9212093751425313 0.44370781299885975 0.9752406248574687 0.4717437502850627 0.998753125427594 0.40515 0.960396874572406 0.3748984378563284 0.9212093751425313 0.44370781299885975
0 0.773364062713797 0.11271562485746864 0.7988953124287342 0.12576562485746864 0.8250218745724059 0.08009062485746865 0.8000828129988597 0.06585624971493728 0.773364062713797 0.11271562485746864
0 0.7312078129988598 0.12576562485746864 0.7516921870011403 0.13817187457240593 0.7798953124287343 0.0925484378563284 0.7567390627137971 0.07949843785632839 0.7312078129988598 0.12576562485746864
0 0.7537703124287343 0.03322968757126568 0.7739578129988597 0 0.728239062713797 0.000012500570125427595 0.7223015621436717 0.011875 0.7537703124287343 0.03322968757126568
0 0.6837062497149372 0.2853296875712657 0.6884578129988598 0.2689312497149373 0.5839562497149373 0.24440156214367162 0.57505 0.2580437502850627 0.6837062497149372 0.2853296875712657
0 0.6914265621436716 0.39743906271379703 0.7356609372862029 0.42014999999999997 0.7478328129988597 0.3843890627137971 0.7110203124287343 0.363035937286203 0.6914265621436716 0.39743906271379703
0 0.891521874572406 0.5925937502850627 0.9722718745724058 0.6026781254275941 0.9782093751425314 0.5552234378563283 0.9022078129988598 0.5492921870011402 0.891521874572406 0.5925937502850627
0 0.8428328129988597 0.6050515621436716 0.882614062713797 0.6068312497149373 0.8808343751425314 0.5736125005701254 0.8469906248574687 0.5742062497149373 0.8428328129988597 0.6050515621436716
0 0.8173015621436716 0.5172609372862029 0.8291765621436716 0.5010968745724059 0.7703953124287344 0.48285624971493724 0.7644578129988597 0.49946562485746865 0.8173015621436716 0.5172609372862029
0 0.7709890627137971 0.662589062713797 0.8297703124287343 0.6661484378563284 0.8351140627137971 0.6388625005701255 0.7715828129988598 0.635896874572406 0.7709890627137971 0.662589062713797
0 0.7270515621436716 0.7385156248574687 0.7107234378563283 0.7741812497149373 0.7603015621436716 0.7942734378563284 0.7810828129988597 0.7675812497149374 0.7270515621436716 0.7385156248574687
0 0.8101765621436716 0.750971874572406 0.8318484378563283 0.7172499999999999 0.7561453124287344 0.6857234378563284 0.7371453124287344 0.7230937502850627 0.8101765621436716 0.750971874572406
0 0.13982968757126568 0.407525 0.19950156214367162 0.4388312497149373 0.20811093728620297 0.4265062497149373 0.14517343785632839 0.3938796875712657 0.13982968757126568 0.407525
0 0.013359375142531358 0.49309062485746863 0.004453125427594071 0.5065843751425314 0.06739218700114025 0.5433609372862029 0.08164062485746865 0.5320906248574686 0.013359375142531358 0.49309062485746863
0 0.040968750285062715 0.5571374994298746 0.04779687457240593 0.5445484378563284 0.0008906248574686432 0.5190406248574686 0 0.5314984378563283 0.040968750285062715 0.5571374994298746
0 0.1407187502850627 0.8640218745724059 0.11667187457240594 0.9206203124287343 0.15170468757126568 0.9348562497149373 0.17307968757126568 0.8844374994298746 0.1407187502850627 0.8640218745724059
0 0 0.9271453124287343 0.022859375142531356 0.9384156248574687 0.037406249714937286 0.9084984378563284 0 0.8790984378563285 0 0.9271453124287343
0 0.3883156248574686 0.7706234378563285 0.35951718700114027 0.816814062713797 0.3975187502850627 0.834610937286203 0.42601875028506275 0.7871562497149374 0.3883156248574686 0.7706234378563285
0 0.6213624994298746 0.9520578129988597 0.6593640627137971 0.970446874572406 0.6783640627137971 0.9330765621436715 0.6409578129988598 0.9200281254275942 0.6213624994298746 0.9520578129988597
0 0.43314375028506275 0.5142953124287343 0.46104999999999996 0.5303109372862029 0.4806437502850627 0.5024328129988598 0.4551125005701254 0.48167187457240596 0.43314375028506275 0.5142953124287343