0 0.9589058129988598 0.15663931470923603 0.9878975838084378 0.14470462143671609 0.9874214789053591 0.1310707434435576 0.9530188141391106 0.1411759726339795 0.9589058129988598 0.15663931470923603
0 0.9869039304446979 0.11625009007981756 0.9856412405929305 0.10561111402508552 0.9520251049030787 0.1127198802736602 0.95250982668187 0.12660048232611174 0.9869039304446979 0.11625009007981756
0 0.8103780478905359 0.1906717149372862 0.8264464971493729 0.2595544583808438 0.9092739794754846 0.24953897035347775 0.8929954104903078 0.17472869897377422 0.8103780478905359 0.1906717149372862
0 0.9675267879133409 0.224873763968073 0.9905681049030786 0.22117831927023945 0.9899056681870012 0.20220863283922463 0.9630514424173319 0.2073020592930445 0.9675267879133409 0.224873763968073
0 0.8040354572405929 0 0.8090580604332953 0.016811871151653363 0.8597996248574686 0.006730188141391106 0.8585384161915621 0 0.8040354572405929 0
0 0.7277812098061575 0 0.7226608289623717 0.0011175302166476625 0.7324971847206385 0.03610337172177879 0.7708190387685291 0.02764361801596351 0.76474186659065 0 0.7277812098061575 0
0 0.7484981470923603 0.08599565222348918 0.7132260672748005 0.09672379019384264 0.7192429270239452 0.1499321550741163 0.7593448916761688 0.14140867502850626 0.7484981470923603 0.08599565222348918
0 0.49885320296465224 0.26980760889395666 0.5029103591790194 0.2839105438996579 0.5518096488027366 0.2721124218928164 0.5498988768529076 0.2599279338654504 0.49885320296465224 0.26980760889395666
0 0.5679638529076397 0.2923218962371722 0.49710763511972633 0.30488677194982894 0.5011234025085519 0.31780449258836946 0.5678880125427593 0.3071632713797035 0.5679638529076397 0.2923218962371722
0 0.21343201254275943 0.3308183295324972 0.22669375256556443 0.3873352428734322 0.27974676168757123 0.37539206955530213 0.2624831698973774 0.3233691197263398 0.21343201254275943 0.3308183295324972
0 0.4825437103762828 0.8235531904218929 0.5078594925883694 0.8849899201824402 0.5562275575826682 0.8749926841505131 0.5296719897377423 0.8035728289623718 0.4825437103762828 0.8235531904218929
0 0.04726238882554162 0.7443819988597491 0.05865414025085519 0.781375717217788 0.12494108323831243 0.7571006738882554 0.11242938882554161 0.7220175165336374 0.04726238882554162 0.7443819988597491
0 0.32518551767388826 0.8599123728620296 0.33241661345496004 0.879839338654504 0.37006224857468645 0.869028314709236 0.36446677651083237 0.8449448597491449 0.32518551767388826 0.8599123728620296
0 0.10530458836944129 0.9263500171037627 0.10965157468643101 0.9487525815279362 0.14228949258836945 0.9476128403648802 0.14252380501710377 0.9203411744583809 0.10530458836944129 0.9263500171037627
0 0.05632700114025086 0.1873278677309008 0.061660649942987464 0.22097159635119726 0.10616477194982896 0.2194174777651083 0.09585240136830103 0.17075554275940708 0.05632700114025086 0.1873278677309008
0 0.5795977126567845 0.9827927468643101 0.588375527936146 0.995972558722919 0.6254622976054732 0.9946774606613455 0.6154010706955529 0.970265282782212 0.5795977126567845 0.9827927468643101