0 0.5318463044469783 0.8421913169897377 0.5362204036488027 0.8235493454960092 0.3914026488027366 0.771740331812999 0.38458444127708097 0.7890959543899658 0.5318463044469783 0.8421913169897377
0 0.5406223192702394 0.8167831322690992 0.5437484789053592 0.7970189977194984 0.40542350969213226 0.7442751459521094 0.39329720980615734 0.7681534492588369 0.5406223192702394 0.8167831322690992
0 0.4033016476624857 0.7378523945267959 0.5475885336374002 0.7908767958950969 0.5560821128848347 0.7714243660205246 0.4077688072976055 0.7209861106043329 0.4033016476624857 0.7378523945267959
0 0.5526828791334093 0.7632879931584948 0.5583669042189281 0.746950937286203 0.41651383010262255 0.694986550741163 0.41229658152793613 0.7165915610034207 0.5526828791334093 0.7632879931584948
0 0.5651406476624857 0.7400619851767388 0.5713261083238312 0.7219180855188141 0.4276305974914481 0.6688626921322691 0.4151328483466363 0.6912959555302167 0.5651406476624857 0.7400619851767388
0 0.5705764025085519 0.7189876807297605 0.5837823968072976 0.6986937206385405 0.43063402052451544 0.6467267309007982 0.4272153922462942 0.6666125883694413 0.5705764025085519 0.7189876807297605
0 0.5793540604332953 0.6935809760547321 0.5859741277080958 0.6724446043329533 0.4506759064994299 0.6207296921322691 0.44033013226909923 0.6445475393386545 0.5793540604332953 0.6935809760547321
0 0.5864117730900799 0.6694504082098062 0.5959996442417331 0.6481585005701255 0.4584507730900798 0.5989382348916762 0.45304765222348914 0.6206053945267959 0.5864117730900799 0.6694504082098062
0 0.5976837502850627 0.6462881106043329 0.6039934275940707 0.6305143956670468 0.4669443511972634 0.5794858061573546 0.45663337286202965 0.5982652405929305 0.5976837502850627 0.6462881106043329
0 0.8042510136830102 0.9574051527936146 0.8249446738882554 0.8303949429874572 0.765905582668187 0.8156693158494869 0.7466179669327252 0.9411460262257697 0.8042510136830102 0.9574051527936146
0 0.9452192953249715 0.9357618437856329 0.9527535587229191 0.88665961345496 0.8999868563283921 0.8668534401368301 0.8874746670467503 0.9230759532497149 0.9452192953249715 0.9357618437856329
0 0.5369003489167616 0.9613181927023945 0.5794705849486886 0.8319739156214367 0.5328520809578108 0.816002787913341 0.4936531470923603 0.9472779600912201 0.5369003489167616 0.9613181927023945
0 0.2582463842645382 0.6474466636259978 0.17898383238312426 0.6325933397947548 0.1568326237172178 0.7317619897377423 0.24603668871151654 0.7491484868871152 0.2582463842645382 0.6474466636259978
0 0.18691579931584948 0.9541188529076398 0.19119976738882555 0.9224121311288483 0.13774553591790195 0.9121472052451539 0.13349403762827822 0.9444436602052452 0.18691579931584948 0.9541188529076398
0 0.08731797035347777 0.9029096579247434 0.09359810718358039 0.8752571459521095 0.048977044469783355 0.869037031927024 0.04915268985176739 0.9007509897377423 0.08731797035347777 0.9029096579247434