0 0.8235283808437855 0.07406219612314709 0.7390772827822122 0.07602713797035347 0.7368431322690991 0.13403613568985176 0.8301852576966933 0.1312641448118586 0.8235283808437855 0.07406219612314709
0 0.8447910718358038 0.24245922576966933 0.8407322303306728 0.20166062029646523 0.8029074526795895 0.20006431584948686 0.7981839122006842 0.24803920410490307 0.8447910718358038 0.24245922576966933
0 0.9857551949828962 0.3786815769669327 0.9800020741163056 0.34235779589509696 0.9373570364880274 0.33727575484606614 0.9321560638540478 0.3727574561003421 0.9857551949828962 0.3786815769669327
0 0.7733821037628279 0.5810787046750285 0.7706463295324972 0.5220549942987457 0.7032696579247434 0.5274568460661345 0.707329542759407 0.5891373808437856 0.7733821037628279 0.5810787046750285
0 0.8332694777651083 0.59861838654504 0.799285590649943 0.6003971619156214 0.7966430330672748 0.6368499680729761 0.8360903990877993 0.6354065826681871 0.8332694777651083 0.59861838654504
0 0.4365969897377423 0.6902719167616875 0.4402826670467503 0.633836473204105 0.38452265906499433 0.6328771356898517 0.38162248004561 0.6923742713797035 0.4365969897377423 0.6902719167616875
0 0.20386368072976052 1 0.20503430900798175 0.9779869885974914 0.15372114709236032 0.9747397822120866 0.153737078677309 1 0.20386368072976052 1
0 0.5635838779931585 0.7860690250855188 0.564318961231471 0.7679370478905359 0.48646975940706955 0.7698340125427593 0.48326773432155073 0.7837768928164196 0.5635838779931585 0.7860690250855188
0 0.5311852713797035 0.8206299726339795 0.5342359942987457 0.8057318141391107 0.4943949258836944 0.8028016932725199 0.4986822998859749 0.820372322690992 0.5311852713797035 0.8206299726339795
0 1 0.8875533272519954 0.951543708095781 0.8880024549600912 0.9529266978335234 0.932801724059293 1 0.9256357115165336 1 0.8875533272519954
0 0.9428231356898518 0.808282038768529 0.9450033124287344 0.768899873432155 0.9081710433295325 0.7678867366020525 0.9071095610034208 0.8067310262257696 0.9428231356898518 0.808282038768529
0 0.2495868882554162 0.8303972291904219 0.2510581094640821 0.7941299441277081 0.20233305245153935 0.7977246043329532 0.20131483352337515 0.8368420513112885 0.2495868882554162 0.8303972291904219
0 0.19484460205245155 0.5910325838084378 0.1364752645381984 0.5906684515393386 0.1322832497149373 0.6135528472063854 0.1913332086659065 0.6144087491448118 0.19484460205245155 0.5910325838084378