0 0.2850015621436716 0.8134421870011402 0.2829234378563284 0.8662375005701254 0.33932968757126564 0.8650500000000001 0.33754843785632843 0.8121906248574686 0.2850015621436716 0.8134421870011402
0 0.2526421870011402 0.702910937286203 0.28856406271379703 0.7172546875712658 0.3037046875712657 0.6821234378563285 0.27223593728620293 0.6702453124287344 0.2526421870011402 0.702910937286203
0 0.650160937286203 0.9461468745724059 0.6563953124287343 0.9624515621436716 0.7033015621436717 0.9470093751425314 0.6967703124287342 0.9274109372862029 0.650160937286203 0.9461468745724059
0 0.5619875005701255 0.8115968745724059 0.5753484378563284 0.843725 0.6558 0.8181312497149373 0.6433312497149373 0.7783375005701254 0.5619875005701255 0.8115968745724059
0 0.6724265621436716 0.7947390627137971 0.7133953124287343 0.7836828129988597 0.6979578129988598 0.734389062713797 0.6528312497149373 0.7444843751425313 0.6724265621436716 0.7947390627137971
0 0.5138937502850627 0.7181453124287344 0.5483312497149373 0.6981593751425313 0.5210187502850627 0.6512406248574686 0.4901437502850627 0.6660890627137971 0.5138937502850627 0.7181453124287344
0 0.6296765621436716 0.5449296875712657 0.6617375005701255 0.5685187502850627 0.6730203124287344 0.5277062497149373 0.6516453124287342 0.512264062713797 0.6296765621436716 0.5449296875712657
0 0.9544593751425314 0 0.9271453124287343 0.029410937286202966 0.9877093751425314 0.06976562485746864 0.998753125427594 0.057918750285062715 0.998396874572406 0 0.9544593751425314 0
0 0.8416453124287343 0 0.8986453124287344 0.04901093728620296 0.9479281254275941 0 0.8416453124287343 0
0 0.6635203124287343 0.11340624971493728 0.6338312497149373 0.08820937514253135 0.5988 0.13453437514253136 0.6326453124287342 0.15294687457240594 0.6635203124287343 0.11340624971493728
0 0.37673750057012545 0.2556937502850627 0.4034546875712657 0.29153437514253133 0.449175 0.257475 0.42720624971493726 0.2254046875712657 0.37673750057012545 0.2556937502850627
0 0.5067687502850627 0.5097375005701255 0.5026125005701254 0.5413671870011403 0.5412062497149372 0.5413671870011403 0.5423937502850628 0.5081078129988598 0.5067687502850627 0.5097375005701255
0 0.8998343751425314 0.06445312542759407 0.8713343751425314 0.1184984378563284 0.974646874572406 0.1642312497149373 0.998753125427594 0.11077812542759408 0.8998343751425314 0.06445312542759407
0 0.09796875028506272 0.843725 0.1784234378563284 0.795560937286203 0.13507812542759406 0.7296375005701253 0.06501562485746865 0.7842765621436717 0.09796875028506272 0.843725