0 0.4026761596351197 1 0.40866243557582665 0.9603829840364881 0.37473670239452683 0.9587433888255416 0.3687932941847206 1 0.4026761596351197 1
0 0.4981037309007982 0.17894232725199544 0.5779409315849486 0.2490568882554162 0.6124214070695553 0.20993125199543902 0.529414630558723 0.1375138574686431 0.4981037309007982 0.17894232725199544
0 0.9727998244013683 0.28891399315849486 0.9446331208665907 0.2793477730900798 0.9231978460661345 0.33885075598631703 0.9648318551881414 0.34488075142531355 0.9727998244013683 0.28891399315849486
0 0.859129984036488 0 0.8451837913340935 0.014560733181299886 0.8757344082098062 0.03917839794754846 0.9030215530216648 0.016622673888255415 0.889245527936146 0 0.859129984036488 0
0 0.8402373489167617 0.06303602622576968 0.8113663078677309 0.08444098175598633 0.8395455803876853 0.12065519156214367 0.8618606556442417 0.09327569555302166 0.8402373489167617 0.06303602622576968
0 0.9323910855188142 0.13119825769669327 0.9443399224629418 0.11808478677309008 0.9224328369441277 0.09490296579247434 0.9082483808437856 0.102760834663626 0.9323910855188142 0.13119825769669327
0 0.9079089030786772 0.14489518472063853 0.9216599863169896 0.13430111060433295 0.9016239042189281 0.10521326225769669 0.8839827628278221 0.11782509236031927 0.9079089030786772 0.14489518472063853
0 0.8481891117445838 0.1220910353477765 0.8801883865450398 0.16471470125427592 0.8946581630558723 0.149798740022805 0.8699337890535918 0.10882926909920182 0.8481891117445838 0.1220910353477765
0 0.009620247434435576 0.30961363511972634 0.03703948232611175 0.41187552337514255 0.05165909692132269 0.406755157354618 0.02222210604332953 0.3006032109464082 0.009620247434435576 0.30961363511972634
0 0.47124705473204104 0.3459086442417332 0.4741061744583808 0.301973590649943 0.4201569258836944 0.29789413683010263 0.4161457423033067 0.3434148734321551 0.47124705473204104 0.3459086442417332
0 0.4728011596351197 0.887103535917902 0.4634643158494869 0.943287102622577 0.4839227445838084 0.9484629213226909 0.48713545381984036 0.8890412645381984 0.4728011596351197 0.887103535917902
0 0.49966750057012543 0.8884595963511973 0.49515443101482326 0.939671094640821 0.5087700307867731 0.9459307115165336 0.5190421322690992 0.8867925883694412 0.49966750057012543 0.8884595963511973
0 0.08401841049030787 1 0.09083423717217788 0.999499481185861 0.07510723033067274 0.944480794754846 0.0663157274800456 0.9500812896237172 0.07422207411630559 1 0.08401841049030787 1
0 0.6208591436716078 0.21009772405929306 0.5392245553021665 0.28314248916761686 0.5956261607753706 0.33552677194982894 0.6730739828962372 0.26013936830102624 0.6208591436716078 0.21009772405929306
0 0.4613612862029647 0.08386802622576968 0.4123549304446978 0.14272930102622577 0.4754756510832383 0.19675456100342076 0.5259802941847206 0.1463742542759407 0.4613612862029647 0.08386802622576968
0 0.42248933181299886 0.157353669327252 0.3728140570125427 0.16642534435575826 0.3991340250855188 0.26805927708095784 0.44702872633979474 0.2562654435575827 0.42248933181299886 0.157353669327252