0 0.8054430501710377 0.9200156054732042 0.8153385917901939 0.9605958369441276 0.8468523261117445 0.9561668711516534 0.8373634777651082 0.9085332713797035 0.8054430501710377 0.9200156054732042
0 0.774292181299886 0.9369848631698974 0.8122731094640822 0.9288478757126568 0.7961061356898518 0.8933461334093501 0.7622348198403648 0.9009055518814139 0.774292181299886 0.9369848631698974
0 0.8108385541619156 0.6800212770809577 0.8324875895096921 0.7147525655644241 0.8507054002280502 0.7051975860889397 0.8359091117445838 0.6695016271379703 0.8108385541619156 0.6800212770809577
0 0.7917793888255417 0.6239405256556442 0.8094887924743442 0.6704172234891677 0.8347522348916762 0.6612700250855188 0.814493913340935 0.6165511117445838 0.7917793888255417 0.6239405256556442
0 0.268469086659065 0.36031661117445835 0.2833977149372862 0.4267731984036488 0.3480116590649943 0.40929810946408207 0.319207338654504 0.3336014709236032 0.268469086659065 0.36031661117445835
0 0.24475311972633979 0.19156874230330673 0.258910425313569 0.252537078677309 0.29864802622576964 0.24695232269099202 0.28862147434435576 0.17560969897377424 0.24475311972633979 0.19156874230330673
0 0.7164824458380844 0.5916509064994299 0.7061481550741163 0.5990991482326111 0.7160697480045609 0.6327804891676169 0.7319307297605473 0.6248568928164197 0.7164824458380844 0.5916509064994299
0 0.7378854161915621 0.5862461527936146 0.7272205895096922 0.5913425074116306 0.7401639122006841 0.6195011197263398 0.7543576134549601 0.6112106818700115 0.7378854161915621 0.5862461527936146
0 0.6768921470923603 0.510275118586089 0.6642916989737742 0.5186414321550742 0.6747100980615736 0.5501544025085519 0.6892084914481186 0.5439196909920182 0.6768921470923603 0.510275118586089
0 0.715854937286203 0.5317805849486887 0.7033356488027367 0.5023616294184721 0.6890634538198404 0.5073653819840365 0.7008215165336373 0.5398892462941847 0.715854937286203 0.5317805849486887
0 0.7283537571265679 0.49284971379703535 0.71466 0.5019692668187001 0.7255932702394526 0.5286131961231471 0.7410820992018243 0.5231386659064995 0.7283537571265679 0.49284971379703535
0 0.7506019179019384 0.4849262576966933 0.7383495256556443 0.4872478038768529 0.7490158266818701 0.5205246898517674 0.7671364777651083 0.5167788289623717 0.7506019179019384 0.4849262576966933
0 0.7815777354618015 0.47517662371721775 0.7657179737742303 0.4774055678449259 0.7752927309007982 0.5114370239452679 0.7958463876852907 0.5037501368301026 0.7815777354618015 0.47517662371721775
0 0.8039085302166477 0.4678411391106043 0.7871207286202965 0.4719992668187001 0.8041754275940707 0.4995816408209806 0.8160161972633979 0.4943200182440137 0.8039085302166477 0.4678411391106043