0 0.7705116088939568 0.3567621288483466 0.7436761733181301 0.40129416875712653 0.912617409350057 0.48856056898517675 0.937917322690992 0.44856195438996577 0.7705116088939568 0.3567621288483466
0 0.9133428266818701 0.7258896157354617 0.8916777947548461 0.7638110171037629 0.9656686875712657 0.8061232462941847 0.9944669543899658 0.7727051527936146 0.9133428266818701 0.7258896157354617
0 0.8369678586088939 0.8882607981755987 0.8178990456100342 0.9180945781071835 0.8485994618015963 0.9391444161915621 0.8681471550741163 0.9083387810718359 0.8369678586088939 0.8882607981755987
0 0.5086184823261117 0.9375422953249716 0.5659840581527936 0.9711375404789054 0.5897676556442417 0.9407264321550741 0.5325318095781072 0.900879716077537 0.5086184823261117 0.9375422953249716
0 0.5219500136830102 0.6807173181299886 0.4934063968072976 0.7308382542759407 0.5410392508551881 0.7582343500570126 0.570269850627138 0.7088492394526796 0.5219500136830102 0.6807173181299886
0 0.41576012086659064 0.7415668608893957 0.3934442314709236 0.7741874458380844 0.4240861060433295 0.7923116727480046 0.44886274572405926 0.7578210091220068 0.41576012086659064 0.7415668608893957
0 0.24099003078677309 0.9064575484606613 0.21956217901938424 0.9365794070695553 0.25158922805017103 0.9586769407069555 0.275777251995439 0.9266875929304447 0.24099003078677309 0.9064575484606613
0 0.6314178551881414 0.9876188289623717 0.6732190444697833 0.9675326396807298 0.6364929612314709 0.9436790581527936 0.6070591790193842 0.9792421539338655 0.6314178551881414 0.9876188289623717
0 0.9260947708095781 0.33765891904218925 0.9507286453819841 0.2898126670467503 0.9102675724059294 0.26479779931584946 0.8876975017103763 0.3172723489167617 0.9260947708095781 0.33765891904218925
0 0.7626101858608894 0.07804127708095782 0.7149879110604332 0.16277500342075257 0.826555740022805 0.228562425313569 0.8821914526795895 0.131127748004561 0.7626101858608894 0.07804127708095782
0 0.6964062576966933 0.10887999885974914 0.7296536020524516 0.12631279589509692 0.7525586248574687 0.09361830102622577 0.7173987787913341 0.07522548574686432 0.6964062576966933 0.10887999885974914
0 0.96660565336374 0.23885573318129988 0.971325849486887 0.2358864789053592 0.9619916100342075 0.1598651984036488 0.9258528289623718 0.21875996237172177 0.96660565336374 0.23885573318129988
0 0.5770451345496009 0.3888838791334093 0.5581206602052451 0.4198932075256557 0.6105673192702394 0.44751841847206386 0.6224197103762827 0.4173758597491448 0.5770451345496009 0.3888838791334093
0 0.5102862485746864 0.4687950741163056 0.492540614595211 0.49966123261117446 0.5443369315849487 0.5292978825541619 0.5582446670467504 0.4939834766248574 0.5102862485746864 0.4687950741163056
0 0.5821810228050172 0.26992281755986314 0.6360106522234892 0.3039522234891676 0.6600943238312429 0.27111300798175597 0.6000823922462941 0.2354530057012543 0.5821810228050172 0.26992281755986314
0 0.598159748004561 0 0.5914014264538198 0.006411522234891677 0.6494363831242873 0.03815041733181299 0.6702843751425314 0.003318806157354618 0.6612557696693272 0 0.598159748004561 0
0 0.4871153409350057 0 0.4550900148232611 0.004641762827822121 0.43621842531356897 0.04338982782212086 0.4885272725199544 0.06746946978335233 0.5252860216647662 0 0.4871153409350057 0
0 0.2824067537058153 0.09397272976054732 0.24907773432155073 0.1440830307867731 0.29694785176738886 0.17341149030786773 0.326829417331813 0.11959684264538199 0.2824067537058153 0.09397272976054732
0 0.4704027149372862 0.2950024184720639 0.5083534469783352 0.316637086659065 0.5396254355758267 0.26438967046750284 0.49937986431014825 0.2435531220068415 0.4704027149372862 0.2950024184720639
0 0.13608928050171037 0.18365406499429876 0.1829805313568985 0.2245111904218928 0.2111786488027366 0.1959493078677309 0.16421503762827824 0.15450285974914482 0.13608928050171037 0.18365406499429876
0 0.1335401049030787 0.3626583774230331 0.16655026909920181 0.3878907172177879 0.20563575712656784 0.343250905359179 0.16655803420752566 0.31975848574686433 0.1335401049030787 0.3626583774230331
0 0.23473257354618016 0.55342934663626 0.2596224606613455 0.5222841938426454 0.21181403648802735 0.48857336145952107 0.18995950741163056 0.5200794127708096 0.23473257354618016 0.55342934663626
0 0.3682778859749145 0.5740832177879134 0.2911128472063854 0.5351517696693272 0.26124722234891673 0.5842370342075257 0.3296433979475485 0.6248449475484606 0.3682778859749145 0.5740832177879134
0 0.3918556111744584 0.5371233842645382 0.3594131197263398 0.5213863922462942 0.3402011379703535 0.5500413329532498 0.3714524139110604 0.5707055381984036 0.3918556111744584 0.5371233842645382
0 0.37940457012542755 0.4747067924743444 0.4093955621436716 0.49971005473204105 0.4521366818700114 0.42394271379703535 0.415351842645382 0.40694426681870016 0.37940457012542755 0.4747067924743444
0 0.385280574686431 0.38613359977194983 0.4185389350057013 0.3987840957810718 0.43267626567844925 0.3677627730900799 0.40552803762827827 0.35615510034207526 0.385280574686431 0.38613359977194983
0 0.2236568472063854 0.053975030786773084 0.19544771493728622 0.08731921436716078 0.24898964538198404 0.11899268301026227 0.27070519498289625 0.09122676168757127 0.2236568472063854 0.053975030786773084
0 0.19571342075256556 0.035890994298745725 0.2574933249714937 0.07133391676168757 0.2837802998859749 0.04181027594070695 0.25923590763968074 0.027061865450399087 0.19571342075256556 0.035890994298745725
0 0.09969367388825542 0.8616526476624857 0.14463311060433295 0.8866135256556442 0.15593723147092362 0.8714809156214367 0.10599394982896237 0.8447431721778791 0.09969367388825542 0.8616526476624857
0 0.7284589600912201 0.3894163956670467 0.6985920148232612 0.37515464424173317 0.6785722690992019 0.40211571265678453 0.711363802736602 0.4255802690992018 0.7284589600912201 0.3894163956670467
0 0.6058827115165337 0.37040201482326107 0.6466562497149373 0.3175861641961231 0.593177022805017 0.29128257924743445 0.5569145758266819 0.34672134207525657 0.6058827115165337 0.37040201482326107
0 0.6080045541619157 0.05638560889395667 0.5916560091220069 0.08887327936145953 0.6168066168757126 0.1037125496009122 0.6388348095781072 0.06873602964652223 0.6080045541619157 0.05638560889395667