0 0.6826707765108324 0.3778132075256556 0.6729460193842646 0.34247243329532495 0.6167141003420752 0.3538681345496009 0.6285003010262258 0.38985625769669324 0.6826707765108324 0.3778132075256556
0 0.39127227480045607 0.5777079247434436 0.44735582212086655 0.5666295450399087 0.4265418962371722 0.5140806841505131 0.37830411402508557 0.524195724059293 0.39127227480045607 0.5777079247434436
0 0.2210587787913341 0.6339459213226909 0.2741957046750285 0.6232293409350057 0.26550449714937285 0.5865620969213227 0.20824074914481186 0.5977853854047891 0.2210587787913341 0.6339459213226909
0 0 0.4531232246294185 0.010305526795895099 0.48672510718358036 0.06477550513112885 0.4722492987457241 0.03952615849486887 0.3959876647662486 0 0.4107872919042189 0 0.4531232246294185
0 0.3659549749144812 0.35201416533637403 0.40412563740022805 0.3461309794754846 0.39329421208665905 0.31152114595210945 0.3516479190421893 0.3217273158494869 0.3659549749144812 0.35201416533637403
0 0.5527154982896237 0.9520009931584948 0.5654678232611174 0.9486374287343216 0.549037102622577 0.8781818529076396 0.5355622656784492 0.8768405872291904 0.5527154982896237 0.9520009931584948
0 0.5702228916761688 0.9288872805017103 0.5835533078677309 0.9302447046750285 0.5707773044469783 0.8749127092360319 0.5558939532497149 0.8743441698973774 0.5702228916761688 0.9288872805017103
0 0.9041569224629418 0.2859312748004561 0.9746061767388825 0.2748852109464082 0.9710927753705816 0.23398823489167617 0.8956944082098062 0.246241755986317 0.9041569224629418 0.2859312748004561
0 0.926672134549601 0.40595386659064997 0.9646282474344355 0.3982976738882554 0.9434157343215507 0.2814100045610034 0.9051086168757126 0.288810189281642 0.926672134549601 0.40595386659064997
0 0.14765024059293044 0.18715246636259977 0.18008187229190423 0.17837681870011404 0.16773751539338655 0.14665098745724062 0.1342428859749145 0.15106429076396807 0.14765024059293044 0.18715246636259977
0 0.3299296339794755 0.31690535461801594 0.38432744355758264 0.301841771949829 0.3645180148232611 0.26234591220068415 0.3180495689851767 0.27463969099201824 0.3299296339794755 0.31690535461801594