0 0.3928164196123147 0.05473204104903079 0.046750285062713795 0.04789053591790194
0 0.17324856328392246 0.5784244720638541 0.21014732269099204 0.5456977502850627 0.18489870809578107 0.5085099737742304 0.1370286488027366 0.530397661345496 0.17324856328392246 0.5784244720638541
0 0.48223791562143675 0.6588546795895097 0.46883559977194983 0.6273730478905358 0.42078827366020527 0.6534652314709236 0.4344062383124287 0.702249590649943 0.48223791562143675 0.6588546795895097
0 0.8293727571265679 0.916371282782212 0.8532307183580388 0.9394750832383125 0.8816584378563285 0.906411566704675 0.8562211288483467 0.8813067582668187 0.8293727571265679 0.916371282782212
0 0.9762429521094641 0.33722167958950966 0.9408824287343216 0.34422228620296463 0.9482421812998859 0.3906899350057012 0.9867715484606613 0.38598753363740024 0.9762429521094641 0.33722167958950966
0 0.09536715849486888 0.7092956111744584 0.06065608209806157 0.7203966670467503 0.08602748346636259 0.7920299418472064 0.12333151197263398 0.7707115290763967 0.09536715849486888 0.7092956111744584
0 0.046130588369441276 0.5489804104903079 0.004930598631698974 0.5625108415051311 0.01618654732041049 0.6335781049030788 0.07157351311288483 0.6121957343215507 0.046130588369441276 0.5489804104903079
0 0.27236110376282785 0.32121885176738885 0.2573706602052451 0.2885697206385405 0.22215647662485746 0.30535382326111743 0.23239263854047892 0.33455422805017104 0.27236110376282785 0.32121885176738885
0 0.7691976419612314 0.6411968916761687 0.7571495712656785 0.6106745952109464 0.7207644093500569 0.6314519794754846 0.7358208472063854 0.6600930022805017 0.7691976419612314 0.6411968916761687
0 0.9563649167616876 0.1851480741163056 0.9518998643101483 0.17024115849486884 0.8622765416191562 0.20597154732041048 0.8664133819840364 0.2150106898517674 0.9563649167616876 0.1851480741163056
0 0.6942357844925884 0.21345257924743444 0.6930370193842645 0.22865698631698972 0.7477913318129988 0.2175833158494869 0.7447186567844926 0.2038764834663626 0.6942357844925884 0.21345257924743444
0 0.7297379521094641 0.22885089623717217 0.7350530342075257 0.2472269236031927 0.7521823067274801 0.24151132155074118 0.7495407457240593 0.222925417331813 0.7297379521094641 0.22885089623717217