0 0.7815055085518814 0.6863808711516534 0.7407170091220069 0.7221330524515394 0.7808669258836944 0.7639274675028506 0.8165611014823262 0.726443638540479 0.7815055085518814 0.6863808711516534
0 0.5974519977194983 0.9550311106043329 0.6225421995438997 0.9846312622576967 0.6847689315849488 0.9435021847206385 0.6488994025085519 0.9057130581527936 0.5974519977194983 0.9550311106043329
0 0.637106425313569 0.3569735621436716 0.6114071379703535 0.3770905735461802 0.6382457548460662 0.42812434549600914 0.6681836237172177 0.4059753033067275 0.637106425313569 0.3569735621436716
0 0.4848615997719498 0 0.4370569167616876 0.028099337514253135 0.4748874036488027 0.0757883717217788 0.5349552291904219 0.02419140935005701 0.5068669977194983 0 0.4848615997719498 0
0 0.8689088061573546 0.1225920205245154 0.8501773603192703 0.1008272063854048 0.8103267217787913 0.13518895096921324 0.8280085484606613 0.15776106271379703 0.8689088061573546 0.1225920205245154
0 0.8637876419612314 0.16774247662485747 0.8465589863169898 0.14750172976054732 0.8071551904218928 0.18389204675028506 0.8232421049030787 0.20163284036488027 0.8637876419612314 0.16774247662485747
0 0.9367396316989738 0.18864410262257697 0.9472512542759406 0.1805522189281642 0.9385399771949829 0.1356710661345496 0.9097727685290764 0.1618281881413911 0.9367396316989738 0.18864410262257697
0 0.7231906168757126 0.3801614503990878 0.7348827673888255 0.36881578221208666 0.6908639201824401 0.2709146921322691 0.6756734093500569 0.2787079247434436 0.7231906168757126 0.3801614503990878
0 0.5941830729760548 0.2667227502850627 0.5661981083238312 0.23466096693272517 0.5334167035347777 0.2534327194982896 0.5641506944127708 0.2925209338654504 0.5941830729760548 0.2667227502850627
0 0.3748685803876853 0.11458727023945268 0.35454452223489163 0.04111380615735461 0.3090946385404789 0.055997 0.3344015621436716 0.13333920524515394 0.3748685803876853 0.11458727023945268
0 0.36094819612314705 0.17354379019384264 0.35507334435575827 0.14020855188141393 0.32212533637400226 0.14479999885974915 0.3314629464082098 0.1835107742303307 0.36094819612314705 0.17354379019384264
0 0.4500636271379704 0.24029905815279362 0.465234913340935 0.23130142873432155 0.4361134287343215 0.17708063169897376 0.42251220296465225 0.19182170353477765 0.4500636271379704 0.24029905815279362
0 0.3147794903078678 0.2593372748004561 0.2997460171037628 0.1975391402508552 0.2739810353477765 0.20799111402508552 0.2886910057012543 0.2650132257696693 0.3147794903078678 0.2593372748004561
0 0.18370184264538197 0.2751383797035348 0.16146531470923606 0.30063092930444696 0.19064830444697833 0.34546439452679595 0.22254309806157355 0.3226309418472064 0.18370184264538197 0.2751383797035348
0 0.23575565108323832 0.30978000912200687 0.2688139954389966 0.28399850057012543 0.22342182782212086 0.2157018072976055 0.19445470695553022 0.2434099464082098 0.23575565108323832 0.30978000912200687
0 0.6718746830102623 0.8280586887115164 0.6278385222348917 0.7725029703534777 0.6173827126567846 0.7833058871151652 0.659499709236032 0.8359079076396807 0.6718746830102623 0.8280586887115164
0 0.5483257023945268 0.9167961151653364 0.5399811870011402 0.9329332462941847 0.5880914002280502 0.9876986408209807 0.5996378392246294 0.9763812953249714 0.5483257023945268 0.9167961151653364
0 0.5644847753705815 0.9968237765108324 0.5765437639680729 0.9935724526795895 0.5425544663625997 0.9523951231470924 0.5314995689851767 0.9614999019384265 0.5644847753705815 0.9968237765108324
0 0.18500503648802735 0.8942679988597492 0.1395911630558723 0.9248706305587229 0.1602501220068415 0.9565434469783353 0.21122032725199544 0.9221388893956671 0.18500503648802735 0.8942679988597492
0 0.23223590763968074 0.6274140011402508 0.19109115279361458 0.664445157354618 0.21581208779931585 0.6983527206385405 0.25565906043329534 0.6612698050171038 0.23223590763968074 0.6274140011402508
0 0.060792955530216644 0.44177712314709233 0.040846806157354615 0.4075478916761688 0.0077884629418472065 0.43332939908779927 0.03309070581527936 0.46712396921322685 0.060792955530216644 0.44177712314709233
0 0.5265563249714937 0.5405656180159635 0.5013052314709235 0.5194648232611174 0.4776779703534778 0.5440179783352338 0.4987241060433295 0.5683555860889395 0.5265563249714937 0.5405656180159635