0 0.722540590649943 0.778146842645382 0.6865141231470924 0.7664213888255417 0.6596370193842646 0.8374032884834663 0.6978609942987457 0.8452624070695552 0.722540590649943 0.778146842645382
0 0.8028269475484607 0.6698781163055872 0.7439513124287342 0.658146945267959 0.7215891607753706 0.7196101345496009 0.7785501356898518 0.7343507126567845 0.8028269475484607 0.6698781163055872
0 0.9207405724059292 0.6277615963511972 0.9442979007981757 0.5815354663625998 0.8992020524515393 0.5587424891676168 0.8736423318129988 0.5986336328392247 0.9207405724059292 0.6277615963511972
0 0.5105129179019384 0.6741400980615736 0.44006299885974914 0.6557602041049031 0.42468872063854046 0.6996723306727479 0.4923129749144812 0.7197118768529076 0.5105129179019384 0.6741400980615736
0 0.3555135803876853 0.7188100091220069 0.3783992417331813 0.6616425381984036 0.34240118244013684 0.6535332371721778 0.3213393158494869 0.706776763968073 0.3555135803876853 0.7188100091220069
0 0.24731306841505132 0.6312510353477765 0.2168104754846066 0.6264198996579248 0.20555072063854046 0.6595460114025085 0.231288834663626 0.6711464093500571 0.24731306841505132 0.6312510353477765
0 0.2177335438996579 0.5826266944127708 0.19532136031927022 0.5760664515393387 0.16755051311288482 0.6451001790193842 0.19161866704675026 0.6540298950969213 0.2177335438996579 0.5826266944127708
0 0.4740365473204105 0.09956306499429873 0.43121562827822124 0.09278089851767389 0.4116562394526796 0.1631167742303307 0.4607327730900798 0.1675786567844926 0.4740365473204105 0.09956306499429873
0 0.39573317673888253 0.10040375712656785 0.36569418700114026 0.0926355473204105 0.3454991984036488 0.144211338654504 0.3787438825541619 0.15007793044469783 0.39573317673888253 0.10040375712656785
0 0.2861013660205245 0.2762513511972634 0.2713159874572406 0.27089907639680727 0.26054954618015963 0.3047060535917902 0.2754706362599772 0.3124875929304447 0.2861013660205245 0.2762513511972634
0 0.26155759749144813 0.27176285062713795 0.24667779361459521 0.2669967696693273 0.23405736145952108 0.3011128369441277 0.2509797274800456 0.3077053055872292 0.26155759749144813 0.27176285062713795
0 0.24000944925883697 0.26353283922462944 0.22540983808437856 0.2570076841505131 0.21458046522234892 0.2950174982896237 0.22880616989737743 0.2996783968072976 0.24000944925883697 0.26353283922462944
0 0.3812623956670467 0 0.36782620182440134 0.0412093637400228 0.38566646636259977 0.043734408209806154 0.40038792132269097 0 0.3812623956670467 0
0 0.760484157354618 0.24244021208665908 0.7498036157354618 0.23773966020524515 0.7301459042189281 0.27074113112884834 0.7472788278221209 0.2764636408209806 0.760484157354618 0.24244021208665908
0 0.7391233181299885 0.2330375644241733 0.7247381254275941 0.22895413911060433 0.7144649965792473 0.26344198289623716 0.7280622611174458 0.2731194595210946 0.7391233181299885 0.2330375644241733
0 0.7208175142531357 0.22712929076396807 0.7102300992018244 0.22184075712656784 0.6937192497149374 0.2577468289623717 0.708668794754846 0.2646295655644242 0.7208175142531357 0.22712929076396807
0 0.7004148893956671 0.21547222462941848 0.6871099395667046 0.21215946180159637 0.6724512941847206 0.24775774230330672 0.6889519122006842 0.25247837628278225 0.7004148893956671 0.21547222462941848
0 0.18098644811858608 0 0.17838203420752566 0.014816007981755986 0.22445099771949828 0.025422110604332953 0.2240649156214367 0 0.18098644811858608 0
0 0.31423026681870014 0.1290266009122007 0.27644602166476623 0.11702274230330673 0.26026934207525654 0.1584000125427594 0.30362664766248576 0.1688772063854048 0.31423026681870014 0.1290266009122007
0 0.1049339669327252 0.5430926613454959 0.0737220969213227 0.5351386841505131 0.06676238882554161 0.5563074435575827 0.09647772976054732 0.5658294298745724 0.1049339669327252 0.5430926613454959