0 0.24693146294184723 0.12054759179019384 0.2345687582668187 0.04589374230330673 0.16721170467502852 0.052983039908779936 0.1666133489167617 0.13805544811858608 0.24693146294184723 0.12054759179019384
0 0.40272519726339795 0.28863473432155073 0.3522138255416192 0.2897876009122007 0.34827688597491446 0.3186042987457241 0.3976450695553022 0.3181265724059293 0.40272519726339795 0.28863473432155073
0 0.37357498973774234 0.722965220068415 0.3367746237172178 0.6137490513112885 0.2805896134549601 0.6359285974914481 0.31368479817559863 0.7432063169897377 0.37357498973774234 0.722965220068415
0 0.42910052793614595 0.7083782964652223 0.39703547320410487 0.5988310022805018 0.3477597844925883 0.6133991003420752 0.3775969703534777 0.7208999429874572 0.42910052793614595 0.7083782964652223
0 0.5831632622576968 0.7921511140250855 0.5067300957810719 0.8141457753705815 0.5236632417331812 0.8605306955530216 0.5944630809578106 0.8430932212086659 0.5831632622576968 0.7921511140250855
0 0.36650491676168756 0.8346523420752565 0.3920240057012543 0.9101702417331813 0.45114322462941847 0.8959272223489168 0.4252976978335234 0.8157410353477765 0.36650491676168756 0.8346523420752565
0 0.2992063283922463 0.42550174686431014 0.29279982098061574 0.41049019954389965 0.2571431094640821 0.41553665450399085 0.2634068221208666 0.432761992018244 0.2992063283922463 0.42550174686431014
0 0.588649078677309 0.5301317388825542 0.5807260820980616 0.484899236031927 0.5424487822120866 0.486538945267959 0.5559353432155074 0.5389618072976055 0.588649078677309 0.5301317388825542
0 0.7821744218928164 0.4291893283922463 0.7453145621436715 0.4383093204104903 0.7603336545039909 0.49136901710376285 0.8004578483466362 0.4778606271379704 0.7821744218928164 0.4291893283922463
0 0.6278728768529076 0.4441424104903079 0.6267971003420753 0.42875810148232607 0.5507062793614595 0.4471591915621437 0.556011015963512 0.463438181299886 0.6278728768529076 0.4441424104903079
0 0.768205109464082 0.40816569099201827 0.7719504903078678 0.3936330889395667 0.6955716294184721 0.4078926191562144 0.7026532770809578 0.4240473557582668 0.768205109464082 0.40816569099201827
0 0.7401079737742303 0.4404574344355758 0.7404235689851767 0.4279471322690992 0.7049714082098061 0.4359411858608894 0.7055758015963512 0.4488178928164196 0.7401079737742303 0.4404574344355758
0 0.6266905838084379 0.46979361801596353 0.6266752702394527 0.4525511220068415 0.5873454378563284 0.4646741641961232 0.5948157742303306 0.48213152223489164 0.6266905838084379 0.46979361801596353
0 0.9155498175598632 0.2170970102622577 0.9155758141391106 0.20044525883694414 0.8558315803876853 0.21851776738882556 0.8597628848346637 0.23645754618015963 0.9155498175598632 0.2170970102622577
0 0.9020817137970354 0.25431152565564424 0.9015568244013683 0.23829349486887116 0.8641604652223489 0.24825295667046748 0.8718198118586089 0.26415741049030783 0.9020817137970354 0.25431152565564424
0 0.9133921060433295 0.2713578255416192 0.9087211984036488 0.2556312805017104 0.8920551413911061 0.26413643899657924 0.896462030786773 0.2761097582668187 0.9133921060433295 0.2713578255416192
0 0.9154266750285063 0.377059322690992 0.9665846590649944 0.36812990877993157 0.9573100421892817 0.32061425199543897 0.9133408700114025 0.3302298084378563 0.9154266750285063 0.377059322690992
0 0.18804538084378564 0.878647282782212 0.17976225427594072 0.8453329954389965 0.13045090992018246 0.8636470809578107 0.14224488255416193 0.8961206659064994 0.18804538084378564 0.878647282782212