0 0.4646287628278221 0.6923108323831243 0.42768137058152794 0.6996638768529077 0.4463371687571266 0.8133770125427594 0.48201711630558725 0.804922197263398 0.4646287628278221 0.6923108323831243
0 0.47653414025085516 0.3863553751425314 0.40686342303306733 0.40195335461801596 0.41073188369441277 0.4487631562143672 0.4880103637400228 0.4335259897377423 0.47653414025085516 0.3863553751425314
0 0.40341124515393384 0.3610742748004561 0.39662591220068416 0.31506520752565564 0.3270398072976055 0.33185080273660206 0.3345403580387685 0.3795985895096921 0.40341124515393384 0.3610742748004561
0 0.8689654948688711 0.46260868529076393 0.8186578722919042 0.47447029874572405 0.8212704697833523 0.5118321904218928 0.8759172748004561 0.497580818700114 0.8689654948688711 0.46260868529076393
0 0.16950866590649943 0.6301130456100342 0.13166836944127708 0.6416980604332952 0.14289331128848348 0.7171942656784492 0.18284074116305585 0.710229770809578 0.16950866590649943 0.6301130456100342
0 0.25114060205245153 0.8025919657924744 0.1977071299885975 0.812288228050171 0.2077090558722919 0.8872731881413911 0.2656101881413911 0.874582984036488 0.25114060205245153 0.8025919657924744
0 0.43932248688711517 0.7810892428734322 0.4313228175598632 0.7262261288483466 0.4160035302166477 0.7299788893956671 0.42097822006841507 0.7823719988597492 0.43932248688711517 0.7810892428734322
0 0.5314040045610035 0.8819225245153934 0.5005406453819841 0.8912309304446978 0.5060389384264539 0.9188568722919043 0.538459881413911 0.9127162805017104 0.5314040045610035 0.8819225245153934
0 0.9063421299885974 0.8610657936145952 0.9198282827822121 0.8583355849486887 0.9153573876852907 0.8199116716077537 0.8987463888255417 0.8240523591790194 0.9063421299885974 0.8610657936145952
0 0.9261831881413911 0.8471635108323832 0.9419924606613455 0.8436756533637401 0.9329137343215508 0.807361117445838 0.9194207913340935 0.8136677001140251 0.9261831881413911 0.8471635108323832
0 0.7930568118586089 0.8141617354618016 0.8295895883694413 0.8008794207525656 0.8247267958950969 0.7729114401368301 0.7851079156214367 0.7855151904218929 0.7930568118586089 0.8141617354618016
0 0.7608603261117446 0.8724324047890535 0.778778070695553 0.8735618403648803 0.7634618882554162 0.7906062919042189 0.7454508483466363 0.7966320444697833 0.7608603261117446 0.8724324047890535
0 0.7785612987457241 0.8449713797035348 0.794964433295325 0.8414419942987457 0.7851679247434435 0.7810422964652224 0.7671783728620296 0.7927287765108323 0.7785612987457241 0.8449713797035348
0 0.32395911060433297 0.8660341322690992 0.30386363283922463 0.7232208483466362 0.27714205701254274 0.7334315986316989 0.2963961710376283 0.8715374196123147 0.32395911060433297 0.8660341322690992
0 0.20670332269099204 0.5327563215507412 0.20249295096921324 0.4895463283922463 0.1868050330672748 0.4948144321550741 0.19397536374002283 0.5378174458380844 0.20670332269099204 0.5327563215507412
0 0.24413278677309008 0.48127152337514256 0.22772976282782212 0.48480246636259977 0.2360416134549601 0.5271288905359179 0.2561596750285063 0.5257220992018244 0.24413278677309008 0.48127152337514256