0 0.5795277468643102 0.05405524857468643 0.5923627810718358 0.008396264538198403 0.5568291505131129 0.002768290763968073 0.5448611049030787 0.04295332041049031 0.5795277468643102 0.05405524857468643
0 0.07495518700114025 0 0.06957570923603193 0.03640765336374002 0.08007481071835805 0.04087539224629418 0.09306221436716078 0 0.07495518700114025 0
0 0.16756158152793613 0.34649274458380847 0.18588184036488026 0.2750509726339795 0.13509847548460663 0.2684108916761688 0.11692805587229191 0.33005706613454955 0.16756158152793613 0.34649274458380847
0 0.07831210148232612 0.30851188027366017 0.10116618244013682 0.23498335005701254 0.05010082668187001 0.22128412086659063 0.031130387685290764 0.29683097263397945 0.07831210148232612 0.30851188027366017
0 0.11791745039908781 0.5714778825541619 0.1424382953249715 0.4785762645381984 0.0769901961231471 0.4583909737742304 0.054918690992018245 0.5446676259977196 0.11791745039908781 0.5714778825541619
0 0.06779015621436717 0.4457112873432155 0.0958456818700114 0.33934212086659066 0.061244221208665905 0.33666821436716077 0.02514072063854048 0.43194337742303307 0.06779015621436717 0.4457112873432155
0 0.3141534789053592 0.9069435997719498 0.3745705017103763 0.9235256191562143 0.3900732269099202 0.86987303990878 0.32785704675028504 0.8558109064994298 0.3141534789053592 0.9069435997719498
0 0.4183573272519955 0.9920392166476624 0.4443050741163056 0.8812689464082099 0.40812305017103767 0.8797447537058153 0.3814563648802737 0.9861946784492589 0.4183573272519955 0.9920392166476624
0 0.6217376795895098 0.9374247058152794 0.5526209600912201 0.9138535176738882 0.531803378563284 0.956844977194983 0.6066028996579247 0.9799145997719497 0.6217376795895098 0.9374247058152794
0 0.8275211448118586 0.9826417787913341 0.8670749144811859 0.8921211425313569 0.7983918118586089 0.8658122063854048 0.7683393033067275 0.9494215781071836 0.8275211448118586 0.9826417787913341
0 0.8061018700114024 0.6313821014823261 0.8391861607753706 0.6436350410490308 0.8572036556442417 0.5917839760547321 0.8224715872291904 0.5722555689851767 0.8061018700114024 0.6313821014823261
0 0.8124045575826682 0.5650498369441277 0.8398594287343216 0.4978612713797035 0.814326102622577 0.49101076282782213 0.789172275940707 0.5613702052451539 0.8124045575826682 0.5650498369441277
0 0.8626275530216647 0.44255457354618016 0.9146268677309007 0.45920657240592927 0.9492149863169898 0.37350914367160776 0.9036143261117446 0.36067543671607755 0.8626275530216647 0.44255457354618016
0 0.7158109110604333 0.43192527708095785 0.740746630558723 0.36293292246294184 0.7157134013683011 0.3617744743443557 0.696677535917902 0.42889484834663627 0.7158109110604333 0.43192527708095785
0 0.498218236031927 0.6204906476624857 0.5187712713797035 0.5437912417331813 0.48640413112884834 0.5358599452679589 0.4726849087799316 0.6136401402508552 0.498218236031927 0.6204906476624857
0 0.4537011277080958 0.6008156556442418 0.4729553454960091 0.5323266533637401 0.45382197035347777 0.5292962246294185 0.4380182668187001 0.6025382109464082 0.4537011277080958 0.6008156556442418
0 0.5042984697833524 0.6705471470923603 0.5146841630558723 0.6315131288483465 0.48598410034207523 0.6269674857468643 0.4758167594070695 0.6646328745724058 0.5042984697833524 0.6705471470923603
0 0.45869935233751424 0.6577136852907639 0.46390079817559865 0.6248730478905359 0.450950810718358 0.6270300296465223 0.44028312656784496 0.6590048996579247 0.45869935233751424 0.6577136852907639
0 0.8281203432155074 0.8395630399087799 0.8554374207525656 0.7678408529076397 0.8075729110604333 0.7569551094640822 0.7883741356898518 0.8326651265678449 0.8281203432155074 0.8395630399087799
0 0.1702362896237172 0.16246263283922463 0.21981547890535919 0.17933247206385403 0.2336774275940707 0.10698366248574687 0.191344251995439 0.09366608437856329 0.1702362896237172 0.16246263283922463