0 0.258336937286203 0.7765082223489167 0.29301773888255417 0.783012472063854 0.2875259863169897 0.7250816659064994 0.2524089543899658 0.725787511972634 0.258336937286203 0.7765082223489167
0 0.07057379703534777 0.8884825963511973 0.09169333067274801 0.8877569669327252 0.09175770125427593 0.8429720889395667 0.06788116647662486 0.8371233272519955 0.07057379703534777 0.8884825963511973
0 0.3048222212086659 0.776995606613455 0.3396840307867731 0.7787046681870011 0.3370157457240593 0.7306264515393387 0.30379433523375143 0.732327101482326 0.3048222212086659 0.776995606613455
0 0.3721028939566705 0.7618643454960091 0.42770702964652224 0.7593037286202964 0.4238606944127708 0.7113477594070696 0.3690278061573546 0.711739314709236 0.3721028939566705 0.7618643454960091
0 0.43965542645381983 0.8559592702394527 0.47259837742303307 0.8572745621436716 0.4730969646522235 0.8279665815279362 0.441489669327252 0.8223333329532497 0.43965542645381983 0.8559592702394527
0 0.28945619270239453 0.8520441687571266 0.3323211710376283 0.8505239794754846 0.3318585952109464 0.8177364686431016 0.28807984834663625 0.8098003683010262 0.28945619270239453 0.8520441687571266
0 0.11330444241733181 0.31592323831242874 0.14779905359179019 0.3206559965792474 0.14804954960091218 0.2889875792474344 0.11560350171037628 0.2810544059293044 0.11330444241733181 0.31592323831242874
0 0.11072997491448118 0.16425052679589508 0.14433050057012542 0.16280854161915623 0.14296571835803876 0.12713232383124287 0.10766233295324971 0.1260651242873432 0.11072997491448118 0.16425052679589508
0 0.10793477309007982 0.22275538768529074 0.1453513534777651 0.2235989110604333 0.1431474275940707 0.19696462941847206 0.10812577423033067 0.1928827149372862 0.10793477309007982 0.22275538768529074
0 0.6650125838084379 0.7528695473204104 0.700252189281642 0.753344858608894 0.6914692736602052 0.6754612690992019 0.6583719897377424 0.678342913340935 0.6650125838084379 0.7528695473204104
0 0.706452551881414 0.7517976442417332 0.7422913683010262 0.7560906100342075 0.7370777822120868 0.717832244013683 0.7033583055872292 0.714809078677309 0.706452551881414 0.7517976442417332
0 0.7034296556442418 0.6464427274800455 0.7546559646522235 0.6467303192702395 0.7532287924743443 0.6104604971493729 0.7024019863169897 0.6092353842645383 0.7034296556442418 0.6464427274800455
0 0.7666089486887115 0.6944296955530217 0.8329875917901939 0.6940202451539339 0.831098007981756 0.6249644652223489 0.7675106419612315 0.6214968460661345 0.7666089486887115 0.6944296955530217
0 0.8531149429874573 0.83668382668187 0.8853268871151654 0.8401623797035348 0.8863545302166477 0.7875165621436716 0.8491587958950969 0.7854557867730901 0.8531149429874573 0.83668382668187
0 0.6960527331812999 0.8779680832383124 0.7498289179019384 0.8788832041049031 0.7457965564424174 0.8291572964652223 0.6957768072976055 0.8242652348916762 0.6960527331812999 0.8779680832383124
0 0.6556960513112885 0.9666881470923603 0.6892178494868871 0.9718216624857469 0.6888778483466363 0.9402153090079817 0.6561210889395667 0.9406715096921323 0.6556960513112885 0.9666881470923603
0 0.6551280684150513 0.931223550741163 0.6851216396807297 0.9328488358038769 0.6859912189281642 0.9070855553021665 0.6525213899657925 0.9064226624857469 0.6551280684150513 0.931223550741163
0 0.6088669327251995 0.899669110604333 0.609211251995439 0.8632130980615735 0.5703076431014823 0.8619288460661346 0.5699028141391106 0.8977941995438996 0.6088669327251995 0.899669110604333
0 0.5734237947548461 0.9583202246294185 0.6102314196123148 0.9580337103762828 0.6065997970353478 0.9291614036488027 0.5728198118586089 0.9255475769669328 0.5734237947548461 0.9583202246294185
0 0.8490398380843786 0.6821837366020524 0.9043377058152793 0.6805508392246293 0.9016388232611174 0.6491924161915622 0.8482669441277081 0.6464437377423032 0.8490398380843786 0.6821837366020524
0 0.8816605758266819 0.8847288164196122 0.8654049464082099 0.8855418209806157 0.8654797194982896 0.9634451425313568 0.883272197263398 0.9624706088939566 0.8816605758266819 0.8847288164196122
0 1 0.6033244298745725 0.966377795895097 0.6011936579247434 0.9732365062713797 0.6721152428734322 1 0.681265290763968 1 0.6033244298745725
0 0.792927204104903 0.2895670581527936 0.8321100057012544 0.2941055781071836 0.8347857001140251 0.206062330672748 0.7924967126567846 0.20095475370581528 0.792927204104903 0.2895670581527936
0 0.915847543899658 0.23366213112884834 0.9495064629418473 0.23639315165336372 0.9491983854047891 0.19941025883694413 0.9140527673888256 0.19414890421892816 0.915847543899658 0.23366213112884834
0 0.6682357160775371 0.4137200535917902 0.7157328494868872 0.4126085370581528 0.7117607673888255 0.37481670581527937 0.6644433055872292 0.37859435917901935 0.6682357160775371 0.4137200535917902
0 0.8318986237172178 0.29442630558722915 0.8906660171037628 0.29511533979475485 0.8662969965792475 0.2391686134549601 0.8354344675028506 0.24062133523375143 0.8318986237172178 0.29442630558722915
0 0.30609275256556445 0.3040186579247435 0.344740054732041 0.3047328278221209 0.3421336054732041 0.2685885233751425 0.30264105359179017 0.2673661721778791 0.30609275256556445 0.3040186579247435
0 0.38957951425313564 0.19792949714937286 0.3888689794754846 0.14009161345496007 0.360150488027366 0.1449026818700114 0.3665111984036488 0.19975548346636263 0.38957951425313564 0.19792949714937286
0 0.488039755986317 0 0.48801239110604333 0.018028379703534776 0.5022652257696694 0.015933326111744583 0.5046518107183581 0 0.488039755986317 0
0 0.5220628814139111 0 0.5238753124287343 0.017244137970353478 0.5394609612314709 0.017994102622576967 0.5375697046750285 0 0.5220628814139111 0
0 0.5272037502850627 0.4249609874572406 0.5601483249714938 0.4247819851767389 0.5591555997719498 0.3926456442417332 0.5224263990877993 0.38934336488027366 0.5272037502850627 0.4249609874572406
0 0.3026429532497149 0.4243839464082098 0.3440820296465222 0.42898383238312426 0.3377513603192702 0.36875154503990876 0.30210761345496007 0.3701113432155074 0.3026429532497149 0.4243839464082098
0 0.23584494526795896 0.44334511060433296 0.2718310980615735 0.4395628141391106 0.2719275553021665 0.3894029498289624 0.23839410832383123 0.38814972177879137 0.23584494526795896 0.44334511060433296