0 0.8554203842645381 0.8922237366020525 0.8218817445838085 0.8911316590649944 0.8183083272519954 0.9284848711516535 0.851862605473204 0.9313868483466363 0.8554203842645381 0.8922237366020525
0 0.9191981801596351 0.8618671368301026 0.9434706339794755 0.8643382976054732 0.948419606613455 0.8362712759407069 0.9246626716077537 0.8308764686431015 0.9191981801596351 0.8618671368301026
0 0.9730618563283923 0.27628985632839226 0.9616534549600912 0.2760869771949829 0.9523385883694413 0.34257329304446976 0.9670761436716078 0.3394442816419612 0.9730618563283923 0.27628985632839226
0 0.561859771949829 0.8832660718358039 0.5535781470923603 0.8824087080957811 0.5334750387685291 0.9451840387685292 0.5508697080957811 0.9479513181299886 0.561859771949829 0.8832660718358039
0 0.40640477309007983 0.8323432748004561 0.4089477605473204 0.7700874925883694 0.3558234663625998 0.7673522508551882 0.3523172269099202 0.8282323671607753 0.40640477309007983 0.8323432748004561
0 0.5098111687571266 0.47134333295324976 0.5269958506271379 0.3773034310148233 0.49074257582668185 0.3745284572405929 0.47582606271379707 0.46595375142531353 0.5098111687571266 0.47134333295324976
0 0.14907509236031927 0.9458357765108324 0.18486440022805017 0.9512420330672748 0.18565578221208667 0.909177905359179 0.1467181014823261 0.9092456020524516 0.14907509236031927 0.9458357765108324
0 0.20483271949828963 0.831166527936146 0.16878554047890537 0.8374715393386545 0.17558799885974916 0.9013720022805017 0.2084543101482326 0.8920960672748004 0.20483271949828963 0.831166527936146
0 0.2342186795895097 0.5825199714937287 0.20336150741163056 0.5867271596351197 0.20415045952109465 0.6266583033067276 0.23779482554161915 0.623245614595211 0.2342186795895097 0.5825199714937287
0 0.11089105017103763 0.5782599475484607 0.039966152793614595 0.5910761744583808 0.05735146750285063 0.7008566659064994 0.11988933295324972 0.6874659418472064 0.11089105017103763 0.5782599475484607
0 0.11223206955530217 0 0.11478900570125426 0.03692840250855188 0.1536200307867731 0.03533303876852908 0.15224679931584947 0 0.11223206955530217 0
0 0.376455 0.2711749566704675 0.3939122896237172 0.2712385997719498 0.39116470125427594 0.21166899087799315 0.3765440855188142 0.21542153249714938 0.376455 0.2711749566704675
0 0.6017382189281643 0.011491996579247434 0.5643509156214367 0.0048996066134549595 0.5612297263397947 0.029430294184720637 0.5972645302166476 0.029152197263397947 0.6017382189281643 0.011491996579247434
0 0.5586815484606613 0.2864249464082098 0.5684049726339795 0.2893452668187001 0.5858972041049031 0.21404979247434436 0.569063661345496 0.20957589623717215 0.5586815484606613 0.2864249464082098
0 0.3758102668187001 0.011808579247434435 0.3443687468643101 0.005661680729760548 0.3425803329532497 0.03971218015963512 0.3711987708095781 0.04084105815279362 0.3758102668187001 0.011808579247434435
0 0.4276632041049031 0.04567094298745725 0.4305826807297606 0.005187875712656785 0.390379338654504 0.007745494868871152 0.3922685393386545 0.04485609464082098 0.4276632041049031 0.04567094298745725
0 0.27931121322690994 0.27213317217787913 0.2847441299885975 0.173008157354618 0.2394775062713797 0.17316570923603194 0.23804151539338653 0.27389985518814136 0.27931121322690994 0.27213317217787913
0 0.2837623329532497 0.837847448118586 0.27005324971493727 0.833623023945268 0.26529425769669324 0.8668482748004561 0.27905488597491446 0.8713832428734322 0.2837623329532497 0.837847448118586
0 0.13162314937286204 0.17374263625997718 0.11523221664766249 0.174469929304447 0.11443846750285064 0.2677825370581528 0.12888543671607752 0.26761524857468644 0.13162314937286204 0.17374263625997718