0 0.005742767388825541 0.16734992018244016 0.0782558095781072 0.19355693842645383 0.08494417217787913 0.15032333181299887 0.006331286202964652 0.13291744697833524 0.005742767388825541 0.16734992018244016
0 0.22811986773090082 0.20686195324971493 0.17389982554161915 0.18631880501710377 0.16011608437856328 0.22824088027366018 0.21646798289623717 0.24169515621436718 0.22811986773090082 0.20686195324971493
0 0.18027575370581528 0.1608949578107184 0.21570552223489167 0.17042099429874574 0.23341378335233753 0.1416319110604333 0.19454796807297606 0.12491981299885975 0.18027575370581528 0.1608949578107184
0 0.04854936944127708 0.6039791231470925 0.08583991790193843 0.6087853534777652 0.08979107867730901 0.5524394789053592 0.05987862485746864 0.5480573922462942 0.04854936944127708 0.6039791231470925
0 0 0.853718566704675 0.01270069897377423 0.8563309749144812 0.019530871151653365 0.8208197696693272 0 0.8144620957810719 0 0.853718566704675
0 0.27640103420752565 0.9416961824401369 0.31310982098061574 0.9458999794754845 0.32147605131128854 0.9026956602052452 0.28851934321550743 0.8932127924743444 0.27640103420752565 0.9416961824401369
0 0.3425677936145952 0.9576971391106044 0.3780478118586089 0.9642548494868872 0.38572504561003423 0.9323214720638541 0.3530889179019384 0.9264072417331813 0.3425677936145952 0.9576971391106044
0 0.34058842075256557 0.7991056259977195 0.37187759407069554 0.807967110604333 0.39430037400228046 0.7569897400228051 0.3582211391106043 0.7406232029646522 0.34058842075256557 0.7991056259977195
0 0.48462866590649945 0.7042300250855188 0.5354069863169897 0.7181808551881413 0.5486122554161915 0.6830778460661345 0.4971437502850627 0.6670365290763968 0.48462866590649945 0.7042300250855188
0 0.41568163740022807 0.0658310661345496 0.383955748004561 0.048057477765108325 0.3610573432155074 0.10228954275940706 0.3939294834663626 0.1156324606613455 0.41568163740022807 0.0658310661345496
0 0.36791445496009123 0.2532462702394527 0.39449015165336376 0.26024239566704677 0.4208422326111745 0.21200745724059294 0.3890199236031927 0.1930429418472064 0.36791445496009123 0.2532462702394527
0 0.4250405267958951 0.14141372405929303 0.4569114629418472 0.15087764082098062 0.47687427366020524 0.09480968757126568 0.44340662713797035 0.08442714139110605 0.4250405267958951 0.14141372405929303
0 0.5528870741163056 0.12464240022805018 0.5757780285062714 0.13870029418472063 0.5935158141391106 0.10813020524515393 0.5669382565564425 0.09192951995438997 0.5528870741163056 0.12464240022805018
0 0.6345296180159635 0.20564209578107184 0.6692413797035348 0.2222816841505131 0.6924106761687571 0.18646183808437855 0.6598140387685291 0.17371913340935005 0.6345296180159635 0.20564209578107184
0 0.8687885427594071 0.006361063854047891 0.8451761961231471 0.03354217445838084 0.8685675496009122 0.05295336602052452 0.9054917001140251 0.013215165336374003 0.8687885427594071 0.006361063854047891
0 0.9166843591790194 0.8311350786773091 0.9467670786773089 0.8411616214367161 0.9718800262257697 0.7958742554161915 0.9305924754846066 0.7820875256556442 0.9166843591790194 0.8311350786773091
0 0.7535576168757127 0.7279270923603193 0.7824219030786772 0.7397154515393387 0.7990618608893957 0.7079369566704675 0.7677588563283922 0.6961075917901939 0.7535576168757127 0.7279270923603193
0 0.6602275758266819 0.9086085895096921 0.68848786659065 0.9209786841505131 0.7043141163055873 0.88621834663626 0.6751245359179019 0.8708628289623718 0.6602275758266819 0.9086085895096921
0 0.6032480433295325 0.876140464082098 0.6357110775370581 0.8856147160775371 0.647508181299886 0.8555332098061574 0.6097379589509692 0.844186362599772 0.6032480433295325 0.876140464082098
0 0.09652664424173318 0.1665591961231471 0.08942078221208666 0.19969022805017103 0.10412263740022805 0.20499449486887114 0.11375667274800455 0.16507842645381982 0.09652664424173318 0.1665591961231471
0 0.9980914663625998 0.5178174834663626 0.9993174013683009 0.4721147309007982 0.9698799543899658 0.4686316955530217 0.9621006602052452 0.5065016955530216 0.9980914663625998 0.5178174834663626
0 0.7853647331812998 0.12929415393386545 0.8023667924743443 0.14087389395667047 0.8381223705815279 0.10111529646522235 0.8235169213226909 0.08482666590649943 0.7853647331812998 0.12929415393386545
0 0.7774654709236032 0.10599493044469784 0.7861656408209806 0.11743132497149374 0.8252329771949829 0.075058251995439 0.8126109806157356 0.06385344925883694 0.7774654709236032 0.10599493044469784