0 0.38431242075256555 0.7300085302166477 0.39189933751425315 0.6943714093500569 0.31517553819840366 0.693124897377423 0.3217095815279361 0.7317115279361459 0.38431242075256555 0.7300085302166477
0 0.3910437993158495 0.9212606202964652 0.3946826704675029 0.8729445131128848 0.34307161003420755 0.8691639521094641 0.3447147069555302 0.9239580741163056 0.3910437993158495 0.9212606202964652
0 0.3775613352337514 1 0.3795061242873432 0.9783264446978336 0.33156403192702394 0.9776311208665907 0.3305134925883695 1 0.3775613352337514 1
0 0.9571714241733181 0.8158453318129989 0.9074302086659065 0.7956252941847206 0.8995933192702394 0.8097512884834663 0.9491058403648802 0.8329935997719499 0.9571714241733181 0.8158453318129989
0 0.9396251904218929 0.8580923329532497 0.9457680171037628 0.844772551881414 0.8971784629418472 0.8217648198403649 0.8883433352337514 0.835068842645382 0.9396251904218929 0.8580923329532497
0 0.7888948950969213 0 0.8029973147092361 0.042528052451539344 0.8748414754846067 0.023533997719498292 0.8667483295324971 0 0.7888948950969213 0
0 0.5863661163055872 0 0.5632501231470923 0.0022377548460661345 0.562094661345496 0.04398348688711517 0.6149183169897378 0.035702930444697835 0.6209123751425314 0 0.5863661163055872 0
0 0.781481755986317 0.04756266704675029 0.7691763683010262 0.01556443101482326 0.7354264823261117 0.023270887115165336 0.7439704675028506 0.05875192132269099 0.781481755986317 0.04756266704675029
0 0.79587396009122 0.06733734549600912 0.7556433842645383 0.07586786659064994 0.7643923192702394 0.11787727137970354 0.7969688323831243 0.10549930444697835 0.79587396009122 0.06733734549600912
0 0.1812058301026226 0.27924010034207525 0.18491706841505132 0.26561752337514255 0.15271758608893957 0.26889892474344357 0.153061244013683 0.2838906647662486 0.1812058301026226 0.27924010034207525
0 0.21548996009122007 0.2953727913340935 0.21537619384264536 0.2798301790193843 0.15189513797035348 0.2914327445838084 0.15044720866590652 0.30156441049030785 0.21548996009122007 0.2953727913340935
0 0.23087449486887116 0.29886926339794756 0.14571210604332954 0.31172029874572404 0.15040619042189282 0.3207184298745724 0.22959272405929307 0.31279017331812997 0.23087449486887116 0.29886926339794756
0 0.2327154070695553 0.3333503671607754 0.22906550513112883 0.3182403625997719 0.15380185290763967 0.3288857936145952 0.1530842702394527 0.34252963169897377 0.2327154070695553 0.3333503671607754
0 0.2252610171037628 0.3408475233751425 0.15638243671607754 0.3499029589509692 0.1595153740022805 0.3656746465222349 0.23097858608893956 0.35330923945267956 0.2252610171037628 0.3408475233751425
0 0 0.2837233751425314 0.029035141391106044 0.29933954846066135 0.04646551995438997 0.26346982668187 0.004375265678449259 0.24709761459521096 0 0.25805796009122006 0 0.2837233751425314