0 0.08249137970353478 0.001946168757126568 0.04026820068415052 0.01790189281641961 0.03478814709236032 0.08053919042189281 0.10404832839224629 0.05529988141391106 0.08249137970353478 0.001946168757126568
0 0.6015478871151654 0.26171718129988597 0.5900587719498289 0.1886628449258837 0.5517608426453819 0.197221590649943 0.5672312348916762 0.269051070695553 0.6015478871151654 0.26171718129988597
0 0.39917152565564423 0.2654462337514253 0.40928911288483466 0.29967704789053595 0.5032642200684151 0.2848830980615735 0.49667614025085516 0.24777865336374003 0.39917152565564423 0.2654462337514253
0 0.5912476681870013 0.4066992827822121 0.5858848038768529 0.37943437856328394 0.5430618084378563 0.3852147297605473 0.5488833477765108 0.41745573432155075 0.5912476681870013 0.4066992827822121
0 0.32205091904218924 0.5337943135689852 0.3257899646522235 0.5728249657924743 0.36009999885974914 0.5723792109464082 0.35731238996579245 0.5327103021664766 0.32205091904218924 0.5337943135689852
0 0.8098133648802737 0.667569353477765 0.8097692941847207 0.593135394526796 0.7261044971493729 0.6024884925883695 0.7353764378563283 0.6668226567844925 0.8098133648802737 0.667569353477765
0 0.9753287924743443 0.6832421128848347 0.9632132234891676 0.6309732109464082 0.9248924948688712 0.6329800376282783 0.9305251858608894 0.6946117366020524 0.9753287924743443 0.6832421128848347
0 0.7787760125427594 0.831577433295325 0.770657795895097 0.754056141391106 0.7214130114025086 0.7548939258836944 0.7213207251995439 0.8342927069555303 0.7787760125427594 0.831577433295325
0 0.6235240763968073 0.9847181448118586 0.6214075062713796 0.9476159247434436 0.5685063717217788 0.9459646282782213 0.5687465290763968 0.9840947183580387 0.6235240763968073 0.9847181448118586
0 0.2951859076396807 0.7999876944127708 0.2865113272519954 0.76290617331813 0.22135909350057012 0.7786423500570125 0.2306476921322691 0.815536046750285 0.2951859076396807 0.7999876944127708
0 0.22546775712656783 0.6771799749144812 0.22267142873432158 0.6614545427594071 0.19090320410490308 0.656691070695553 0.19025959179019386 0.6776726294184721 0.22546775712656783 0.6771799749144812
0 0.21020452565564424 0.6472639817559863 0.2037391060433295 0.6121637913340936 0.18439782554161915 0.6152350877993159 0.19225563397947548 0.6514515039908779 0.21020452565564424 0.6472639817559863
0 0.9995297856328392 0.3929984663625998 0.9990311562143671 0.3578227160775371 0.9537660935005701 0.35743550741163055 0.9587378654503992 0.39259480501710375 0.9995297856328392 0.3929984663625998
0 0.7422770798175599 0.32225979589509696 0.7790818072976055 0.3171433819840365 0.7714608403648803 0.26459483352337515 0.7365644104903079 0.2717431106043329 0.7422770798175599 0.32225979589509696
0 0.20168499087799316 0.31545413112884835 0.25037114367160773 0.3107827582668187 0.23963296123147093 0.27342658722919044 0.2030108905359179 0.2798435564424173 0.20168499087799316 0.31545413112884835
0 0.2814678244013683 0.3027844503990878 0.2708621060433295 0.2673204629418472 0.24959110832383125 0.2720109851767389 0.25813573204104906 0.30718956328392244 0.2814678244013683 0.3027844503990878
0 0.4787550410490308 0.1801170661345496 0.4763952291904219 0.16621474230330674 0.4225634344355758 0.17520093728620295 0.42753919726339795 0.18985913340935007 0.4787550410490308 0.1801170661345496
0 0.13799551767388826 0.6278466624857469 0.12370548004561004 0.5527623614595211 0.06876971037628278 0.5539115781071836 0.07460493728620296 0.6268712234891677 0.13799551767388826 0.6278466624857469