0 0.8139030125427594 0.26545399657924745 0.8504697879133409 0.2525202645381984 0.8369674618015963 0.20944900912200684 0.7975415803876853 0.22158539110604333 0.8139030125427594 0.26545399657924745
0 0.8263947901938427 0.16656560205245155 0.8622083249714937 0.15253856100342075 0.8528220501710376 0.10469173546180159 0.811558685290764 0.11648519726339794 0.8263947901938427 0.16656560205245155
0 0.3260425621436716 0.20810543557582667 0.4036764834663626 0.19719469897377423 0.39694857810718354 0.12469106727480046 0.3157957251995439 0.1351954025085519 0.3260425621436716 0.20810543557582667
0 0.245556338654504 0.3267427730900798 0.2600839236031927 0.3276989794754846 0.2584845017103763 0.25297562371721777 0.24312016647662485 0.25393577080957813 0.245556338654504 0.3267427730900798
0 0.257701574686431 0.12297568643101482 0.24791086202964652 0.07038744241733182 0.213468685290764 0.07282963397947549 0.22367080501710376 0.12835640592930445 0.257701574686431 0.12297568643101482
0 0.1185519771949829 0.1485277377423033 0.1466168677309008 0.14338272633979476 0.14709538882554163 0.10674078335233751 0.11057921208665906 0.10887487115165335 0.1185519771949829 0.1485277377423033
0 0.7132348882554161 0.8677997149372861 0.7493581288483466 0.864520102622577 0.7460629190421894 0.8041253249714937 0.7052369087799315 0.8023698095781071 0.7132348882554161 0.8677997149372861
0 0.6150249817559863 0.8048537445838084 0.6675431870011402 0.7944748665906499 0.6539849897377423 0.7505120855188142 0.606152992018244 0.7545363021664766 0.6150249817559863 0.8048537445838084
0 0.42735527366020526 0.745488330672748 0.43264385062713795 0.7831185165336374 0.4670033945267959 0.7800883534777651 0.46078384834663627 0.7452871379703534 0.42735527366020526 0.745488330672748
0 0.5260042428734322 1 0.5425643762827822 0.9976726248574687 0.5389684766248575 0.9816294458380843 0.4954201835803877 0.9865505895096922 0.4996834458380844 1 0.5260042428734322 1
0 0.49596312314709234 1 0.4907230171037628 0.9839130148232611 0.43100278221208665 0.9848113318129988 0.4324904469783353 1 0.49596312314709234 1
0 0.703229614595211 0.0711517582668187 0.6863008244013683 0.01896869897377423 0.6497435815279361 0.027703994298745725 0.6676750615735462 0.08274406043329532 0.703229614595211 0.0711517582668187
0 0.6388948472063855 0.07000047206385404 0.6204484971493729 0.019829446978335233 0.5910215632839225 0.03235932497149373 0.6019259828962372 0.07579569327251996 0.6388948472063855 0.07000047206385404
0 0.6487921870011403 0.22150527594070696 0.6813242462941846 0.20973817217787916 0.6704046488027366 0.1761970912200684 0.6372822748004562 0.1865481961231471 0.6487921870011403 0.22150527594070696
0 0.5829601516533638 0.14141760433295325 0.5734702611174458 0.10377986659064994 0.5414450843785633 0.11487614709236033 0.5543883751425314 0.14723343899657926 0.5829601516533638 0.14141760433295325
0 0.4349262896237172 0.30432565906499426 0.4464107685290764 0.31350415165336376 0.4552531721778791 0.2963724275940707 0.4454572930444698 0.2896547491448119 0.4349262896237172 0.30432565906499426
0 0.44845230558722915 0.15732352337514255 0.47844659749144813 0.15310810034207525 0.47367888027366023 0.11390732611174459 0.43820895781071834 0.11859092930444698 0.44845230558722915 0.15732352337514255
0 0.10295978791334093 0.20827924857468644 0.12447280957810719 0.2034554583808438 0.11193628962371723 0.17014162143671607 0.09295459064994298 0.17550745724059294 0.10295978791334093 0.20827924857468644
0 0.10736338084378563 0.33777033523375144 0.1241617662485747 0.33780781641961233 0.12158409007981756 0.30279456328392246 0.10257060775370583 0.3036679783352338 0.10736338084378563 0.33777033523375144
0 0.06789488255416191 0.33432349486887114 0.08343468985176739 0.33393827251995434 0.08342631584948688 0.3000628905359179 0.06528074116305588 0.30291287685290763 0.06789488255416191 0.33432349486887114
0 0.4853481482326112 0.9106180638540479 0.47578321550741165 0.8340162611174459 0.41781465336374 0.8397664481185861 0.425544118586089 0.9118295279361459 0.4853481482326112 0.9106180638540479
0 0.31870203192702395 0.7319784618015963 0.31569202280501707 0.6892297844925883 0.257394472063854 0.6926278677309007 0.2626830501710376 0.7302580535917902 0.31870203192702395 0.7319784618015963