0 0.6727797457240593 0.8731690866590649 0.7154442360319271 0.922907086659065 0.7395720034207526 0.8940616351197263 0.6982870421892816 0.8446201539338654 0.6727797457240593 0.8731690866590649
0 0.6401522109464083 0.8810364503990877 0.6172995655644241 0.886378205245154 0.6414886316989737 0.934390189281642 0.6653484241733182 0.9206066579247434 0.6401522109464083 0.8810364503990877
0 0.6825536282782212 0.14712473090079817 0.7408475393386545 0.14703749942987457 0.7439779087799315 0.10666102508551882 0.6793973762827822 0.10479185176738884 0.6825536282782212 0.14712473090079817
0 0.2076145621436716 0.10679932155074116 0.14514406385404788 0.09722630672748005 0.12681794982896236 0.19240289623717216 0.19723315735461802 0.2138129030786773 0.2076145621436716 0.10679932155074116
0 0.48800622462941845 0.817484701254276 0.5321214515393387 0.8838046738882553 0.5444754675028506 0.8726981858608894 0.5080269258836944 0.8132267046750286 0.48800622462941845 0.817484701254276
0 0.9088335564424173 0.33452405929304446 0.8736268939566705 0.3509723010262258 0.8888252223489168 0.3914156396807298 0.9218894925883694 0.37599082896237174 0.9088335564424173 0.33452405929304446
0 0.8052706545039908 0.2051751368301026 0.8287034515393387 0.2824958118586089 0.8654385051311289 0.27371071151653364 0.8376283591790193 0.19399054047890538 0.8052706545039908 0.2051751368301026
0 0.7228065610034207 0.21517541049030786 0.7327215153933866 0.24912012314709236 0.7634581197263398 0.2352901858608894 0.7535432998859749 0.20134703078677307 0.7228065610034207 0.21517541049030786
0 0.46740751881413917 0.43942574344355756 0.45413153477765106 0.39881422006841505 0.40786805815279364 0.40982261345496007 0.4167681128848346 0.4480329486887115 0.46740751881413917 0.43942574344355756
0 0.44840008779931584 0.34918740364880274 0.4709370843785633 0.4321529464082098 0.5065350228050172 0.4262544994298746 0.48663362029646523 0.3416640022805017 0.44840008779931584 0.34918740364880274
0 0.9870052246294184 0.3365765724059293 0.9818525701254276 0.28451190992018244 0.9581221767388826 0.2886772497149373 0.981738362599772 0.33763494982896236 0.9870052246294184 0.3365765724059293
0 0.3374127514253136 0.26211989395667046 0.33666842075256553 0.22638001596351195 0.30640690307867735 0.23439955986316988 0.3088336921322691 0.2667094378563284 0.3374127514253136 0.26211989395667046