0 0.49905 0.26103906271379707 0.46669062485746865 0.23987656214367162 0.4468 0.2741046875712657 0.4806437502850627 0.29132812542759406 0.49905 0.26103906271379707
0 0.8656937502850628 0.4839093751425314 0.8481765621436717 0.5182031254275941 0.8849906248574687 0.5348328129988598 0.9051765621436716 0.5045437502850627 0.8656937502850628 0.4839093751425314
0 0.32982968757126563 0.8466390627137971 0.32418906271379705 0.882910937286203 0.35001718700114026 0.8882125005701254 0.362485937286203 0.849014062713797 0.32982968757126563 0.8466390627137971
0 0.1425015621436716 0.7225984378563284 0.1332984378563284 0.7427031254275941 0.19326718700114026 0.7634906248574687 0.20276718700114024 0.7486421870011403 0.1425015621436716 0.7225984378563284
0 0.9280375005701254 0.8455046875712656 0.9253656248574686 0.862675 0.9900843751425313 0.8828671870011403 0.998753125427594 0.8698 0.9280375005701254 0.8455046875712656
0 0.821160937286203 0.690535937286203 0.8048328129988598 0.718353125427594 0.8392703124287344 0.7320125005701255 0.851739062713797 0.706475 0.821160937286203 0.690535937286203
0 0.9369437502850627 0.46965937514253137 0.9419906248574687 0.47365937514253137 0.949114062713797 0.4807875005701254 0.962771874572406 0.4617812497149373 0.9758343751425314 0.46831406271379705 0.9966156248574687 0.4332734378563284 0.962771874572406 0.41902031242873433 0.9369437502850627 0.46965937514253137
0 0.8122562497149374 0.286189062713797 0.7983015621436715 0.29845468757126564 0.8618328129988597 0.33705937514253137 0.8719281254275941 0.3233984378563284 0.8122562497149374 0.286189062713797
0 0.7962234378563284 0.3093453124287343 0.7870203124287343 0.32102343785632836 0.843428125427594 0.3572531254275941 0.8553015621436716 0.3471562497149373 0.7962234378563284 0.3093453124287343
0 0.5768312497149373 0.8436687502850627 0.5625812497149373 0.8632687502850627 0.6005828129988597 0.8798984378563284 0.6112687502850627 0.863860937286203 0.5768312497149373 0.8436687502850627
0 0.730614062713797 0.7902171870011403 0.7294265621436716 0.805064062713797 0.7953328129988598 0.8115968745724059 0.8006765621436717 0.8003125005701254 0.730614062713797 0.7902171870011403