0 0.28124218700114023 0.8426734378563283 0.30894999999999995 0.8149984378563284 0.2618453124287343 0.7845578129988597 0.23413750057012542 0.8136156248574686 0.28124218700114023 0.8426734378563283
0 0.6580765621436716 0.983810937286203 0.635910937286203 0.9575203124287344 0.6040453124287344 0.9907296875712658 0.6456078129988597 0.9987546875712657 0.6580765621436716 0.983810937286203
0 0.4779718745724059 0.8053140627137971 0.509835937286203 0.7582671870011403 0.4890546875712657 0.7430468745724059 0.44887812542759403 0.7887078129988597 0.4779718745724059 0.8053140627137971
0 0.7758375005701255 0.9589046875712657 0.800775 0.9215437502850626 0.7730671870011402 0.8924875005701255 0.7412015621436716 0.9215437502850626 0.7758375005701255 0.9589046875712657
0 0.8534218745724059 0.933996874572406 0.7869218745724059 0.9893453124287344 0.8326406248574686 0.9987546875712657 0.8769734378563283 0.9602874994298746 0.8534218745724059 0.933996874572406
0 0.8936 0.8800343751425314 0.9268484378563284 0.8606609372862029 0.9102250000000001 0.8260687502850628 0.8686624994298745 0.8495921870011403 0.8936 0.8800343751425314
0 0.9573296875712657 0.6489546875712656 0.9836515621436716 0.6337343751425313 0.9601 0.5783859372862029 0.924078125427594 0.606060937286203 0.9573296875712657 0.6489546875712656
0 0.9060687502850627 0.5465609372862029 0.9351625005701254 0.5299578129988598 0.9199234378563285 0.4967484378563284 0.892214062713797 0.5188875005701254 0.9060687502850627 0.5465609372862029
0 0.892214062713797 0.34869218700114024 0.9143796875712656 0.37775 0.9504015621436716 0.35976249942987454 0.9199234378563285 0.33070468757126564 0.892214062713797 0.34869218700114024
0 0.7592125005701253 0.30026250057012543 0.7384312497149372 0.264285937286203 0.6788578129988597 0.29749531242873434 0.7079531254275941 0.32932031242873433 0.7592125005701253 0.30026250057012543
0 0.7938484378563283 0.34177343785632835 0.7439734378563284 0.3722156248574687 0.7592125005701253 0.4026562497149373 0.8132437502850628 0.37498281299885977 0.7938484378563283 0.34177343785632835
0 0.3047937502850627 0.29749531242873434 0.26461562485746865 0.33762343785632837 0.29093906271379705 0.3639125005701254 0.3352734378563284 0.3224015621436716 0.3047937502850627 0.29749531242873434
0 0.9268484378563284 0.48706250057012546 0.9545593751425313 0.4676906248574686 0.9393171870011402 0.4414 0.9032968745724059 0.4663062497149373 0.9268484378563284 0.48706250057012546
0 0.806910937286203 0.5535796875712657 0.8659906248574687 0.521414062713797 0.8570828129988597 0.5018390627137971 0.7959265621436716 0.5475125005701253 0.806910937286203 0.5535796875712657
0 0.7864265621436716 0.505396874572406 0.768614062713797 0.5172609372862029 0.7988953124287342 0.5463281254275941 0.8149265621436717 0.5344625005701255 0.7864265621436716 0.505396874572406