0 0.2217787913340935 0.5125427594070695 0.06841505131128849 0.04903078677309008
0 0.9200086966932725 0.5353359714937286 0.9740775906499429 0.5400583158494869 0.9906477434435577 0.41015046408209804 0.9426974367160775 0.40372525313568985 0.9200086966932725 0.5353359714937286
0 0.8858191835803877 0.7037821345496009 0.8767209327251996 0.77291948004561 0.9366395370581527 0.7773304047890536 0.9468998734321551 0.7171019144811859 0.8858191835803877 0.7037821345496009
0 0.6926794378563285 0.9455191619156215 0.7771923489167616 0.9648405997719498 0.796279629418472 0.8368705165336373 0.715134810718358 0.8225444572405929 0.6926794378563285 0.9455191619156215
0 0.4841589350057013 0.5070506738882554 0.5636369942987457 0.5224996431014823 0.5734725416191563 0.4867874070695553 0.48868862257696694 0.4688601858608894 0.4841589350057013 0.5070506738882554
0 0.5906197286202965 0.30924096579247434 0.6954677765108325 0.3281744663625998 0.6972870809578107 0.3039276864310148 0.5944141448118586 0.28972038996579247 0.5906197286202965 0.30924096579247434
0 0.6907431071835803 0.3301498757126568 0.5884124868871151 0.3131526100342075 0.587367329532497 0.32597310832383125 0.6836182405929304 0.35191687001140254 0.6907431071835803 0.3301498757126568
0 0.5632195267958952 0.033318285062713796 0.5992027719498288 0.041759614595210943 0.6060177537058153 0.0141432086659065 0.5675170832383124 0.0037656442417331815 0.5632195267958952 0.033318285062713796
0 0.11788397263397947 0.6717203740022805 0.15727572177879134 0.6924010102622576 0.18295203534777651 0.6496396351197263 0.14882697149372862 0.6241951550741164 0.11788397263397947 0.6717203740022805
0 0.21568490649942987 0.7269081265678449 0.24303030444697832 0.7351173261117446 0.25511197149372866 0.7027370752565565 0.2355525188141391 0.6916990296465222 0.21568490649942987 0.7269081265678449
0 0.7877879977194984 0.35535818700114025 0.7762610889395667 0.42429722805017106 0.8531071368301025 0.44160946864310147 0.8705600376282782 0.37269536944127707 0.7877879977194984 0.35535818700114025
0 0.811313857468643 0.4398510661345496 0.810328748004561 0.4577672702394527 0.8465523511972635 0.46730587229190423 0.8491722554161916 0.44739941163055874 0.811313857468643 0.4398510661345496
0 0.1758588985176739 0.21830353021664764 0.15064718472063854 0.3126799942987457 0.21219744469783353 0.32358405017103764 0.23194790535917903 0.23482498745724062 0.1758588985176739 0.21830353021664764
0 0.5827358301026225 0.7069881334093501 0.5587449783352337 0.8272003500570125 0.6802277537058153 0.8476927970353478 0.7039570376282782 0.7272212189281642 0.5827358301026225 0.7069881334093501
0 0.2685935450399088 0.7495715233751425 0.260757913340935 0.7674040478905358 0.29447442417331815 0.7802022884834663 0.30056763169897377 0.7649137217787914 0.2685935450399088 0.7495715233751425