0 0.9347205062713797 0.5873864834663627 0.9363503990877994 0.5379594082098061 0.8926033454960091 0.5359901835803877 0.8887203112884834 0.5841599498289624 0.9347205062713797 0.5873864834663627
0 0.9013036271379703 0 0.8988403648802736 0.06189421550741163 0.9121912576966932 0.06407310262257697 0.9146998221208665 0 0.9013036271379703 0
0 0.8672980228050171 0 0.8657416898517674 0.06477757582668187 0.8829595165336375 0.06087676738882554 0.8861018529076397 0 0.8672980228050171 0
0 0.8108538916761688 0.5242852702394527 0.8080811676168758 0.4377086362599772 0.7935952884834664 0.4395296727480046 0.7955149464082099 0.5258974583808438 0.8108538916761688 0.5242852702394527
0 0.766113425313569 0.5242099475484606 0.7667801163055873 0.44473614367160774 0.7496937377423033 0.4417558301026226 0.7474209566704675 0.5279672371721779 0.766113425313569 0.5242099475484606
0 0.8362919019384265 0.5699687206385405 0.8520518483466363 0.5701049156214367 0.852862701254276 0.5324073979475484 0.8350390285062713 0.5330851288483466 0.8362919019384265 0.5699687206385405
0 0.8362017354618017 0.5010223249714937 0.852645110604333 0.5019806488027366 0.8534240410490308 0.46965967046750284 0.8357581368301026 0.4661432474344356 0.8362017354618017 0.5010223249714937
0 0.836854779931585 0.4391620604332953 0.851376165336374 0.438829842645382 0.8506032713797035 0.4030898449258837 0.8356686316989738 0.4028684777651083 0.836854779931585 0.4391620604332953
0 0.18192566704675028 0.6805368209806157 0.18630911858608895 0.6320159486887116 0.1261036180159635 0.6261048791334093 0.11979808437856329 0.6739322417331813 0.18192566704675028 0.6805368209806157
0 0.10028867730900798 0.8628517628278222 0.10198324287343216 0.8083447867730901 0.05437007753705815 0.8061848859749144 0.050765438996579246 0.8626836807297605 0.10028867730900798 0.8628517628278222
0 0.09599774686431015 0.4304612941847206 0.09417242645381985 0.37662121322690995 0.04349745952109464 0.37926234549600907 0.04287256898517674 0.43007476966932723 0.09599774686431015 0.4304612941847206
0 0.08305392474344356 0.35838664766248574 0.08285971265678449 0.32855603192702393 0.006831141391106043 0.31983038198403646 0.003010399087799316 0.3572472326111744 0.08305392474344356 0.35838664766248574
0 0.1425930022805017 0.4628777194982896 0.218356834663626 0.4653624800456101 0.21445314937286203 0.33741178563283925 0.14189212656784495 0.33369486659064995 0.1425930022805017 0.4628777194982896