0 1 0.7581774503990878 0.995731031927024 0.7514719509692132 0.9300905461801596 0.7923336202964651 0.951479511972634 0.8203729486887116 1 0.7916745621436716 1 0.7581774503990878
0 0.789536802736602 0.9012717434435575 0.7890898768529077 0.9381237639680731 0.8384292827822121 0.9379131242873432 0.8416378848346637 0.9027344891676168 0.789536802736602 0.9012717434435575
0 0.738758409350057 0.8059251721778792 0.7356633238312429 0.8262822428734322 0.7830951334093501 0.8350822269099202 0.7884890547320411 0.8075371812998859 0.738758409350057 0.8059251721778792
0 0.8109472029646522 0.4362435929304447 0.8382487194982896 0.4579789042189281 0.8731434446978336 0.43179646066134547 0.8403518540478905 0.4073791767388826 0.8109472029646522 0.4362435929304447
0 0.9468366887115165 0.38576093956670465 0.9331076282782211 0.37341410376282785 0.8996387491448119 0.4097858882554162 0.9119683831242874 0.42382234207525654 0.9468366887115165 0.38576093956670465
0 0.9815281299885975 0.42373956556442416 0.950298070695553 0.3950831858608894 0.9346980068415051 0.41507546522234895 0.9598348255416191 0.4409156305587229 0.9815281299885975 0.42373956556442416
0 0.7727753489167617 0.002850527936145952 0.7455282599771951 0.01615883124287343 0.7605285872291904 0.05279272976054732 0.798700055872292 0.03237951425313569 0.7727753489167617 0.002850527936145952
0 0.10819507411630558 0.4481265815279361 0.14817790421892815 0.42821143671607753 0.10944838996579248 0.3585616807297606 0.07357498175598633 0.3774744435575827 0.10819507411630558 0.4481265815279361
0 0.48046964652223484 0.9940945917901939 0.4750182862029646 0.9581462531356898 0.4256803580387685 0.9583552497149374 0.4256532907639681 0.9975760421892816 0.48046964652223484 0.9940945917901939
0 0.11054995553021664 0.6291702006841505 0.0782752976054732 0.648681377423033 0.09217609350057013 0.675679929304447 0.12539515621436717 0.6628440992018243 0.11054995553021664 0.6291702006841505
0 0.09754426339794754 0.8234906134549601 0.10427310718358038 0.8724399110604334 0.14137974230330672 0.8657434104903079 0.12911474458380845 0.8189352234891676 0.09754426339794754 0.8234906134549601
0 0.7780578791334094 0 0.8028524492588369 0.026494754846066136 0.837502488027366 0 0.7780578791334094 0
0 0.1317588779931585 0.4439219600912201 0.1513413819840365 0.4999191459521095 0.2143523819840365 0.47701345153933866 0.18219564310148234 0.4193001242873432 0.1317588779931585 0.4439219600912201