0 0.5628094686431016 0.7618383500570126 0.5779999464082098 0.8001180444697834 0.6336220672748004 0.777059046750285 0.6141627890535918 0.7402142976054733 0.5628094686431016 0.7618383500570126
0 0.7690968688711517 0.6802905245153934 0.7063215393386545 0.7003936328392246 0.7233359589509692 0.7353403409350057 0.7823272223489167 0.7177116088939567 0.7690968688711517 0.6802905245153934
0 0.6276630319270239 0.24746053021664766 0.6253783192702395 0.2960501391106043 0.6846055404789053 0.29343667274800456 0.6804779110604333 0.2443831961231471 0.6276630319270239 0.24746053021664766
0 0.2197777582668187 0.48502158836944126 0.12968077194982897 0.5484935473204104 0.189640322690992 0.6252572690992019 0.28218761801596354 0.5602949897377423 0.2197777582668187 0.48502158836944126
0 1 0.7374453112884836 0.983526622576967 0.7406598335233752 0.993490937286203 0.7732353831242873 1 0.771422597491448 1 0.7374453112884836
0 0.8042418688711517 0.9240582257696692 0.8179284127708095 0.950389425313569 0.860028944127708 0.9429659657924743 0.8374019247434435 0.9103813226909919 0.8042418688711517 0.9240582257696692
0 0.6467085074116306 0.5025013990877993 0.6617625313568984 0.5365879589509692 0.711397849486887 0.5206073454960091 0.6973153637400228 0.4834824834663626 0.6467085074116306 0.5025013990877993
0 0.8428503728620296 0.3052877913340935 0.8445632907639681 0.3218497730900798 0.8794095917901938 0.31088849942987457 0.875419771949829 0.2985279144811859 0.8428503728620296 0.3052877913340935
0 0.8782701550741163 0.3249420535917902 0.836168085518814 0.3323657844925884 0.8435254401368301 0.3467282668187001 0.878403551881414 0.3393756681870011 0.8782701550741163 0.3249420535917902
0 0.7149138517673889 0.04475344583808438 0.7109016465222349 0.11773865450399087 0.7387263272519954 0.11825383922462943 0.7530327445838084 0.04552241391106044 0.7149138517673889 0.04475344583808438
0 0.8001293169897377 0.08694853591790194 0.80717303990878 0.1097991197263398 0.8235470068415052 0.10691194754846067 0.8226173181299886 0.08112379475484606 0.8001293169897377 0.08694853591790194
0 0.7886281676168757 0.13113891562143673 0.7982867708095781 0.15172287115165337 0.8147635701254275 0.1494188905359179 0.8094998597491448 0.11956690421892817 0.7886281676168757 0.13113891562143673
0 0.8068510649942987 0.04299798403648803 0.8113150456100342 0.061484930444697834 0.830612661345496 0.05808223945267959 0.8261901003420753 0.03984819384264538 0.8068510649942987 0.04299798403648803
0 0.8295903375142532 0.02151992588369441 0.8395959224629418 0.03722418244013683 0.871722701254276 0.027945079817559865 0.8692777537058153 0.012378461801596352 0.8295903375142532 0.02151992588369441