0 0.545946212086659 0.15941516419612314 0.5374906898517674 0.17659538540478906 0.666942282782212 0.2596534435575827 0.677489905359179 0.2442764070695553 0.545946212086659 0.15941516419612314
0 0.5316795279361459 0.18219796579247435 0.524187527936146 0.20075231356898518 0.6471024526795895 0.2832606909920182 0.6642894059293045 0.2627222109464082 0.5316795279361459 0.18219796579247435
0 0.647725126567845 0.28999614367160775 0.5190641995438997 0.20587326681870013 0.5064124663625998 0.22291649258836943 0.6395783717217788 0.30542525313568986 0.647725126567845 0.28999614367160775
0 0.507894291904219 0.231608992018244 0.49868090992018244 0.24624870353477765 0.6252088540478906 0.328791244013683 0.6341780855188142 0.30868864310148236 0.507894291904219 0.231608992018244
0 0.4905311003420753 0.251437330672748 0.48042268301026225 0.26772477765108327 0.6085004196123147 0.3517448209806157 0.6257242383124287 0.33269790307867736 0.4905311003420753 0.251437330672748
0 0.48049397605473204 0.2707487229190422 0.4630613021664766 0.2875518483466363 0.6005944675028506 0.37263781527936146 0.6083988198403649 0.35403065564424174 0.48049397605473204 0.2707487229190422
0 0.46622602394526796 0.2935297126567845 0.45502097947548464 0.31263516875712655 0.5752181915621437 0.3934601083238312 0.5906566533637401 0.3725800045610034 0.46622602394526796 0.2935297126567845
0 0.45392100228050175 0.31545417559863176 0.4397892314709236 0.33404357126567846 0.5627405838084378 0.41294408779931585 0.5728792725199544 0.3930476944127708 0.45392100228050175 0.31545417559863176
0 0.43772754275940706 0.335487181299886 0.42803126795895097 0.3494372485746864 0.550088850627138 0.42998731242873434 0.5643600125427595 0.4140086602052452 0.43772754275940706 0.335487181299886
0 0.30066152109464084 0 0.25770632839224633 0.10497641163055872 0.3119197058152794 0.1326055267958951 0.3589390992018244 0.014683546180159636 0.33217955302166474 0 0.30066152109464084 0
0 0.1543574321550741 0 0.14582997377423032 0.021403057012542758 0.1927888494868871 0.05257152451539339 0.2176276647662486 0.0006046202964652223 0.21635378905359182 0 0.1543574321550741 0
0 0.5678194184720639 0.04220459064994299 0.4972441231470924 0.15865756328392247 0.5390750763968073 0.18470623261117447 0.6067998323831243 0.06561347548460661 0.5678194184720639 0.04220459064994299
0 0.7687257685290764 0.4107151151653364 0.8426155553021665 0.4430179441277081 0.8865071220068415 0.3513739179019384 0.8035004629418472 0.31436648688711516 0.7687257685290764 0.4107151151653364
0 0.9072143876852908 0.12794880501710376 0.8959077571265678 0.15787920182440138 0.9456828540478905 0.17990562485746864 0.9570905085518814 0.14939330444697835 0.9072143876852908 0.12794880501710376
0 1 0.20236450285062713 0.9927399680729762 0.20025014823261117 0.9804003295324972 0.2257812041049031 1 0.23327963169897378 1 0.20236450285062713