0 0.427162755986317 0.9172838722919042 0.4359206123147092 0.9544939167616876 0.4850862633979476 0.9406788426453819 0.479101425313569 0.9076164561003421 0.427162755986317 0.9172838722919042
0 0.11783516761687571 0.7859698152793615 0.07743993158494869 0.7981082348916761 0.08709158836944128 0.835507637400228 0.1270376282782212 0.8219288506271379 0.11783516761687571 0.7859698152793615
0 0.286518157354618 0.658776953249715 0.29351829418472064 0.6914155724059292 0.32711908323831246 0.6872899144811858 0.3208634344355758 0.650970630558723 0.286518157354618 0.658776953249715
0 0.16152927023945268 0.6154976077537058 0.13720560775370583 0.6220734310148233 0.15480479247434434 0.6854164036488027 0.17972619498289624 0.6808624925883694 0.16152927023945268 0.6154976077537058
0 0.2551728038768529 0.07697438540478906 0.20198538654503992 0.0775228905359179 0.20557068643101484 0.12135170695553023 0.25911313911060435 0.11716878221208667 0.2551728038768529 0.07697438540478906
0 0.2984131778791334 0.24395088939566706 0.3356238244013683 0.23998020638540477 0.32714571607753706 0.17581640935005702 0.28538492702394525 0.17765384036488027 0.2984131778791334 0.24395088939566706
0 0.23373365792474346 0.47741888711516534 0.20150615735461802 0.49274189851767386 0.21645869099201825 0.5267984948688711 0.25150554503990874 0.5156158791334093 0.23373365792474346 0.47741888711516534
0 0.4096406442417332 0.41394559863169894 0.4236316100342075 0.4499148882554162 0.4360286408209806 0.44719630672748006 0.4273352805017103 0.4069857251995439 0.4096406442417332 0.41394559863169894
0 0.44255636374002283 0.452973527936146 0.40732051653363743 0.4632836088939567 0.42391643899657927 0.5204685735461801 0.45798729532497146 0.5091066909920182 0.44255636374002283 0.452973527936146
0 0.38403816647662486 0.5319453078677309 0.35064401368301024 0.5426258928164196 0.3576303945267959 0.5833451698973774 0.3917605438996579 0.5704789099201825 0.38403816647662486 0.5319453078677309
0 0.055318399087799314 0.8080029247434436 0.06862448574686432 0.8871273511972634 0.08291609007981755 0.8865689817559863 0.07611381299885975 0.8045522554161915 0.055318399087799314 0.8080029247434436
0 0.40416994070695555 0.7884994903078677 0.39332103192702395 0.7976082850627139 0.4041488472063854 0.830675811858609 0.4188949498289624 0.8255750695553021 0.40416994070695555 0.7884994903078677
0 0.43165885632839224 0.7833296488027366 0.4118327069555302 0.7875586214367161 0.42648125427594075 0.8225498563283922 0.43872999429874576 0.8165593340935006 0.43165885632839224 0.7833296488027366
0 0.3486236750285062 0.7893376248574686 0.3327691824401368 0.7966681915621436 0.3472480969213227 0.8349704059293045 0.360028267958951 0.8286155267958951 0.3486236750285062 0.7893376248574686
0 0.36209998175598634 0.7918704047890536 0.37138388597491445 0.823633551881414 0.3888509965792475 0.8196926590649942 0.3788332383124287 0.7868247742303307 0.36209998175598634 0.7918704047890536