0 0.7765108323831242 0.5319270239452679 0.06727480045610035 0.04446978335233751
0 0.024282911060433295 0.5068907548460662 0.07854951083238314 0.5059515689851767 0.06509673888255417 0.37307876054732036 0.016815036488027367 0.3761434766248575 0.024282911060433295 0.5068907548460662
0 0.10515884036488028 0.7459759384264538 0.10090553021664767 0.67637234663626 0.03904448802736602 0.685398905359179 0.04507850399087799 0.7461964070695554 0.10515884036488028 0.7459759384264538
0 0.19105723717217787 0.9443723101482326 0.2767120741163056 0.9309932611174458 0.2628896830102622 0.8067517092360319 0.1809431938426454 0.8153824948688712 0.19105723717217787 0.9443723101482326
0 0.43494852679589513 0.5180057423033068 0.5153106465222349 0.5081385153933865 0.5134560273660205 0.4697250832383124 0.42762809806157354 0.4816944059293044 0.43494852679589513 0.5180057423033068
0 0.31699431698973773 0.314957881413911 0.4229076932725199 0.30338433295324974 0.4204842075256557 0.28364662257696693 0.3168708141391106 0.29064325769669325 0.31699431698973773 0.314957881413911
0 0.4248366966932725 0.307440417331813 0.3215696795895097 0.31725805587229194 0.3271588015963512 0.33946903192702393 0.4249849942987457 0.3203025917901938 0.4248366966932725 0.307440417331813
0 0.43300411402508554 0.03595583010262258 0.46948854275940705 0.030045126567844926 0.4672629441277081 0.00026469213226909923 0.4281321562143672 0.007931306727480046 0.43300411402508554 0.03595583010262258
0 0.8284682029646522 0.7158395678449259 0.8692066043329532 0.6979571379703535 0.8416541721778792 0.6483892132269099 0.8058373192702395 0.6713912690992019 0.8284682029646522 0.7158395678449259
0 0.7399427742303306 0.7524698916761688 0.7677942052451538 0.7461882086659065 0.7504310524515393 0.7096789851767389 0.7301492690992019 0.7193257434435575 0.7399427742303306 0.7524698916761688
0 0.22969262713797037 0.4052106362599772 0.22300274230330674 0.33563545039908776 0.13922294982896238 0.34715651539338654 0.15182613226909922 0.41712019726339794 0.22969262713797037 0.4052106362599772
0 0.19337320296465224 0.43622270809578106 0.19364026567844925 0.4182814298745724 0.1553475416191562 0.4231705188141391 0.1565724606613455 0.443211244013683 0.19337320296465224 0.43622270809578106
0 0.8615685917901938 0.33750591676168756 0.8430016624857468 0.24160066818700113 0.7858968061573546 0.25416930900798174 0.7994076374002281 0.3440898825541619 0.8615685917901938 0.33750591676168756
0 0.41857377879133406 0.822305464082098 0.40302694868871153 0.7007125610034207 0.28068964082098063 0.7124403956670469 0.29595744925883694 0.8342737822120866 0.41857377879133406 0.822305464082098
0 0.7200061413911061 0.7834413500570125 0.7134335313568985 0.7651056784492588 0.6804671140250855 0.7781801037628278 0.6854790022805017 0.7938564697833523 0.7200061413911061 0.7834413500570125