0 0.4285212770809578 0.9285456442417331 0.4001388209806157 0.9418391356898518 0.41513263740022804 0.9776930592930445 0.4476077822120867 0.9658989783352337 0.4285212770809578 0.9285456442417331
0 0.300894543899658 0.7725982428734322 0.3323386408209806 0.8311098449258837 0.36386117331813 0.8056927787913342 0.33367050741163057 0.7566167274800456 0.300894543899658 0.7725982428734322
0 0.27409132497149374 0.6456101664766248 0.25581735347776513 0.6126640136830103 0.20566218586088938 0.6352176009122007 0.21820717901938425 0.670053929304447 0.27409132497149374 0.6456101664766248
0 0.15531724401368302 0.5155316875712657 0.13628261687571266 0.4763891277080958 0.08841071037628277 0.4975926522234892 0.10475480729760547 0.5357329543899658 0.15531724401368302 0.5155316875712657
0 0.0306711322690992 0.5052013968072976 0.06403360205245154 0.4853100695553022 0.045275225769669324 0.4589434230330673 0.015882846066134552 0.47230910148232613 0.0306711322690992 0.5052013968072976
0 0.044192571265678444 0.4438415324971494 0.06242937856328393 0.43215185974914483 0.04399665678449259 0.4066568061573546 0.028421662485746863 0.4220291470923603 0.044192571265678444 0.4438415324971494
0 0.07058211744583809 0.4259257981755986 0.08155340935005702 0.41652977993158496 0.06752298859749145 0.3859637229190422 0.051411338654503994 0.3936391231470924 0.07058211744583809 0.4259257981755986
0 0 0.31392616533637396 0.0022897240592930444 0.31642289167616877 0.03359537628278221 0.2919137913340935 0 0.24006321892816418 0 0.31392616533637396
0 0.26801732155074115 0.3674797936145952 0.30173586545039904 0.3594675644241733 0.27692512884834664 0.3022777126567845 0.24732710832383126 0.31268020524515394 0.26801732155074115 0.3674797936145952
0 0.2410226054732041 0.18545068529076397 0.27415818244013684 0.16914642417331813 0.24283677993158495 0.11241184150513113 0.21216751197263398 0.13300764196123147 0.2410226054732041 0.18545068529076397
0 0.5236423489167616 0.19098398289623716 0.5004343477765109 0.16522608323831245 0.46703194754846067 0.20625136488027368 0.49150572405929305 0.23310958608893956 0.5236423489167616 0.19098398289623716
0 0.745565684150513 0.09928000684150513 0.778731621436716 0.12195921436716077 0.8217914059293044 0.04990342873432155 0.7896145803876853 0.03191665564424173 0.745565684150513 0.09928000684150513
0 0.6414483432155075 0.5321300798175599 0.6188898985176738 0.5777523101482326 0.6702115108323831 0.6033283477765109 0.6928516636259977 0.5529388038768529 0.6414483432155075 0.5321300798175599
0 0.7613093386545039 0.46899019384264534 0.7687115678449259 0.464306181299886 0.7364104891676169 0.444542496009122 0.7148830022805017 0.48533103648802733 0.7632261733181299 0.5123057457240593 0.7805632428734322 0.48073822690992013 0.7613093386545039 0.46899019384264534
0 0.06685450513112884 0.37261846978335234 0.09145955074116305 0.34560192246294186 0.06847120068415051 0.3144734321550741 0.03906781755986317 0.3361711117445838 0.06685450513112884 0.37261846978335234
0 0.6849822622576967 0.44040110946408206 0.7076500843785632 0.4188768255416192 0.6848467730900799 0.387437794754846 0.657051401368301 0.40664066704675034 0.6849822622576967 0.44040110946408206
0 0.7671390330672748 0.38971699201824406 0.7783567491448119 0.39815817103762824 0.8087305838084379 0.3478246009122007 0.7993583648802737 0.3413375724059293 0.7671390330672748 0.38971699201824406
0 0.756241638540479 0.38690937856328395 0.7864229897377423 0.3434325017103763 0.7746954606613455 0.32877580729760547 0.7447469179019385 0.3767019703534778 0.756241638540479 0.38690937856328395
0 0.9154025473204105 0.09990305473204106 0.9341843010262257 0.06704411288483467 0.8986763135689853 0.043933478905359175 0.8787694002280502 0.07389509920182441 0.9154025473204105 0.09990305473204106
0 0.7259459076396807 0.2979607149372862 0.7060838848346636 0.28298160661345495 0.6774675496009123 0.3159346157354618 0.7015270387685291 0.3368682417331813 0.7259459076396807 0.2979607149372862
0 0.6691762679589509 0.4679927662485747 0.6382768928164195 0.44426226795895096 0.6260347274800456 0.46475991790193844 0.6604425028506271 0.4891378871151653 0.6691762679589509 0.4679927662485747
0 0.8628677639680731 0.5472997183580388 0.8260569384264539 0.5275537867730901 0.807925377423033 0.5573912633979475 0.8422105655644241 0.5799937708095781 0.8628677639680731 0.5472997183580388
0 0.7922500353477765 0.6138425450399088 0.8325127058152794 0.6360255005701254 0.8454173660205245 0.5833391619156214 0.8126052611174458 0.5648016123147093 0.7922500353477765 0.6138425450399088
0 0.8409442326111745 0.5193703671607754 0.8732853740022805 0.5305008517673888 0.8865602816419612 0.5084429851767389 0.8518915461801596 0.4888448631698974 0.8409442326111745 0.5193703671607754