0 0.14220468757126567 0.22008124971493728 0.03117187457240593 0.22445624971493727 0.03473437514253135 0.2722796875712657 0.14873593728620296 0.26753437514253137 0.14220468757126567 0.22008124971493728
0 0.11400156214367162 0.9805484378563284 0.11132968757126567 0.937821874572406 0.0008906248574686432 0.9401953124287343 0.00029687457240592933 0.9894281254275941 0.11400156214367162 0.9805484378563284
0 0.5055812497149372 0.8524046875712656 0.37139218700114024 0.850678125427594 0.3737687502850627 0.893928125427594 0.5067687502850627 0.893928125427594 0.5055812497149372 0.8524046875712656
0 0.4289875005701254 0.747414062713797 0.37050312542759406 0.7492734378563284 0.37495468757126565 0.7942734378563284 0.4254234378563284 0.7907140627137971 0.4289875005701254 0.747414062713797
0 0.4628296875712657 0.5920015621436716 0.47054999999999997 0.56175 0.38801718700114024 0.5498859372862029 0.38445468757126566 0.5842906248574686 0.4628296875712657 0.5920015621436716
0 0.39989218700114026 0.3482062497149373 0.4022687502850627 0.30549843785632835 0.3084546875712657 0.3060906248574687 0.3132046875712657 0.3493921870011402 0.39989218700114026 0.3482062497149373
0 0.51805 0.2859234378563284 0.43729999999999997 0.28583281299885976 0.44026875028506274 0.33634218700114027 0.5168624994298746 0.33219062485746864 0.51805 0.2859234378563284
0 0.8321453124287342 0.16550781299885975 0.778114062713797 0.16728750057012542 0.7810828129988597 0.21296250057012542 0.8315531254275941 0.21296250057012542 0.8321453124287342 0.16550781299885975
0 0.9307093751425314 0.7341515621436716 0.9817718745724059 0.7361437502850627 0.9835531254275941 0.7058906248574686 0.9318968745724059 0.7088562497149372 0.9307093751425314 0.7341515621436716
0 0.8487703124287344 0.3179546875712657 0.7695046875712657 0.31874531242873433 0.7680203124287343 0.3766781254275941 0.844614062713797 0.37964531242873434 0.8487703124287344 0.3179546875712657
0 0.6498625005701254 0.26219531242873434 0.6077062497149374 0.2657546875712657 0.6053312497149372 0.3084625005701254 0.6439265621436716 0.3084625005701254 0.6498625005701254 0.26219531242873434
0 0.684003125427594 0.6265187502850628 0.6753953124287343 0.5498859372862029 0.5881140627137971 0.5475125005701253 0.5910828129988598 0.635303125427594 0.684003125427594 0.6265187502850628
0 0.7801921870011403 0.8008656248574686 0.7793015621436715 0.81385 0.8327390627137969 0.8091031254275941 0.8309593751425313 0.8008 0.7801921870011403 0.8008656248574686
0 0.7793015621436715 0.825771874572406 0.7787078129988597 0.8423218745724059 0.8279906248574687 0.8435078129988598 0.8309593751425313 0.8286781254275941 0.7793015621436715 0.825771874572406
0 0.7784109372862029 0.8604625005701255 0.7846453124287344 0.8790984378563285 0.8351140627137971 0.8725734378563283 0.8315531254275941 0.8583375005701254 0.7784109372862029 0.8604625005701255
0 0.5789109372862029 0.9138359372862029 0.5839562497149373 0.9253656248574686 0.618989062713797 0.9271453124287343 0.6183937502850627 0.9152812497149372 0.5789109372862029 0.9138359372862029