0 0.8393546875712656 0.05088593728620296 0.8808781254275941 0.09541718700114026 0.9218062497149373 0.04435312542759407 0.874353125427594 0.009321874572405929 0.8393546875712656 0.05088593728620296
0 0.6869093751425314 0.026540624857468643 0.6608093751425314 0.07760312542759407 0.6934343751425313 0.09838593728620297 0.7234765621436715 0.047025 0.6869093751425314 0.026540624857468643
0 0.7930875005701254 0.14350937514253134 0.7764796875712656 0.17854062485746863 0.8079171870011402 0.19338593728620296 0.825771874572406 0.1592437502850627 0.7930875005701254 0.14350937514253134
0 0.9987546875712657 0.1541984378563284 0.9987546875712657 0.06157187457240593 0.9396312497149373 0.13608906271379703 0.9894281254275941 0.18150937514253135 0.9987546875712657 0.1541984378563284
0 0.9987546875712657 0.02950937514253136 0.9983265621436715 0.0012468745724059293 0.9680953124287344 0.05504062485746865 0.9846843751425314 0.06513437514253136 0.9987546875712657 0.02950937514253136
0 0.9360437502850627 0.5621078129988597 0.9123156248574686 0.5900125005701254 0.9431890627137971 0.6099046875712656 0.9609562497149373 0.58645 0.9360437502850627 0.5621078129988597
0 0.8328312497149373 0.9510156248574686 0.834610937286203 0.9658593751425314 0.8666906248574686 0.9536874994298745 0.8595234378563283 0.9367656248574686 0.8328312497149373 0.9510156248574686
0 0.841728125427594 0.9694218745724059 0.8476593751425314 0.9866406248574686 0.8785062497149373 0.9729843751425313 0.8720281254275941 0.9563593751425313 0.841728125427594 0.9694218745724059
0 0.5344625005701255 0.862546874572406 0.6032718745724059 0.9047015621436716 0.6282984378563284 0.8779843751425314 0.5522593751425314 0.832264062713797 0.5344625005701255 0.862546874572406
0 0.5326843751425313 0.7788265621436716 0.5623421870011402 0.796046874572406 0.5789515621436716 0.7604203124287343 0.5469203124287343 0.7467640627137971 0.5326843751425313 0.7788265621436716
0 0.6382687502850628 0.7455765621436715 0.6210671870011403 0.7337015621436717 0.5856015621436717 0.794264062713797 0.6026781254275941 0.8085156248574686 0.6382687502850628 0.7455765621436715
0 0.6299656248574687 0.7123265621436715 0.616321874572406 0.7057953124287343 0.5873812497149373 0.7479515621436716 0.6008984378563283 0.7627953124287343 0.6299656248574687 0.7123265621436715
0 0.4686218745724059 1 0.47811250057012544 0.9860468745724059 0.43836875028506267 0.9628906248574686 0.4134562497149373 1 0.4686218745724059 1
0 0.19516718700114025 0.6790765621436716 0.23194375028506273 0.6998578129988597 0.25114218700114027 0.6669046875712656 0.21770781299885975 0.6464203124287343 0.19516718700114025 0.6790765621436716
0 0.08839531242873432 0.6891703124287344 0.12754531242873432 0.6986703124287343 0.14173124971493728 0.6624515621436716 0.10203906271379704 0.6523562497149373 0.08839531242873432 0.6891703124287344
0 0.2853296875712657 0.01882187457240593 0.24558593728620298 0.0012468745724059293 0.2117765621436716 0.05860312542759408 0.24855312542759406 0.08175937514253136 0.2853296875712657 0.01882187457240593
0 0.6275921870011403 0.5929812497149373 0.6044578129988598 0.6333562497149373 0.6181015621436716 0.6452312497149373 0.6452000000000001 0.5992156248574687 0.6275921870011403 0.5929812497149373
0 0.7420749999999999 0.06750937514253136 0.7112296875712656 0.13460312542759406 0.7752921870011402 0.16666718700114025 0.8133187502850626 0.1040265621436716 0.7420749999999999 0.06750937514253136
0 0.9987546875712657 0.5876390627137971 0.9864625005701254 0.5787312497149373 0.9568046875712657 0.6357312497149372 0.9823281254275941 0.657996874572406 0.9987546875712657 0.5876390627137971