0 0.9050086567844926 0.04448099657924743 0.8998070809578107 0.08669383124287343 0.9352688996579247 0.09404480729760546 0.9360031938426454 0.05105981984036488 0.9050086567844926 0.04448099657924743
0 0.7875453181299885 0.05127736259977195 0.7779500342075256 0.07992262371721778 0.8113356066134549 0.08730983922462941 0.820394849486887 0.061976001140250855 0.7875453181299885 0.05127736259977195
0 0.6166940102622577 0.061377854047890534 0.6435862770809578 0.070995921322691 0.6547687605473205 0.04822854389965792 0.6204164070695553 0.036396584948688714 0.6166940102622577 0.061377854047890534
0 0.5945610969213226 0.5624810718358039 0.6035627468643101 0.5338477354618015 0.5668532633979475 0.5230601995438997 0.5605894903078678 0.555361937286203 0.5945610969213226 0.5624810718358039
0 0.9137137879133409 0.4412238722919042 0.8999851482326111 0.47112740022805016 0.9261173192702394 0.4883208232611174 0.9388648814139111 0.4532430057012543 0.9137137879133409 0.4412238722919042
0 0.4346671676168757 0.3837334446978335 0.4644950843785633 0.39151874914481183 0.47581958836944127 0.3598772269099202 0.44239865564424175 0.3503746807297605 0.4346671676168757 0.3837334446978335
0 0.44245206271379706 0.9998351653363741 0.44702144697833524 0.9554252166476624 0.4103601949828963 0.9474903979475484 0.40672150171037624 0.9940985005701254 0.44245206271379706 0.9998351653363741
0 0.796564282782212 0.9422056522234892 0.7897095165336374 0.9577495267958951 0.8261815644241733 0.971944850627138 0.8318696830102622 0.9576058962371722 0.796564282782212 0.9422056522234892
0 0.7970026442417332 0.9332982075256556 0.8370884059293044 0.9503965313568985 0.8392057936145952 0.9355276248574687 0.8036336077537057 0.9219432519954389 0.7970026442417332 0.9332982075256556
0 0.8031705701254276 0.9124264458380844 0.8437361151653364 0.922990401368301 0.8440399019384264 0.9063731927023945 0.8067624526795895 0.8969785929304447 0.8031705701254276 0.9124264458380844
0 0.3702070969213227 0.2970546009122007 0.3663516887115165 0.3143260798175599 0.4012912645381984 0.3257789828962372 0.40659632611174457 0.3065053363740023 0.3702070969213227 0.2970546009122007
0 0.31893498175598634 0.2854914127708096 0.3087444766248575 0.3141470638540479 0.33533296009122004 0.32337193500570127 0.34406537856328395 0.29632478905359183 0.31893498175598634 0.2854914127708096