0 0.11904748460661346 0.6196155062713796 0.1705830102622577 0.6169146431014823 0.1662575724059293 0.5683854492588369 0.1133799236031927 0.5794821220068416 0.11904748460661346 0.6196155062713796
0 0.1574851938426454 0.19813245381984035 0.249027425313569 0.23227892474344355 0.2595710615735462 0.19545790079817563 0.1658281778791334 0.16350617445838084 0.1574851938426454 0.19813245381984035
0 0 0.2871419464082098 0.05188577765108324 0.29017586659065 0.04307177080957811 0.24663999315849486 0 0.25298632953249717 0 0.2871419464082098
0 0.0378122417331813 0.4130980672748005 0.07562456328392247 0.40308821778791337 0.06450103990877992 0.3608640729760548 0.026525814139110603 0.3729603078677309 0.0378122417331813 0.4130980672748005
0 0.711607834663626 0.34300389395667047 0.7020128825541619 0.2959415575826682 0.6266564104903078 0.3088077309007982 0.6409902542759407 0.3556232770809578 0.711607834663626 0.34300389395667047
0 1 0.6817773717217789 0.9122951277080957 0.6814974378563284 0.9077358015963511 0.7304906989737743 1 0.7262130353477765 1 0.6817773717217789
0 0.6485148973774231 0.6465672588369441 0.6468679498289623 0.6151416351197263 0.5955213112884835 0.6101016909920182 0.5988498437856329 0.650953787913341 0.6485148973774231 0.6465672588369441
0 0.6571704732041049 0.539684969213227 0.6558352314709236 0.5028919281641961 0.6173955302166476 0.5060955963511973 0.6192599988597491 0.5416717730900799 0.6571704732041049 0.539684969213227
0 0.6074325803876853 0.9620575210946407 0.6134294743443558 0.9947415860889396 0.6499556431014822 0.9800441870011403 0.6409501448118586 0.9555444218928164 0.6074325803876853 0.9620575210946407
0 0.2432944401368301 0.37379009007981756 0.257138905359179 0.3757400741163056 0.25309566020524515 0.32125044241733186 0.2358539612314709 0.3209649110604333 0.2432944401368301 0.37379009007981756
0 0.2683995347776511 0.37693205929304446 0.2843874481185861 0.37431203762827825 0.2789112953249715 0.31514098403648805 0.2617317457240593 0.3160413261117446 0.2683995347776511 0.37693205929304446
0 0.08380321778791334 0.20288424515393388 0.12027103990877992 0.21227134321550742 0.12566937742303308 0.17928736259977196 0.09075397947548461 0.17041346978335234 0.08380321778791334 0.20288424515393388
0 0.7323471265678448 0 0.7370084310148233 0.02149641391106043 0.7781007765108323 0.024991221208665905 0.7820741299885975 0 0.7323471265678448 0
0 0.5413860615735462 0.09596311516533637 0.5858213580387684 0.09630990193842646 0.5904452725199544 0.037204088939566705 0.5424005359179019 0.0385328779931585 0.5413860615735462 0.09596311516533637
0 0.5777421870011402 0.3048310034207526 0.615059724059293 0.3028752736602053 0.604124126567845 0.26420710604332953 0.5697976636259977 0.2666006442417332 0.5777421870011402 0.3048310034207526
0 0.5362983842645382 0.5341283112884835 0.5403560752565564 0.5095384982896237 0.5074364891676169 0.4934267958950969 0.5000433819840365 0.5223533637400228 0.5362983842645382 0.5341283112884835