0 0.682553102622577 0.8467294241733182 0.6896072953249716 0.8848692827822121 0.7342605017103763 0.8782710216647662 0.7284411049030787 0.8374319897377424 0.682553102622577 0.8467294241733182
0 0.7782698734321551 0.8745369600912201 0.7865217468643102 0.9121038836944129 0.8352478358038768 0.910318062713797 0.830054582668187 0.8677178141391106 0.7782698734321551 0.8745369600912201
0 0.8155137970353478 0.37384663625997716 0.814145582668187 0.4522315712656784 0.8868090513112885 0.45692856442417334 0.8891291448118586 0.3751315974914481 0.8155137970353478 0.37384663625997716
0 0.7109279007981757 0.2757923637400228 0.7077108517673888 0.2899915062713797 0.7817644446978336 0.30010108437856325 0.783219629418472 0.28477570923603196 0.7109279007981757 0.2757923637400228
0 0.9102863432155074 0.319664267958951 0.9637587434435576 0.31822070809578107 0.9667345632839225 0.2838205290763968 0.9102954549600912 0.28521074230330673 0.9102863432155074 0.319664267958951
0 0.9068166727480046 0.17823061003420754 0.9075080250855189 0.2067548323831243 0.9436239874572405 0.21295952565564424 0.9472285621436717 0.176559078677309 0.9068166727480046 0.17823061003420754
0 0.10337122348916762 0.6530730615735463 0.10095953933865451 0.6892646100342075 0.1611262417331813 0.6954577936145951 0.16924673774230328 0.6554090421892816 0.10337122348916762 0.6530730615735463
0 0.18090563968072976 0.5659192006841506 0.182941078677309 0.619414433295325 0.22848357468643102 0.6129004549600912 0.2319914754846066 0.5650278232611174 0.18090563968072976 0.5659192006841506
0 0.2688981778791334 0.3898468152793615 0.2309039646522235 0.38918362371721776 0.22852180615735462 0.423594165336374 0.263867511972634 0.42289530216647664 0.2688981778791334 0.3898468152793615
0 0.0025319612314709237 0.4220248597491448 0.0017960159635119724 0.46418718814139115 0.01820419954389966 0.46314526567844927 0.02015609692132269 0.41936328734321554 0.0025319612314709237 0.4220248597491448
0 0.0037135712656784494 0.3543304846066135 0.0025941356898517673 0.41846290193842645 0.023495996579247436 0.41513655872291905 0.03195104218928164 0.3560110513112885 0.0037135712656784494 0.3543304846066135
0 0.8917762930444698 0.767814165336374 0.9459651379703535 0.7592570262257697 0.9430562018244014 0.7217833625997719 0.8858886681870011 0.7308839133409349 0.8917762930444698 0.767814165336374
0 0.9029775792474345 0.704451566704675 0.9554165598631699 0.6940807993158494 0.9476443329532497 0.663056055872292 0.9030369110604334 0.6670312782212087 0.9029775792474345 0.704451566704675
0 0.7517897651083238 0.6905264811858609 0.7583228620296466 0.7244987970353478 0.7931591972633979 0.7189606191562143 0.7881170125427595 0.6846267673888256 0.7517897651083238 0.6905264811858609
0 0.8411898244013684 0.6380334196123146 0.8798487251995439 0.6345482041049031 0.8738988996579248 0.6011814709236032 0.8399152029646523 0.6089036123147092 0.8411898244013684 0.6380334196123146
0 0.7034450364880274 0.46633766590649944 0.6925829771949829 0.47624491904218924 0.7081205256556442 0.48765844925883695 0.7162879110604332 0.4790340501710376 0.7034450364880274 0.46633766590649944
0 0.8465213956670468 0.502693354618016 0.845992778791334 0.5329778038768529 0.8854567616875713 0.5344011379703535 0.8863795404789054 0.4986352314709236 0.8465213956670468 0.502693354618016
0 0.8502399578107184 0.15348319156214368 0.8516389817559863 0.17548595895096922 0.8865038141391106 0.1683152166476625 0.8841734321550742 0.14872781299885976 0.8502399578107184 0.15348319156214368
0 0.7216542474344355 0.1375757001140251 0.7189893808437856 0.15416140592930447 0.7539748004561003 0.15709274458380845 0.7560865028506271 0.1381767172177879 0.7216542474344355 0.1375757001140251
0 0.7312328859749145 0.09913232953249715 0.7291824036488027 0.11454107753705815 0.7626420342075257 0.11983208437856328 0.7626657286202965 0.10146407525655644 0.7312328859749145 0.09913232953249715
0 0.09672938084378563 0.42129372063854054 0.17388437400228052 0.4238297092360319 0.17727326111744585 0.3656753090079818 0.10488824287343215 0.3620364618015963 0.09672938084378563 0.42129372063854054
0 0.29923882896237175 0.2846446841505131 0.3419320684150513 0.28835910034207524 0.34769556670467505 0.23024771151653364 0.30970135461801596 0.22958451995438994 0.29923882896237175 0.2846446841505131