0 0.9917651744583809 0.9761362531356899 0.9865980364880274 0.9149398791334094 0.927180322690992 0.9168688152793614 0.9356539828962371 0.975750669327252 0.9917651744583809 0.9761362531356899
0 0.9530660649942987 0.7606983603192703 0.916114236031927 0.7683593169897378 0.9216455176738884 0.7915937651083238 0.9573494709236032 0.7874709441277081 0.9530660649942987 0.7606983603192703
0 0.7610971151653364 0.39545647548460666 0.7697639201824401 0.4092520216647662 0.8333683101482326 0.40561620410490307 0.8309007628278221 0.39388697833523373 0.7610971151653364 0.39545647548460666
0 0.6679659224629418 0.11736844583808437 0.6727326898517674 0.18449154732041048 0.7309439498289623 0.18372767046750285 0.7252926111744584 0.11625001368301026 0.6679659224629418 0.11736844583808437
0 0.7623147548460661 0.18961356328392248 0.7130824047890536 0.18638197263397946 0.7165444264538198 0.22619064424173316 0.7623183318129989 0.22342971379703533 0.7623147548460661 0.18961356328392248
0 0.7931814481185862 0.15633781870011404 0.7915179498289624 0.18359731356898518 0.8455114732041049 0.186319732041049 0.8439040809578108 0.15924380501710375 0.7931814481185862 0.15633781870011404
0 0.6018523192702394 0.128672574686431 0.6386607753705815 0.12931506955530217 0.6419085849486887 0.11335369555302166 0.6015278095781073 0.11324268757126568 0.6018523192702394 0.128672574686431
0 0.6029273238312428 0.13521733295324972 0.6044686248574686 0.14889006613454958 0.6335579429874573 0.14939782098061571 0.6322780775370582 0.137758086659065 0.6029273238312428 0.13521733295324972
0 0.9926669612314709 0.2950826385404789 0.9975368996579248 0.25423172177879133 0.9607300068415051 0.25358925541619154 0.9609336077537058 0.29295661687571267 0.9926669612314709 0.2950826385404789
0 0.06685784378563284 0.9077839840364881 0.06890953363740022 0.8923955724059293 0.0297264401368301 0.8917116294184722 0.030920115165336375 0.9083787502850627 0.06685784378563284 0.9077839840364881
0 0.0758455267958951 0.9031963933865451 0.09009335575826681 0.9034450900798175 0.09031077537058153 0.8909891744583809 0.07072001026225769 0.8906472166476626 0.0758455267958951 0.9031963933865451
0 0.07866011516533637 0.9121437514253136 0.07776624743443557 0.9293323318129989 0.09260617331813 0.9295913637400228 0.09319225085518813 0.9130256316989738 0.07866011516533637 0.9121437514253136