0 0.47316458722919047 0.3820659441277081 0.42367215507411626 0.3673124732041049 0.40434569783352337 0.4365670433295325 0.45627265108323833 0.451063078677309 0.47316458722919047 0.3820659441277081
0 0.4379477708095781 0.517457330672748 0.42937774344355756 0.5528386294184721 0.47456892816419616 0.5597894196123147 0.4812773842645382 0.5269882132269099 0.4379477708095781 0.517457330672748
0 0.7082133181299886 0.53984830672748 0.6953172850627138 0.5932119190421893 0.7565769201824402 0.6138178346636259 0.7747085769669327 0.5637303899657925 0.7082133181299886 0.53984830672748
0 0.5695108494868871 0.8484195233751426 0.5555215074116305 0.9010298962371721 0.6509038950969214 0.9348272223489168 0.661569582668187 0.8824013945267959 0.5695108494868871 0.8484195233751426
0 0.35170740478905355 0.8921783124287344 0.3485119726339794 0.9277137981755986 0.39950024059293043 0.9360789007981756 0.39885910376282785 0.8958449942987458 0.35170740478905355 0.8921783124287344
0 0.5956776921322692 1 0.6030504868871152 0.959617952109464 0.4956513078677309 0.9387979429874572 0.48352742075256555 1 0.5956776921322692 1
0 0.8670727594070696 0.8728464196123147 0.9479658779931586 0.9052054184720638 0.9538661653363739 0.8632226944127708 0.87993317331813 0.8410675986316989 0.8670727594070696 0.8728464196123147
0 0.8677920250855188 0.9317226271379703 0.860398157354618 0.9672676453819841 0.886691614595211 0.9721621208665907 0.892453511972634 0.9418297662485746 0.8677920250855188 0.9317226271379703
0 0.8169190364880273 0.8627982702394527 0.8110238791334093 0.891956905359179 0.8432890034207525 0.901289732041049 0.8529927286202964 0.8706293443557582 0.8169190364880273 0.8627982702394527
0 0.15297514253135688 0.5655712976054732 0.1487690353477765 0.5997655712656785 0.2639022291904219 0.603951629418472 0.25944205245153934 0.569560259977195 0.15297514253135688 0.5655712976054732
0 0.7391433591790194 0.0637934401368301 0.7331731197263398 0.09774136031927023 0.7690393911060434 0.10278203648802738 0.7733456932725199 0.07427423375142532 0.7391433591790194 0.0637934401368301
0 0.19757330558722921 0.04345792816419612 0.14447328506271379 0.028798607753705813 0.14362819270239452 0.06466441277080957 0.1894088962371722 0.07169805473204105 0.19757330558722921 0.04345792816419612
0 0.130107259977195 0.3272553660205245 0.12976138198403647 0.39797673432155073 0.14715241277080957 0.4022212189281642 0.14679469099201825 0.32798490763968075 0.130107259977195 0.3272553660205245
0 0.04103048460661346 0.33392789965792474 0.04236402394526796 0.3671019646522235 0.07771719042189282 0.3672722702394527 0.07702315051311288 0.3316698221208666 0.04103048460661346 0.33392789965792474
0 0.04966528620296465 0.5156654777651083 0.05390263055872292 0.570840598631699 0.08606648802736602 0.5723614310148233 0.0892767046750285 0.5132674834663626 0.04966528620296465 0.5156654777651083
0 0.18752794982896237 0.9596669931584949 0.18840754846066135 0.9022130855188141 0.09610298289623717 0.912654322690992 0.09579436716077538 0.9468472611174458 0.18752794982896237 0.9596669931584949