0 0.1360596510832383 0.9523074150513112 0.17462755986316988 0.9841098449258837 0.20882431014823263 0.9442719258836945 0.1797733283922463 0.9092056590649944 0.1360596510832383 0.9523074150513112
0 0.05954921664766249 0.4849307491448119 0.02681425769669327 0.5200963181299886 0.05398634207525655 0.5467066613454961 0.08614185062713797 0.5068218449258837 0.05954921664766249 0.4849307491448119
0 0.3583099897377423 0.8884836795895097 0.32437153135689856 0.8603065838084378 0.2957391835803877 0.904550778791334 0.3233841470923603 0.9284095450399088 0.3583099897377423 0.8884836795895097
0 0.43962123033067274 0.9228224754846066 0.41073707867730896 0.9066029201824402 0.38858207753705815 0.9338796898517674 0.415201417331813 0.9575652827822121 0.43962123033067274 0.9228224754846066
0 0.8096298004561003 0.92830186659065 0.849481795895097 0.960843944127708 0.8931072998859749 0.9554874059293044 0.8402810182440137 0.9053720695553021 0.8096298004561003 0.92830186659065
0 1 0.6593408015963512 0.9554096795895096 0.6845942086659066 0.9776172371721779 0.7240947183580387 1 0.7110668563283923 1 0.6593408015963512
0 0.9574848061573545 0.13689163397947549 0.9532728027366021 0.09907462941847207 0.8977132531356898 0.11248465336374001 0.9084545005701254 0.1512961710376283 0.9574848061573545 0.13689163397947549
0 0.9480564139110604 0.05659055188141391 0.8986834082098062 0.06684498061573546 0.902885614595211 0.10106921208665906 0.9526304082098062 0.09735573090079817 0.9480564139110604 0.05659055188141391
0 0.8515317856328392 0.4080518095781072 0.869193810718358 0.4448155689851767 0.9023261288483466 0.4323614857468643 0.8859153033067275 0.39604388255416195 0.8515317856328392 0.4080518095781072
0 0.8714678950969212 0.3319329555302167 0.8386348905359179 0.3419527274800456 0.850067725199544 0.3713960695553022 0.8805346374002281 0.361965921322691 0.8714678950969212 0.3319329555302167
0 0.24161085290763967 0.429632393386545 0.21133910490307867 0.40699661801596354 0.17776666476624858 0.443162330672748 0.20290681071835803 0.4697246339794755 0.24161085290763967 0.429632393386545
0 0.04436571721778792 0.6143725530216647 0.06889397605473205 0.6389131083238312 0.08638487913340935 0.6110110250855189 0.0688319418472064 0.5945981630558723 0.04436571721778792 0.6143725530216647
0 0.34468322120866596 0.16421767046750285 0.3150094549600912 0.17564573888255416 0.32858895324971493 0.21171277651083237 0.3648540353477765 0.1970794127708096 0.34468322120866596 0.16421767046750285
0 0.33320974230330674 0.08536411174458382 0.29726758152793614 0.10415315849486888 0.3166896157354618 0.14399411516533636 0.3517412291904219 0.12920906727480044 0.33320974230330674 0.08536411174458382
0 0.6175959657924743 0.0019311265678449258 0.5980041493728621 0.012722645381984036 0.6099321961231471 0.043301599771949834 0.6358554481185861 0.03382955872291904 0.6175959657924743 0.0019311265678449258