0 0.5904274241733181 0.43954628050171035 0.5671777023945268 0.44241706271379705 0.5830596191562143 0.5345282269099202 0.6077190672748004 0.5318305370581529 0.5904274241733181 0.43954628050171035
0 0.5489218882554162 0.3929485085518814 0.5320284241733182 0.4023236567844926 0.5345778164196123 0.4398452793614595 0.5585199099201824 0.43133559407069555 0.5489218882554162 0.3929485085518814
0 0.5974006259977195 0.32448217901938425 0.5836727981755986 0.3313840615735462 0.590278274800456 0.37083468757126564 0.6114009167616876 0.36197881755986316 0.5974006259977195 0.32448217901938425
0 0.46652899315849483 0.2597551619156214 0.45158951653363744 0.2765251231470923 0.4952219441277081 0.32910953477765104 0.5140444116305587 0.31567830216647663 0.46652899315849483 0.2597551619156214
0 0.4346960524515393 0.28590027137970353 0.4169371254275941 0.3023240478905359 0.43937233523375147 0.3294085336374002 0.45747763854047896 0.3101637548460662 0.4346960524515393 0.28590027137970353
0 0.379066913340935 0.2261189338654504 0.3626207457240593 0.27848151539338656 0.38094873090079817 0.2807319087799316 0.39670252793614597 0.23400823033067275 0.379066913340935 0.2261189338654504
0 0.3819104982896237 0.1563422497149373 0.37038432611174454 0.20358501596351197 0.38554667502850626 0.20830867502850628 0.3986556647662486 0.15982927594070695 0.3819104982896237 0.1563422497149373
0 0.2588785712656784 0.05107471835803876 0.2551958711516534 0.13935267046750285 0.28814194070695553 0.13910500342075255 0.29358055302166475 0.048180692132269096 0.2588785712656784 0.05107471835803876
0 0.31907721550741164 0.6420001311288484 0.3224791037628278 0.5992035313568985 0.2656137251995439 0.588825717217788 0.26220350513112883 0.6374853169897378 0.31907721550741164 0.6420001311288484
0 0.31637065792474345 0.724392236031927 0.31923709122006844 0.6457239338654504 0.28851103876852907 0.6394812759407069 0.2858044811858609 0.7218733808437856 0.31637065792474345 0.724392236031927
0 0.5756882394526796 0.5479329224629419 0.5538482428734322 0.5509767981755986 0.5563984868871151 0.6700721881413911 0.5814039304446978 0.664556598631699 0.5756882394526796 0.5479329224629419