0 0.4179932223489168 0.11489075370581528 0.4000991311288483 0.08598100570125428 0.37090476966932723 0.10721121208665906 0.38564353591790196 0.13860369099201825 0.4179932223489168 0.11489075370581528
0 0.2725567206385405 0.1034342976054732 0.23311731242873432 0.06939326567844926 0.19700498859749144 0.11420798061573546 0.2361909076396807 0.14797945838084378 0.2725567206385405 0.1034342976054732
0 0.3399182451539339 0.47682380615735465 0.36871185062713796 0.42902093386545037 0.3387259885974915 0.4144573614595211 0.31215077080957815 0.45510844697833525 0.3399182451539339 0.47682380615735465
0 0.09081488939566705 0.536123882554162 0.07081081755986317 0.5678923124287343 0.09106955074116306 0.5917260467502851 0.11667277309007983 0.5568772930444698 0.09081488939566705 0.536123882554162
0 0.40012094298745726 0.752984465222349 0.37712687685290763 0.7360668871151653 0.34424188141391104 0.7951398802736602 0.36681668643101484 0.8127071470923602 0.40012094298745726 0.752984465222349
0 0.47809472519954394 0.6189814515393386 0.4331921824401368 0.5939877069555303 0.4019367708095781 0.6373056066134549 0.44729846864310147 0.6748085096921322 0.47809472519954394 0.6189814515393386
0 0.5483300444697834 0.16887785176738881 0.5321443568985177 0.16847236830102624 0.5416473603192703 0.24238077080957812 0.5603289988597491 0.2373950148232611 0.5483300444697834 0.16887785176738881
0 0.8789131630558722 0.27185907297605477 0.8331740524515393 0.2595272873432155 0.8249896351197263 0.2946316921322691 0.8761182622576967 0.30749657354618015 0.8789131630558722 0.27185907297605477
0 0.8431681208665907 0.19489002052451537 0.8387604104903079 0.22713629418472064 0.8587490421892817 0.23903901368301025 0.8624974150513113 0.24037339794754845 0.8736709281641961 0.2096892234891676 0.8431681208665907 0.19489002052451537
0 0.6833124321550741 0.28989373432155074 0.649102086659065 0.2887087810718358 0.6449724104903078 0.32480927594070697 0.6755179600912201 0.32375069327251993 0.6833124321550741 0.28989373432155074
0 0.6202805496009122 0.24379269555302166 0.61617117331813 0.27360950285062713 0.6408635632839225 0.28403736031927024 0.6442539726339794 0.24922405473204104 0.6202805496009122 0.24379269555302166
0 0.7241732645381984 0.2770983637400228 0.757423401368301 0.28019426795895097 0.7581535473204105 0.2472031254275941 0.7250134618015964 0.24678564766248576 0.7241732645381984 0.2770983637400228
0 0.9235122668187001 0.4452474709236032 0.9358717708095781 0.40963200456100346 0.9048519988597492 0.39549448460661346 0.8943077548460662 0.44315035005701253 0.9235122668187001 0.4452474709236032
0 0.9048419657924744 0.18612100684150515 0.9107355530216648 0.14651378335233753 0.8797686111744584 0.14253775484606615 0.8729922690992019 0.1819558369441277 0.9048419657924744 0.18612100684150515