0 0.15366661687571267 0.2719436818700114 0.19566244925883694 0.26826952337514254 0.1943684583808438 0.2534791448118586 0.1526972805017104 0.2540695245153934 0.15366661687571267 0.2719436818700114
0 0.15316259635119728 0.2934507023945268 0.15551550855188143 0.3135141664766249 0.2040177377423033 0.30927077194982894 0.19639471607753706 0.29026439908779933 0.15316259635119728 0.2934507023945268
0 1 0.5632536271379703 0.9613705017103763 0.5659649281641962 0.9629249794754845 0.6518578563283923 1 0.6525809179019384 1 0.5632536271379703
0 1 0.6541497844925883 0.9431702360319271 0.6542794355758266 0.9436058244013683 0.689914574686431 1 0.6886404538198404 1 0.6541497844925883
0 1 0.7125072029646523 0.9414267844925884 0.716119834663626 0.9464976111744583 0.7570304344355758 1 0.7577527719498289 1 0.7125072029646523
0 1 0.7559272588369441 0.971059354618016 0.7584592371721779 0.9753266476624858 0.8481097160775372 1 0.8464813295324972 1 0.7559272588369441
0 0.9035644492588369 0.8794286944127708 0.9122584401368301 0.9311317708095781 0.9723850433295326 0.9234873021664767 0.9647969167616876 0.8776476556442417 0.9035644492588369 0.8794286944127708
0 0.393028338654504 0.27604127594070693 0.39909267160775375 0.26358878791334095 0.2910758129988597 0.2517972690992018 0.28925264766248576 0.2684272622576967 0.393028338654504 0.27604127594070693
0 0.5464918004561004 0.23161418472063855 0.5487467537058153 0.2165133124287343 0.44282653363740027 0.228686503990878 0.4424412029646522 0.24131344925883694 0.5464918004561004 0.23161418472063855
0 0.49421902508551885 0.2540727046750285 0.4451771904218928 0.25896089623717217 0.4477059110604333 0.2742392668187001 0.4991655940706956 0.2697371288483466 0.49421902508551885 0.2540727046750285
0 0.9720576545039908 0.19080588711516533 0.9672663329532496 0.1769159361459521 0.9178447286202965 0.18086960661345497 0.9212929600912201 0.196439259977195 0.9720576545039908 0.19080588711516533
0 0.9735662873432155 0.22167467958950968 0.9715254241733181 0.20516002166476627 0.9177445826681869 0.21038126111744584 0.9255299327251996 0.23124304675028506 0.9735662873432155 0.22167467958950968