0 0.5834911619156214 0.059459469783352335 0.5841687297605473 0.07728158836944128 0.6736424526795896 0.08219187457240593 0.6732733226909919 0.0673192976054732 0.5834911619156214 0.059459469783352335
0 0.5765178403648803 0.08967735575826682 0.5785075496009122 0.10292789965792475 0.7556803956670468 0.11293498859749146 0.7541302713797036 0.0981865393386545 0.5765178403648803 0.08967735575826682
0 0.6531470672748004 0.12008241847206386 0.6496049931584948 0.13183894526795895 0.8326238574686432 0.1406345724059293 0.8307018403648804 0.1223478015963512 0.6534327993158495 0.1171207023945268 0.6531470672748004 0.12008241847206386
0 0.47111250513112884 0.10075590193842646 0.4664975210946408 0.11649011858608894 0.5442837069555302 0.12382128278221209 0.5458720980615736 0.11053245381984036 0.4713808038768529 0.10046846978335235 0.47111250513112884 0.10075590193842646
0 0.4599158722919042 0.13055356670467502 0.45738319042189285 0.14905873888255416 0.5350159258836944 0.14924964196123144 0.5359517548460662 0.13543237970353478 0.4599158722919042 0.13055356670467502
0 0.457948755986317 0.16296014937286205 0.454424850627138 0.1720344583808438 0.5167341413911061 0.17979984150513112 0.5167696442417332 0.16309681641961232 0.457948755986317 0.16296014937286205
0 0.4496655313568985 0.18923554618015964 0.44450450741163056 0.1969343842645382 0.48813648574686436 0.20308542075256558 0.4960019064994299 0.19271582896237174 0.4496655313568985 0.18923554618015964
0 0.43639733409350057 0.21352425769669328 0.4366954606613455 0.23056142645381983 0.47221669099201824 0.23338736488027367 0.4746760843785633 0.2170250285062714 0.43639733409350057 0.21352425769669328
0 0.376527181299886 0.25738202508551883 0.3760218301026226 0.26675965792474343 0.4630699464082098 0.2713278643101482 0.46459643671607753 0.2574500912200684 0.376527181299886 0.25738202508551883
0 0.36113671151653365 0.28135961801596354 0.36547702166476626 0.2970936887115166 0.4580597730900798 0.29750277194982894 0.45899560205245155 0.2836855085518814 0.36113671151653365 0.28135961801596354
0 0.4287241687571266 0.3109270923603193 0.4310150057012543 0.3242025461801596 0.4620927616875713 0.3245135530216648 0.464457677309008 0.31293259635119725 0.4287241687571266 0.3109270923603193
0 0.48505457924743445 0.2504467046750285 0.4777408301026226 0.2632249509692132 0.5849280843785634 0.26627504104903077 0.5858018494868872 0.25186727936145953 0.48505457924743445 0.2504467046750285
0 0.4866793135689852 0.2744254196123147 0.4854410935005701 0.2910458985176739 0.5839271014823261 0.2908329521094641 0.586698204104903 0.2774213865450399 0.4866793135689852 0.2744254196123147
0 0.48149703876852906 0.3018030296465223 0.4818303557582668 0.31349473660205246 0.5551110057012543 0.317720472063854 0.5560469965792474 0.303904763968073 0.48149703876852906 0.3018030296465223
0 0.573829771949829 0.19192313568985175 0.5750606374002281 0.20647418700114026 0.6161770125427595 0.20573166362599773 0.6104949600912201 0.19141749714937287 0.573829771949829 0.19192313568985175
0 0.6230989270239453 0.20910629874572406 0.6224200935005701 0.22535376282782213 0.6854764218928164 0.2288661984036488 0.683678369441277 0.2117588677309008 0.6230989270239453 0.20910629874572406
0 0.6378694446978336 0.23885815621436715 0.6379828506271379 0.25413781870011404 0.6798136875712657 0.2545126716077537 0.6821165393386545 0.2423412189281642 0.6378694446978336 0.23885815621436715
0 0.6173640843785633 0.3022299578107184 0.6227687388825541 0.3195552394526796 0.6617415655644242 0.3154590296465223 0.6547514469783353 0.3000898779931585 0.6173640843785633 0.3022299578107184
0 0.6116446396807297 0.33016206727480046 0.6177568483466362 0.34572875598631697 0.6571653489167617 0.3457627571265679 0.6520101767388825 0.3307961938426454 0.6116446396807297 0.33016206727480046
0 0.5957212086659065 0.35758926795895096 0.5995371277080959 0.3768694526795895 0.636490534777651 0.3706005530216648 0.6331085712656784 0.35544918814139115 0.5957212086659065 0.35758926795895096
0 0.6089238175598632 0.3894792291904219 0.6107507251995439 0.39835564082098057 0.6376348164196123 0.39851354047890536 0.6384127149372862 0.38888887799315847 0.6089238175598632 0.3894792291904219