0 0.07659531242873431 0.35966406271379703 0.06739218700114025 0.39565937514253136 0.10064062485746864 0.4057453124287343 0.10954687457240593 0.36837499999999995 0.07659531242873431 0.35966406271379703
0 0.2475953124287343 0.20043906271379702 0.23126718700114027 0.2331312497149373 0.262735937286203 0.24914531242873433 0.28114218700114024 0.21770781299885975 0.2475953124287343 0.20043906271379702
0 0.34289218700114027 0.2817703124287343 0.35981406271379707 0.2520312497149373 0.30489218700114024 0.23253750057012543 0.28886093728620293 0.26278906271379704 0.34289218700114027 0.2817703124287343
0 0.20276718700114024 0.01662187457240593 0.24937656214367163 0.03587812542759407 0.2633296875712657 0.015434375142531357 0.21107968757126566 0 0.20276718700114024 0.01662187457240593
0 0.6706453124287343 0.03765624971493729 0.6819265621436715 0.014248437856328391 0.6368 0 0.626114062713797 0.020181249714937285 0.6706453124287343 0.03765624971493729
0 0.8995374994298746 0.25114218700114027 0.9301140627137969 0.2657546875712657 0.943771874572406 0.23016406271379702 0.9111140627137971 0.22126718700114026 0.8995374994298746 0.25114218700114027
0 0.8131453124287342 0.26715312542759406 0.797114062713797 0.3001593751425314 0.8214593751425314 0.30965 0.8363015621436716 0.27880468757126564 0.8131453124287342 0.26715312542759406
0 0.8363015621436716 0.4824171870011403 0.8244265621436716 0.5160750000000001 0.8820218745724059 0.5309046875712656 0.888553125427594 0.4982796875712657 0.8363015621436716 0.4824171870011403
0 0.8719281254275941 0.6674375005701254 0.8315531254275941 0.6293718745724058 0.799489062713797 0.654285937286203 0.8428328129988597 0.7005531254275941 0.8719281254275941 0.6674375005701254
0 0.9707875005701254 0.8480093751425313 0.9425828129988597 0.874353125427594 0.9978031254275941 0.9194343751425313 0.998753125427594 0.8785062497149373 0.9707875005701254 0.8480093751425313
0 0.5352687502850627 0.6709968745724059 0.5133 0.7041125005701254 0.5400187502850627 0.718346874572406 0.558425 0.6869093751425314 0.5352687502850627 0.6709968745724059
0 0.44887812542759403 0.636303125427594 0.42482968757126566 0.6697078129988597 0.4723312497149373 0.6916546875712656 0.491925 0.6590296875712657 0.44887812542759403 0.636303125427594
0 0.29836093728620294 0.6087296875712658 0.2930171870011402 0.6406406248574686 0.33101718700114025 0.6447937502850627 0.33754843785632843 0.6115765621436716 0.29836093728620294 0.6087296875712658
0 0.22711093728620296 0.5446843751425313 0.2211734378563284 0.5854765621436716 0.24789218700114024 0.5931874994298746 0.25798593728620295 0.5534453124287343 0.22711093728620296 0.5446843751425313
0 0.15497031242873432 0.4735218745724059 0.14754687457240592 0.514889062713797 0.1879234378563284 0.5166687502850628 0.19623593728620298 0.48463593728620297 0.15497031242873432 0.4735218745724059
0 0.6338312497149373 0.39091562485746867 0.6510515621436715 0.40235937514253134 0.6724265621436716 0.36837499999999995 0.6522375005701254 0.35829062485746865 0.6338312497149373 0.39091562485746867
0 0.3161734378563284 0.4656546875712657 0.309939062713797 0.4779703124287343 0.33992343785632845 0.4982796875712657 0.34882968757126565 0.4810765621436716 0.3161734378563284 0.4656546875712657