0 0.10123096237172179 0.541554102622577 0.12268678221208665 0.535716881413911 0.11846852337514253 0.4615310992018244 0.09239479133409349 0.4663627023945268 0.10123096237172179 0.541554102622577
0 0.3319238221208666 0.5005907309007982 0.3932780535917902 0.49414214139110607 0.39079596009122003 0.44783541733181303 0.32910909236031927 0.45491598859749144 0.3319238221208666 0.5005907309007982
0 0.3508278437856328 0.595321165336374 0.3654823055872292 0.5985570832383125 0.3607677001140251 0.5196488779931585 0.344657007981756 0.5177600558722919 0.3508278437856328 0.595321165336374
0 0.37513905473204107 0.5939599954389966 0.3887701265678449 0.5931243329532497 0.3815390353477765 0.5186597628278221 0.3665401664766249 0.5217287582668187 0.37513905473204107 0.5939599954389966
0 0.4246262793614595 0.6562235712656784 0.45254121322690993 0.6437372645381985 0.44269879703534776 0.6125310638540479 0.4173344652223489 0.6220642702394528 0.4246262793614595 0.6562235712656784
0 0.5646546088939567 0.6832974378563283 0.5994597685290765 0.6796392679589509 0.5892809156214367 0.594139558722919 0.5563649270239452 0.6002857616875712 0.5646546088939567 0.6832974378563283
0 0.5903888038768529 0.7635785210946409 0.6480473375142531 0.7503541185860889 0.645524873432155 0.6742006111744584 0.5806445621436715 0.6822138472063854 0.5903888038768529 0.7635785210946409
0 0.6895508358038769 0.8898754458380843 0.7362791915621437 0.8861581391106044 0.7331483329532498 0.8052924116305588 0.6815601254275941 0.8128025507411631 0.6895508358038769 0.8898754458380843
0 0.6192227366020525 0.9754769179019384 0.6575662177879134 0.9714468563283922 0.6501183352337514 0.9119305849486886 0.6107855632839225 0.9223333420752565 0.6192227366020525 0.9754769179019384
0 0.42067331242873435 0.8626111311288484 0.45796164310148235 0.8598875815279361 0.45155120752565564 0.8029472930444699 0.4167016875712657 0.8021324697833524 0.42067331242873435 0.8626111311288484
0 0.7783256180159636 0.752780873432155 0.8481236807297606 0.7472358631698974 0.84660648004561 0.6817230684150513 0.7747761505131129 0.6955414549600912 0.7783256180159636 0.752780873432155
0 0.8587084572405929 0.8195568848346636 0.8732693249714938 0.8162369851767389 0.8666285667046749 0.7417087981755986 0.8477824230330673 0.7433910969213227 0.8587084572405929 0.8195568848346636
0 0.8813421641961232 0.8135958631698973 0.8949111710376283 0.8121697035347777 0.8889231379703535 0.738171502850627 0.8759974606613455 0.7395300467502851 0.8813421641961232 0.8135958631698973
0 0.9027662884834664 0.8017917685290764 0.9165216510832384 0.80213865336374 0.9131722839224629 0.7362198358038768 0.8991850798175599 0.7388839908779932 0.9027662884834664 0.8017917685290764
0 0.8452782360319271 0.5499195621436715 0.8500271698973775 0.5894223751425313 0.8961622725199544 0.5824822371721778 0.8926912383124287 0.541355701254276 0.8452782360319271 0.5499195621436715
0 0.8343741516533637 0.10568673204104903 0.833657055872292 0.1499416214367161 0.8687502098061572 0.1429695701254276 0.868310188141391 0.10510501254275942 0.8343741516533637 0.10568673204104903
0 1 0.6574834082098061 0.9506814948688711 0.6618290342075257 0.9500583876852907 0.701297881413911 1 0.6920404948688712 1 0.6574834082098061
0 0.4325724549600912 0.7091202428734322 0.44455794526795894 0.6983081881413912 0.42316782212086657 0.6707037833523375 0.41160551995439 0.6781877445838085 0.4325724549600912 0.7091202428734322