0 0.2245914355758267 0.7902483568985177 0.1903425883694413 0.7938480558722919 0.19800442189281642 0.8497047274800457 0.23320744925883694 0.8466630342075256 0.2245914355758267 0.7902483568985177
0 0.021517147092360318 0.5849429042189281 0.021629568985176737 0.6314546978335234 0.08207874230330672 0.6215222531356899 0.07916878563283923 0.5739549099201824 0.021517147092360318 0.5849429042189281
0 0.26549775940706954 0.6398202964652223 0.26760287913340935 0.6712097058152793 0.33681519954389966 0.6651292383124288 0.33335514481185863 0.6322090102622577 0.26549775940706954 0.6398202964652223
0 1 0.9154632645381984 0.9466251140250855 0.9230936522234892 0.9501476784492587 0.9537684834663627 1 0.9488010330672748 1 0.9154632645381984
0 0.5023986738882554 0.5421347765108324 0.5080143637400228 0.5785236818700115 0.5830711470923603 0.5712319167616876 0.5751845644241733 0.5388130706955531 0.5023986738882554 0.5421347765108324
0 0.4612103968072976 0.09913205929304447 0.42826358038768525 0.1151197708095781 0.4520849110604333 0.15999591220068415 0.48494255074116305 0.14315974914481186 0.4612103968072976 0.09913205929304447
0 0 0.28139292360319274 0.00064612086659065 0.28412347434435575 0.09565877765108323 0.2622093990877993 0.07908637058152793 0.21529876852907642 0 0.23607798859749143 0 0.28139292360319274
0 0.3016084697833523 0.4039881607753706 0.2436761094640821 0.4094800775370582 0.2535933705815279 0.4697548825541619 0.30556922576966933 0.4644082622576967 0.3016084697833523 0.4039881607753706
0 0.580080992018244 0.3496682246294185 0.5246392291904219 0.34476001596351197 0.5191865416191562 0.41500698517673884 0.5717019942987457 0.4233146978335234 0.580080992018244 0.3496682246294185
0 0.7417019657924744 0.41618392474344357 0.6827746385404789 0.4235699064994298 0.6895011870011403 0.5017544686431015 0.7430159270239453 0.5025289589509692 0.7417019657924744 0.41618392474344357
0 0.7655351676168757 0.07489964766248576 0.7555097901938427 0.01929139566704675 0.7142523454960091 0.021531871151653365 0.7232983090079818 0.07635696009122006 0.7655351676168757 0.07489964766248576
0 0.7855068301026226 0.8386396385404788 0.7492354720638541 0.8513977924743444 0.7645311881413911 0.9088826134549601 0.7992270889395666 0.9010159338654504 0.7855068301026226 0.8386396385404788
0 0.877622661345496 0.721000849486887 0.926508425313569 0.7146702782212088 0.9188577058152794 0.6645846841505132 0.8707033842645382 0.672224094640821 0.877622661345496 0.721000849486887
0 0.016247176738882554 0.6540881755986316 0.018432116305587228 0.689645197263398 0.06279337628278221 0.687966172177879 0.0662210125427594 0.6524146955530217 0.016247176738882554 0.6540881755986316