0 0.49264664424173316 0.9008608449258837 0.4894677388825542 0.8788535758266819 0.41532085062713797 0.8739994196123146 0.416938850627138 0.9004676259977195 0.49264664424173316 0.9008608449258837
0 0.4801029942987457 0.6668953557582668 0.4811796716077537 0.6052125644241734 0.43491561915621435 0.6020327867730901 0.4344256761687571 0.6641227537058153 0.4801029942987457 0.6668953557582668
0 0.5764311425313569 0.6596769771949829 0.5814288711516533 0.6455261071835804 0.5025342690992018 0.6405890798175599 0.4986961265678449 0.6563494948688712 0.5764311425313569 0.6596769771949829
0 0.5780429110604333 0.63538109350057 0.5788746864310148 0.6217497833523374 0.5040839156214367 0.6198520273660205 0.50530213340935 0.6351131128848346 0.5780429110604333 0.63538109350057
0 0.6458733580387686 0.5938507594070696 0.6368820980615736 0.5646222018244014 0.6047090136830102 0.5705881755986317 0.6110800262257697 0.5969252508551882 0.6458733580387686 0.5938507594070696
0 0.6898105815279362 0.4581656545039909 0.6904213614595212 0.42317410946408207 0.6043184640820981 0.42285729646522235 0.6064074036488027 0.4562769680729761 0.6898105815279362 0.4581656545039909
0 0.7726294709236032 0.44240708209806157 0.7665304481185861 0.38356667730900795 0.6906371664766249 0.3767895610034207 0.6906837525655644 0.4421628312428734 0.7726294709236032 0.44240708209806157
0 0.9100698095781071 0.35937591220068416 0.9120749646522235 0.3125428369441277 0.8314304424173318 0.30579530558722917 0.8325975815279362 0.35791423717217785 0.9100698095781071 0.35937591220068416
0 0.9864623819840366 0.439611992018244 0.9871352542759407 0.40106317559863175 0.9271549395667046 0.4012023340935006 0.9326866966932725 0.4415097023945268 0.9864623819840366 0.439611992018244
0 0.8502407913340935 0.6229265792474344 0.8520818472063855 0.5855842725199544 0.7947847468643101 0.5850076499429874 0.7897289099201825 0.6194981049030787 0.8502407913340935 0.6229265792474344
0 0.7848160433295325 0.25455521778791335 0.7878186088939567 0.18460165222348915 0.7226092360319271 0.17812354275940706 0.7275707069555303 0.2511024982896237 0.7848160433295325 0.25455521778791335
0 0.86089051995439 0.18290948916761687 0.8593698893956669 0.1680525621436716 0.7845879201824402 0.1655611197263398 0.7839609122006842 0.18447180729760548 0.86089051995439 0.18290948916761687
0 0.8577322862029647 0.15971802508551883 0.8579704025085518 0.1460763534777651 0.783794015963512 0.14300164082098063 0.783567189281642 0.15599653591790194 0.8577322862029647 0.15971802508551883
0 0.8486271220068415 0.1370150353477765 0.8506477776510832 0.12340447776510834 0.7848121242873431 0.11869539566704675 0.7857518095781072 0.1329030205245154 0.8486271220068415 0.1370150353477765
0 0.5916263010262258 0.16337907981755986 0.6314134161915621 0.16347972633979477 0.6301474640820981 0.11684271721778791 0.5889044652223488 0.11527581413911062 0.5916263010262258 0.16337907981755986
0 0.1493758415051311 0.12006352337514253 0.19321346978335235 0.12616858836944128 0.19057016647662484 0.09048733409350057 0.1529342212086659 0.08630954732041049 0.1493758415051311 0.12006352337514253
0 0.04783064082098061 0.051844987457240595 0.007779316989737742 0.049959771949828966 0.007096055872291904 0.08910380843785633 0.05365693728620296 0.09228876738882553 0.04783064082098061 0.051844987457240595
0 0.7546457582668188 0.07782832041049031 0.7514115199543899 0.02497007411630559 0.7173576488027366 0.019612435575826682 0.7155470433295326 0.0723998141391106 0.7546457582668188 0.07782832041049031
0 0.699344141391106 0.5924102964652223 0.6900733420752565 0.5791964857468643 0.6600678962371722 0.5970630410490307 0.6660869828962371 0.6094512246294185 0.699344141391106 0.5924102964652223