0 0.10917325883694412 0.45215962485746863 0.07601280843785634 0.4596667274800456 0.08658160889395666 0.49418241847206384 0.12106225427594071 0.49046703192702396 0.10917325883694412 0.45215962485746863
0 0.0509914732041049 0.5859426818700113 0.005964830102622577 0.6121506989737743 0.036580953249714936 0.6608858164196123 0.08127019954389966 0.6348297194982897 0.0509914732041049 0.5859426818700113
0 0.42596895667046747 0.643814842645382 0.3901447331812999 0.6010268597491448 0.3666121630558723 0.6246376145952109 0.39639647662485744 0.6629996761687572 0.42596895667046747 0.643814842645382
0 0.4009381607753706 0.8986529087799316 0.4244631128848346 0.9279099190421893 0.4535939498289624 0.9165144161915622 0.4289793990877993 0.8809604492588369 0.4009381607753706 0.8986529087799316
0 0.7066840706955531 0.676801189281642 0.6832020501710376 0.6930346807297606 0.7283503557582669 0.7433603409350057 0.7523101710376283 0.7277347856328392 0.7066840706955531 0.676801189281642
0 0.6053675119726339 0.5594484150513113 0.5671166248574687 0.5937674367160776 0.5978987366020525 0.6374229372862029 0.6481267537058153 0.6067423614595211 0.6053675119726339 0.5594484150513113
0 0.20265258152793614 0.3465002189281642 0.19699964538198403 0.36167207411630564 0.2699752873432155 0.37674903078677313 0.27134330900798176 0.3574619897377423 0.20265258152793614 0.3465002189281642
0 0.407650574686431 0.0674551448118586 0.3810994446978335 0.10668748802736602 0.41162672633979475 0.1258548825541619 0.4404365621436716 0.0817002109464082 0.407650574686431 0.0674551448118586
0 0.3232374583808438 0.07619407411630559 0.35229189965792473 0.09086000570125427 0.37005380387685294 0.07583553021664767 0.3725358392246294 0.07272580729760547 0.34716112314709235 0.05217125313568985 0.3232374583808438 0.07619407411630559
0 0.36102131242873436 0.2582707810718358 0.3487631197263398 0.29023151539338654 0.38155231584948684 0.30588937172177877 0.3904960649942988 0.27666334777651086 0.36102131242873436 0.2582707810718358
0 0.29691075028506275 0.30285956670467507 0.32376521436716077 0.3164524606613455 0.3416640022805017 0.29650032611174454 0.3098511858608894 0.28196052793614595 0.29691075028506275 0.30285956670467507
0 0.3622260387685291 0.21547033979475486 0.37597845952109465 0.18503964538198403 0.345022433295325 0.1736084127708096 0.33383834435575827 0.20480706271379703 0.3622260387685291 0.21547033979475486
0 0.586112574686431 0.0817356054732041 0.5564613489167617 0.05845420182440137 0.5329950125427594 0.08318124629418472 0.5746216476624858 0.10866625769669327 0.586112574686431 0.0817356054732041
0 0.2977922793614595 0 0.28565337286202963 0.02454340022805017 0.32071774116305585 0.04378383010262257 0.33502523375142534 0.015025396807297605 0.3061168369441277 0 0.2977922793614595 0