0 0.15572715621436717 0.6339291368301027 0.13095516647662486 0.6116963762827822 0.10616543101482326 0.641100701254276 0.13667305701254276 0.6606663842645382 0.15572715621436717 0.6339291368301027
0 0.07691558722919042 0.5599523375142531 0.0463976054732041 0.5321766054732041 0.024104027366020523 0.5581081174458381 0.0528169794754846 0.5865337514253135 0.07691558722919042 0.5599523375142531
0 0.11388705359179019 0.4199823580387685 0.0815045142531357 0.39451639794754845 0.05360138768529077 0.42796609464082097 0.09056341391106043 0.44989128164196124 0.11388705359179019 0.4199823580387685
0 0.1393735849486887 0.4386769635119726 0.12151676168757126 0.4226221140250855 0.10090131698973774 0.46004419156214366 0.12710549714937286 0.4667393454960091 0.1393735849486887 0.4386769635119726
0 0.2839682770809578 0.5683694378563284 0.17645328734321553 0.4827072234891676 0.1604249441277081 0.5164152508551881 0.26570419726339795 0.5980032075256556 0.2839682770809578 0.5683694378563284
0 0.19649903990877993 0.4531372348916762 0.24377689053591792 0.47734101368301024 0.2619995267958951 0.4488940205245154 0.21291689053591792 0.4167818118586089 0.19649903990877993 0.4531372348916762
0 0.3575090376282782 0.41899341505131127 0.3149354526795895 0.39613744583808436 0.2983043112884835 0.42154281527936144 0.34397145153933867 0.4493832234891676 0.3575090376282782 0.41899341505131127
0 0.19521674002280504 0.13258158380843788 0.20590296009122008 0.16678630216647664 0.2442333124287343 0.1580343055872292 0.2302214754846066 0.12544575940706956 0.19521674002280504 0.13258158380843788
0 0.44481075598631703 0.9983775210946408 0.41001527137970356 0.9740014526795895 0.3902609110604333 0.9952718677309008 0.44481075598631703 0.9983775210946408
0 0.47923716419612317 0.21669186659064996 0.4791198802736602 0.2030372668187001 0.42571337172177875 0.20117227137970353 0.42496536374002275 0.2141306225769669 0.47923716419612317 0.21669186659064996
0 0.38781348460661347 0.36781828848346637 0.3868253511972634 0.3280173694412771 0.34649561345496005 0.3260164754846066 0.35093263625997717 0.3690881881413911 0.38781348460661347 0.36781828848346637