0 0.16945556556442415 0.027191814139110607 0.1330824401368301 0.03733660091220069 0.16367194184720638 0.0874796180159635 0.19282953249714938 0.07546015735461802 0.16945556556442415 0.027191814139110607
0 0.21306465336374 0.019258598631698973 0.2288524298745724 0.06628748460661346 0.29272172405929303 0.050177319270239454 0.27760353705815277 0.02461808551881414 0.21306465336374 0.019258598631698973
0 0.4601094184720639 0.1559507890535918 0.4630470376282782 0.19796070581527936 0.5374457947548461 0.1894313842645382 0.5293450262257697 0.14508374914481187 0.4601094184720639 0.1559507890535918
0 0.6060787480045611 0.6346877879133409 0.5878709258836945 0.7198810535917902 0.8568129475484606 0.7526425986316989 0.8661826795895097 0.6721397742303307 0.6060787480045611 0.6346877879133409
0 0.9506316955530216 0.4379033204104903 0.9012747058152794 0.4351364241733181 0.8995783352337514 0.4585430239452679 0.9487151619156214 0.4700778859749145 0.9506316955530216 0.4379033204104903
0 0.9657546716077537 0.8925010843785632 0.9635360741163055 0.8250242873432154 0.895306550741163 0.8264685074116305 0.8946141391106043 0.8880652907639681 0.9657546716077537 0.8925010843785632
0 0.753258701254276 0.8447201619156214 0.6477964458380844 0.8439938175598632 0.6512835142531357 0.9117359007981757 0.7581204002280502 0.9142457001140252 0.753258701254276 0.8447201619156214
0 0 0.36820459521094645 0.017773194982896236 0.3605111539338654 0.007079355758266819 0.32078848004561006 0 0.322651992018244 0 0.36820459521094645
0 0.09460987571265678 0.6787765769669327 0.10826414595210945 0.6536096727480045 0.06730381870011402 0.6398396271379704 0.05777820524515394 0.6704474093500571 0.09460987571265678 0.6787765769669327
0 0.09461085632839224 0.8774056716077537 0.02367378221208666 0.8560112497149373 0.024928526795895096 0.8739549338654504 0.09024045381984036 0.8943565142531358 0.09461085632839224 0.8774056716077537
0 0.09258388483466362 0.8484186419612314 0.02540687913340935 0.8212134025085519 0.02389816875712657 0.8393518916761689 0.08654143215507411 0.8613262713797035 0.09258388483466362 0.8484186419612314
0 0.023155631698973774 0.8088872896237171 0.09013960889395667 0.8333320832383124 0.09627718244013683 0.8218071231470923 0.03334431927023945 0.7956912941847207 0.023155631698973774 0.8088872896237171
0 0.5592028665906499 0.8282745644241734 0.5543184789053592 0.8577433169897378 0.6423539304446978 0.8654585678449259 0.6391374287343214 0.8393286647662486 0.5592028665906499 0.8282745644241734