0 0.6742062497149373 0.00029687457240592933 0.6658953124287343 0.05517812542759407 0.7478328129988597 0.05932968757126568 0.7478328129988597 0.0017921870011402509 0.6742062497149373 0.00029687457240592933
0 0.8496625005701254 0.6781125005701254 0.8428328129988597 0.7426671870011402 0.8903343751425314 0.7438546875712656 0.9010218745724059 0.6815703124287343 0.8496625005701254 0.6781125005701254
0 0.998753125427594 0.9200625005701254 0.9663343751425313 0.9229921870011403 0.981178125427594 0.9929874994298746 0.998753125427594 0.9929874994298746 0.998753125427594 0.9200625005701254
0 0.835410937286203 0.8577953124287343 0.7751453124287344 0.8494390627137971 0.7709890627137971 0.9188406248574686 0.8273953124287343 0.9206203124287343 0.835410937286203 0.8577953124287343
0 0.8505531254275941 0.5510718745724059 0.8458015621436716 0.5807312497149373 0.9366453124287344 0.5795437502850627 0.9354593751425314 0.5522593751425314 0.8505531254275941 0.5510718745724059
0 0.43106406271379705 0.6567640627137971 0.4289875005701254 0.6750453124287343 0.5548625005701254 0.6744531254275942 0.5524875005701254 0.6590296875712657 0.43106406271379705 0.6567640627137971
0 0.5661453124287343 0.635303125427594 0.4355187502850627 0.6293718745724058 0.43462656214367157 0.6300765621436716 0.4289875005701254 0.6471671870011402 0.5703 0.6507265621436715 0.5661453124287343 0.635303125427594
0 0.48984687457240594 0.5615843751425313 0.48955 0.5955609372862031 0.5714875005701254 0.5884421870011403 0.5703 0.5641218745724059 0.48984687457240594 0.5615843751425313
0 0.5697062497149373 0.6074234378563285 0.491925 0.6032718745724059 0.4889562497149373 0.6186953124287343 0.569114062713797 0.6240328129988598 0.5697062497149373 0.6074234378563285
0 0.42601875028506275 0.6121687502850627 0.472925 0.615728125427594 0.4753 0.6032718745724059 0.43136093728620295 0.5943734378563283 0.42601875028506275 0.6121687502850627
0 0.5697062497149373 0.30490468757126565 0.4987531254275941 0.299175 0.49786250057012543 0.31736093728620296 0.5720828129988598 0.3209203124287343 0.5697062497149373 0.30490468757126565
0 0.5673312497149373 0.3499859372862029 0.5697062497149373 0.33575 0.5168624994298746 0.33278281299885976 0.5168624994298746 0.3476125005701254 0.5673312497149373 0.3499859372862029
0 0.5717843751425313 0.40858593728620296 0.5661453124287343 0.3921015621436716 0.5103312497149373 0.3903218745724059 0.5121125005701254 0.4045578129988598 0.5717843751425313 0.40858593728620296
0 0.5144874994298746 0.3808312497149373 0.5661453124287343 0.3808312497149373 0.56555 0.36362812542759404 0.5085500000000001 0.3642218745724059 0.5144874994298746 0.3808312497149373
0 0.5771281254275941 0.8133187502850626 0.5780187502850627 0.8642687502850628 0.6463000000000001 0.8636765621436716 0.6498625005701254 0.8126625005701255 0.5771281254275941 0.8133187502850626