0 0.052546874572405936 0.29294843785632835 0.05135937514253136 0.25863593728620293 0.013359375142531358 0.2598234378563284 0.015734375142531357 0.2948203124287343 0.052546874572405936 0.29294843785632835
0 0.22532968757126567 0.07323749942987458 0.22236093728620296 0.056364062713797035 0.13982968757126568 0.06585624971493728 0.1427984378563284 0.08009062485746865 0.22532968757126567 0.07323749942987458
0 0.048093750285062714 0.11059843785632839 0.04601562485746864 0.09492031242873432 0.002078125427594071 0.09610781299885975 0.002078125427594071 0.11449531242873433 0.048093750285062714 0.11059843785632839
0 0.34467499999999995 0.10437187457240592 0.34526875028506276 0.1233937502850627 0.41236093728620293 0.11983437514253135 0.40820624971493724 0.10144531242873432 0.34467499999999995 0.10437187457240592
0 0.5806906248574686 0.02698281299885975 0.5803937502850627 0.043314062713797036 0.6712374994298747 0.04212812542759407 0.6736140627137971 0.02433281299885975 0.5806906248574686 0.02698281299885975
0 0.6207687502850626 0.006523437856328392 0.6201765621436717 0.02314687457240593 0.6712374994298747 0.02255312542759407 0.6706453124287343 0.005351562143671607 0.6207687502850626 0.006523437856328392
0 0.3562515621436716 0.22178749942987455 0.3535796875712657 0.25863593728620293 0.41473750057012543 0.2532984378563284 0.41651875028506274 0.22245312542759405 0.3562515621436716 0.22178749942987455
0 0.6575828129988597 0.4146421870011402 0.616614062713797 0.41582812542759406 0.6195828129988598 0.4905671870011402 0.6575828129988597 0.4852296875712657 0.6575828129988597 0.4146421870011402
0 0.8541140627137971 0.33475781299885976 0.851739062713797 0.36837499999999995 0.9022078129988598 0.36837499999999995 0.9051765621436716 0.33278281299885976 0.8541140627137971 0.33475781299885976
0 0.9093343751425315 0.36185 0.9514906248574686 0.35888281299885977 0.9514906248574686 0.2942281254275941 0.9123031254275941 0.2966 0.9093343751425315 0.36185
0 0.279360937286203 0.0029781254275940707 0.28143906271379704 0.04833124971493728 0.32151718700114024 0.04272031242873432 0.3191421870011403 0.000012500570125427595 0.279360937286203 0.0029781254275940707
0 0.6439265621436716 0.05811562485746864 0.6409578129988598 0.08187031242873433 0.6724265621436716 0.08305781299885975 0.6718328129988597 0.05992343785632839 0.6439265621436716 0.05811562485746864
0 0.7620828129988597 0.06288906271379703 0.8000828129988597 0.05814375028506272 0.797114062713797 0.017807812998859748 0.761489062713797 0.021959375142531358 0.7620828129988597 0.06288906271379703
0 0.8033484378563284 0.45662187457240594 0.8024578129988598 0.49116249942987456 0.863021874572406 0.4905671870011402 0.8582703124287344 0.45557187457240594 0.8033484378563284 0.45662187457240594
0 0.6385828129988598 0.7368203124287344 0.6415515621436716 0.7717328129988598 0.6914265621436716 0.7616499999999999 0.6902374994298747 0.730210937286203 0.6385828129988598 0.7368203124287344
0 0.6670828129988597 0.8800343751425314 0.6694578129988598 0.9140953124287344 0.7252703124287343 0.9135015621436715 0.7270515621436716 0.8767265621436716 0.6670828129988597 0.8800343751425314
0 0.5507062497149373 0.9520578129988597 0.6083000000000001 0.9449406248574687 0.6083000000000001 0.9117218745724059 0.5501125005701254 0.9182484378563285 0.5507062497149373 0.9520578129988597
0 0.4684718745724059 0.8159874994298746 0.529925 0.8108828129988598 0.5233937502850627 0.7752921870011402 0.4699562497149373 0.7830031254275941 0.4684718745724059 0.8159874994298746
0 0.20306406271379704 0.7030187502850628 0.20276718700114024 0.721314062713797 0.2805484378563284 0.7130093751425314 0.27817343785632836 0.6981796875712657 0.20306406271379704 0.7030187502850628
0 0.317064062713797 0.6318562497149373 0.31973749942987456 0.6667406248574687 0.35832968757126565 0.664960937286203 0.3613 0.6317453124287344 0.317064062713797 0.6318562497149373
0 0.17456406271379704 0.7990874994298747 0.17426718700114024 0.8162218745724059 0.2995484378563284 0.8096968745724059 0.2977687502850627 0.7942734378563284 0.17456406271379704 0.7990874994298747
0 0.27104843785632843 0.8280843751425314 0.2989546875712657 0.8274921870011402 0.3013296875712657 0.8126625005701255 0.2704546875712657 0.81385 0.27104843785632843 0.8280843751425314
0 0.9283343751425313 0.7746999999999999 0.929521874572406 0.7913093751425314 0.9633656248574687 0.7960531254275941 0.967521874572406 0.7812234378563284 0.9283343751425313 0.7746999999999999
0 0.9253656248574686 0.7954609372862029 0.9235828129988597 0.8120703124287343 0.9609906248574687 0.8180015621436716 0.9645531254275941 0.8043593751425314 0.9253656248574686 0.7954609372862029
0 0.9226937502850626 0.820435937286203 0.920614062713797 0.8328312497149373 0.9538656248574687 0.8399484378563283 0.9568343751425313 0.8263046875712657 0.9226937502850626 0.820435937286203
0 0.6448171870011403 0.7795171870011403 0.6415515621436716 0.803171874572406 0.6943953124287343 0.8096968745724059 0.7015203124287342 0.7806312497149372 0.6448171870011403 0.7795171870011403
0 0.8487703124287344 0.7350406248574687 0.8968656248574687 0.6145421870011402 0.8624281254275941 0.6026781254275941 0.8155218745724059 0.7207203124287344 0.8487703124287344 0.7350406248574687
0 0.8745999999999999 0.4503953124287343 0.8766765621436715 0.463875 0.9081453124287343 0.46328281299885976 0.910521874572406 0.45141875028506273 0.8745999999999999 0.4503953124287343
0 0.8656937502850628 0.48152812542759404 0.8689593751425313 0.4941265621436716 0.9087406248574685 0.49294218700114023 0.9051765621436716 0.47514531242873437 0.8656937502850628 0.48152812542759404
0 0.7027062497149372 0.06967812542759408 0.7027062497149372 0.08068437514253136 0.7418953124287344 0.07831093728620296 0.740114062713797 0.06526093728620297 0.7027062497149372 0.06967812542759408
0 0.7169578129988597 0.08746875028506271 0.7169578129988597 0.10441093728620297 0.7335828129988597 0.10381875028506271 0.7323953124287343 0.09076875028506272 0.7169578129988597 0.08746875028506271
0 0.7223015621436717 0.14528906271379705 0.725864062713797 0.16016875028506272 0.7413015621436717 0.1595765621436716 0.7413015621436717 0.14415468757126568 0.7223015621436717 0.14528906271379705
0 0.7890984378563284 0.1782 0.7893953124287343 0.18923593728620294 0.8072078129988597 0.19338750057012544 0.8042390627137971 0.1749984378563284 0.7890984378563284 0.1782
0 0.7695046875712657 0.15596249942987456 0.7692078129988597 0.16550781299885975 0.7816765621436716 0.16491562485746863 0.7822703124287343 0.15720468757126568 0.7695046875712657 0.15596249942987456