0 0.9590406419612315 0.3062881197263398 0.9344248734321551 0.29076607867730897 0.9122007502850626 0.3260956704675029 0.9363085792474344 0.3401861311288483 0.9590406419612315 0.3062881197263398
0 0.8292013397947549 0.6165491892816419 0.8027741151653365 0.659277409350057 0.8455292873432155 0.6911166898517673 0.8688049977194984 0.6421967023945268 0.8292013397947549 0.6165491892816419
0 0.7858585838084379 0.5847836294184721 0.7599827229190422 0.5736021961231471 0.7372978472063855 0.6095897194982897 0.7658229863169898 0.6309113705815279 0.7858585838084379 0.5847836294184721
0 0.594031921322691 0.5556930193842645 0.6223358882554162 0.567174527936146 0.634636409350057 0.5252835347776511 0.6052866887115165 0.5208114059293044 0.594031921322691 0.5556930193842645
0 0.983694787913341 0.40974216647662487 0.9569314583808438 0.4010641094640821 0.9484948312428735 0.42483193842645384 0.9766206499429875 0.4420167309007981 0.983694787913341 0.40974216647662487
0 0.15195428392246293 0.4305106396807298 0.14195942075256557 0.46105009350057014 0.16974623261117447 0.4731917354618016 0.17869020866590649 0.4394911641961231 0.15195428392246293 0.4305106396807298
0 0.21445387343215505 0.41386351995438997 0.2010708859749145 0.44601540136830103 0.22797003876852906 0.46065887001140254 0.239624755986317 0.4248292622576967 0.21445387343215505 0.41386351995438997
0 0.2555223694412771 0.7288643112884835 0.23367561687571264 0.726162873432155 0.22696673204104903 0.7688612485746865 0.24977350285062716 0.7696501824401368 0.2575384184720638 0.7313087115165336 0.2555223694412771 0.7288643112884835
0 0.4636013283922463 0.8319319270239453 0.4594211436716078 0.8611592189281642 0.4948099475484607 0.8621979019384265 0.49994950057012544 0.837040275940707 0.4636013283922463 0.8319319270239453
0 0.5561283500570126 0.8115963295324972 0.5451100011402509 0.838672197263398 0.5675975484606613 0.8514645074116306 0.578481621436716 0.8184230364880274 0.5561283500570126 0.8115963295324972
0 0.12637247434435575 0.13454406271379704 0.11211726795895097 0.12552662029646522 0.09315555530216647 0.18079789395667048 0.1041895062713797 0.18751734207525655 0.12637247434435575 0.13454406271379704
0 0.062492598631698974 0.10589677879133409 0.05248902964652224 0.14122454732041048 0.06255996237172178 0.1453702998859749 0.07704768757126569 0.11248456442417332 0.062492598631698974 0.10589677879133409
0 0.7531014606613454 0.8777421984036488 0.724136 0.8657452782212086 0.7099568620296465 0.8914130410490307 0.7395824561003421 0.9039271174458381 0.7531014606613454 0.8777421984036488
0 0.5568301527936146 0.9000466590649943 0.54071917331813 0.9343281220068415 0.5720388289623717 0.9460359851767388 0.5831060022805017 0.908485465222349 0.5568301527936146 0.9000466590649943