0 0 0.6364671870011402 0.04924687457240593 0.620414062713797 0.03145156214367161 0.5633437502850627 0 0.569289062713797 0 0.6364671870011402
0 0.2010984378563284 0.44384999999999997 0.27405937514253137 0.4379046875712657 0.26694218700114025 0.39510156214367165 0.19398124971493727 0.40164062485746865 0.2010984378563284 0.44384999999999997
0 0.4610687502850627 0.7271265621436716 0.5095500000000001 0.7155343751425314 0.49294218700114023 0.6525187502850628 0.4413343751425314 0.6638125005701254 0.4610687502850627 0.7271265621436716
0 0.48775468757126567 0.482789062713797 0.5178546875712657 0.47476406271379706 0.5065843751425314 0.4337437502850627 0.4721812497149373 0.44503906271379706 0.48775468757126567 0.482789062713797
0 0.562475 0.5505625005701255 0.5943734378563283 0.5413468745724059 0.5759843751425314 0.48487031242873435 0.5463281254275941 0.4961656248574686 0.562475 0.5505625005701255
0 0.44861562485746864 0.27233906271379704 0.482264062713797 0.26490624971493726 0.4704015621436716 0.2280484378563284 0.4413343751425314 0.23518281299885974 0.44861562485746864 0.27233906271379704
0 0.6798906248574687 0.6647046875712657 0.7124156248574687 0.6602453124287343 0.702925 0.6198203124287343 0.6714875005701254 0.631710937286203 0.6798906248574687 0.6647046875712657
0 0.8013921870011403 0.5556156248574686 0.837575 0.5496703124287343 0.8156281254275941 0.49200312542759406 0.783596874572406 0.505678125427594 0.8013921870011403 0.5556156248574686
0 0.7101343751425314 0.5675046875712657 0.7663953124287344 0.5478859372862029 0.7521578129988596 0.5110281254275941 0.6981796875712657 0.5247015621436716 0.7101343751425314 0.5675046875712657
0 0.5971656248574686 0.7592296875712656 0.6169156248574686 0.758339062713797 0.6175078129988597 0.7262343751425314 0.6056437502850628 0.7220734378563284 0.5971656248574686 0.7592296875712656
0 0.5740375005701254 0.6771890627137971 0.5842906248574686 0.6709468745724059 0.5593765621436716 0.6037687502850627 0.5439546875712657 0.6055531254275941 0.5740375005701254 0.6771890627137971
0 0.7786281254275941 0.8965578129988597 0.8340171870011402 0.8772375005701254 0.8203734378563283 0.8344328129988599 0.7652078129988598 0.8522687502850628 0.7786281254275941 0.8965578129988597
0 0.7818171870011403 0.76785 0.7687671870011403 0.733964062713797 0.7165671870011403 0.7506093751425313 0.7319906248574687 0.7839015621436716 0.7818171870011403 0.76785
0 0.888039062713797 0.419475 0.902825 0.4182875005701254 0.8856234378563284 0.361810937286203 0.8731671870011402 0.36418749942987455 0.888039062713797 0.419475
0 0.9111671870011402 0.41501718700114026 0.924771874572406 0.40580312542759406 0.906978125427594 0.35586562485746864 0.890960937286203 0.3629984378563284 0.9111671870011402 0.41501718700114026
0 0.8337781254275941 0.14303437514253137 0.8678281254275941 0.13174062485746865 0.8441015621436716 0.05921249942987457 0.81385 0.0687234378563284 0.8337781254275941 0.14303437514253137
0 0.8684687502850628 0.1145 0.9046046875712657 0.09488124971493729 0.8808781254275941 0.04375468757126568 0.850625 0.06456250057012543 0.8684687502850628 0.1145
0 0.8311093751425314 0.06634531242873432 0.8494390627137971 0.05505 0.837575 0.009275 0.8156281254275941 0.02294687457240593 0.8311093751425314 0.06634531242873432
0 0.8560156248574686 0.058320312428734325 0.8779109372862031 0.04137656214367161 0.8541843751425313 0.0015453124287343216 0.837575 0.0021390627137970355 0.8560156248574686 0.058320312428734325
0 0.541125 0.05386093728620296 0.5967468745724058 0.04137656214367161 0.5920015621436716 0.0057062497149372865 0.53565 0.015814062713797036 0.541125 0.05386093728620296
0 0.9538624994298746 0.8252187502850628 0.9657031254275941 0.8219484378563284 0.9579906248574687 0.7916296875712656 0.943160937286203 0.7928187502850628 0.9538624994298746 0.8252187502850628