0 0.5914965416191562 0.06909447434435576 0.5776030376282782 0.11956771607753706 0.6122543865450399 0.1314688141391106 0.620307709236032 0.07998130900798175 0.5914965416191562 0.06909447434435576
0 0.3804399076396807 0.017891451539338656 0.3678787571265678 0.07356739794754846 0.42393325655644243 0.08845159635119727 0.42960118700114025 0.034923086659064996 0.3804399076396807 0.017891451539338656
0 0.48687836488027364 0.10116979019384265 0.47651423603192705 0.15114701140250855 0.5176317263397948 0.16213935119726341 0.5285364207525656 0.11174218700114026 0.48687836488027364 0.10116979019384265
0 0.33130625313568984 0.4063632394526796 0.31346332611174454 0.4585875518814139 0.3771413021664766 0.4807866431014823 0.3908473762827822 0.43111289167616873 0.33130625313568984 0.4063632394526796
0 0.40716334435575824 0.5322750889395667 0.39943909578107184 0.5669058711516534 0.4507982417331813 0.5782560182440137 0.4608489771949829 0.5452358757126567 0.40716334435575824 0.5322750889395667
0 0 0.48006919270239456 0.02831589281641961 0.49027768529076393 0.04522192246294185 0.44417458608893956 0.003607298745724059 0.42965618015963514 0 0.44963757126567844 0 0.48006919270239456
0 0.524823755986317 0.5930113181299885 0.5202044161915621 0.6284033261117447 0.5588975735461802 0.6349444378563284 0.5681547958950969 0.5984225267958951 0.524823755986317 0.5930113181299885
0 0.6413210695553022 0.09084535575826683 0.6348551801596352 0.12589729418472065 0.7066721573546181 0.15054687799315847 0.7151885530216648 0.11515311288483465 0.6413210695553022 0.09084535575826683
0 0.39161082326111746 1 0.39522040136830106 0.9933903933865451 0.36031272862029645 0.9839205039908779 0.35223474116305586 1 0.39161082326111746 1
0 0.7379701961231472 0.36897772519954386 0.7359703637400228 0.3974108825541619 0.7546828871151654 0.40256930330672747 0.7624312736602052 0.3681102713797036 0.7379701961231472 0.36897772519954386
0 0.7139761140250855 0.3603692166476625 0.7093567742303307 0.3957612234891676 0.7272436088939567 0.3950445701254276 0.7329564754846066 0.3589008700114025 0.7139761140250855 0.3603692166476625