0 0.6955664868871151 0.0223461755986317 0.6500498278221208 0.029473786773090076 0.6512451847206385 0.08602009122006841 0.7000255530216648 0.06955048688711517 0.6955664868871151 0.0223461755986317
0 0.5890176636259977 0.003979045610034208 0.525463425313569 0.003918415051311288 0.5314286681870012 0.06012013454960091 0.5866951117445838 0.05647631242873432 0.5890176636259977 0.003979045610034208
0 0.3549586442417332 0.36718178677309005 0.34559679817559863 0.3191259669327252 0.308979961231471 0.32463901938426454 0.31252776168757124 0.37209442075256555 0.3549586442417332 0.36718178677309005
0 0.29727281299885977 0.49318073318129985 0.2952911881413911 0.394972118586089 0.2571441220068415 0.39594730444697834 0.26335283922462943 0.49437588711516534 0.29727281299885977 0.49318073318129985
0 0 0.6662914378563284 0.03407429304446978 0.6530015781071835 0.015889915621436716 0.603294259977195 0 0.6092018141391106 0 0.6662914378563284
0 0.629012149372862 0.6122370410490308 0.5777898072976054 0.6149052394526796 0.5809162269099202 0.6685799236031927 0.6313459726339795 0.6661674686431015 0.629012149372862 0.6122370410490308
0 0.9240462257696693 0.2983086408209806 0.9331949920182441 0.3844054424173318 0.9997552485746865 0.36708394982896236 0.9902642953249714 0.2928605108323831 0.9240462257696693 0.2983086408209806
0 0.9246650980615735 0.45649532041049035 0.9529104629418472 0.4502478175598632 0.9497875267958951 0.4191667810718358 0.9202370228050171 0.4226719064994299 0.9246650980615735 0.45649532041049035
0 0.5006815952109464 0.20477326111744584 0.49181598061573545 0.13593367844925883 0.47036626111744584 0.13718780615735462 0.4831928620296465 0.20980236374002278 0.5006815952109464 0.20477326111744584
0 0.5555230216647663 0.21240389737742305 0.5395914948688711 0.2103798323831243 0.5460203329532497 0.24639064310148234 0.5615723603192703 0.24690840820980614 0.5555230216647663 0.21240389737742305
0 0.5547868472063854 0.20641810376282782 0.5562402565564424 0.21006322576966932 0.5475344572405929 0.17214939110604335 0.5344712668187 0.1720593432155074 0.5381249908779931 0.20435732725199543 0.5547868472063854 0.20641810376282782
0 0.545999882554162 0.13342068871151655 0.5316590752565564 0.1350489418472064 0.534346007981756 0.16313430672748003 0.5524419521094641 0.16616365108323833 0.545999882554162 0.13342068871151655