0 0.47140113911060433 0.04641688483466363 0.4591411242873432 0.0012619258836944127 0.4273486305587229 0.005165554161915622 0.43522946636259974 0.05474656556442417 0.47140113911060433 0.04641688483466363
0 0.33735459293044473 0.5279863443557582 0.38337016191562145 0.5133632086659065 0.3403982109464082 0.3726765153933866 0.30158685404789054 0.3786367936145952 0.33735459293044473 0.5279863443557582
0 0.4511907035347777 0.5205893261117446 0.4835829669327252 0.5118263854047891 0.4736913432155074 0.4556128643101482 0.4311679258836944 0.46322691904218927 0.4511907035347777 0.5205893261117446
0 0.6623235347776512 0.46355860889395667 0.7008288095781071 0.45105403876852906 0.6763954538198403 0.38346384720638543 0.6417095689851768 0.3969965507411631 0.6623235347776512 0.46355860889395667
0 0.7918662474344356 0.40398350969213226 0.7657970353477765 0.3084799281641961 0.7332112668187002 0.32474424059293044 0.754248629418472 0.4139862531356899 0.7918662474344356 0.40398350969213226
0 0.9108038825541619 0.38459413340935006 0.8624810045610034 0.2343933238312429 0.8181944389965792 0.2577772987457241 0.8594077936145953 0.4040653751425314 0.9108038825541619 0.38459413340935006
0 0.7829861539338654 0.6431625883694413 0.8121439064994299 0.6324039589509692 0.8009318266818699 0.5751545769669327 0.7649241060433295 0.5885504766248575 0.7829861539338654 0.6431625883694413
0 0.6864127309007982 0.8057689714937286 0.69759403990878 0.8432796602052451 0.7301385564424173 0.8309103454960092 0.7213143546180159 0.7931086647662485 0.6864127309007982 0.8057689714937286
0 0.5520062269099202 0.33413192930444696 0.5161445860889395 0.3487047377423033 0.5468921060433295 0.4714506123147092 0.5834509623717218 0.4636715997719498 0.5520062269099202 0.33413192930444696
0 0.732658157354618 0.07266393044469784 0.7272946282782212 0.03384069669327252 0.6551872850627137 0.06153794754846066 0.6663171356898518 0.09696279931584949 0.732658157354618 0.07266393044469784
0 0.6019846351197263 0 0.615191259977195 0.021284066134549598 0.6649552006841505 0.007995314709236033 0.6634284595210946 0 0.6019846351197263 0