0 0.7849285724059293 0.10176367844925883 0.6489414047890536 0.1493671858608894 0.6698754047890536 0.18480573090079816 0.7989191505131129 0.14007012086659065 0.7849285724059293 0.10176367844925883
0 0.8102489201824401 0.1743946590649943 0.7631710490307868 0.19078106043329532 0.7703241698973774 0.21646966020524516 0.8193601949828963 0.19399433181299885 0.8102489201824401 0.1743946590649943
0 0.8617417605473204 0.8716449167616875 0.8172773409350056 0.8708853728620297 0.8169262006841506 0.9340026795895098 0.8565691436716077 0.93896817331813 0.8617417605473204 0.8716449167616875
0 0.8280354868871153 0.9481058392246294 0.7736771231470925 0.9370269498289624 0.770788488027366 0.9723457354618016 0.8300483968072976 0.9768917970353478 0.8280354868871153 0.9481058392246294
0 0.5066567719498289 0.6964861516533637 0.4927838255416192 0.6918034116305587 0.48654689965792475 0.7303323318129988 0.5063461037628278 0.7325190353477764 0.5066567719498289 0.6964861516533637
0 0.48673809920182437 0.6925237696693273 0.4696346636259977 0.6928253911060434 0.46576861915621437 0.7311900900798175 0.48286726567844923 0.7288040364880274 0.48673809920182437 0.6925237696693273
0 0.46338974914481185 0.6905852451539339 0.44640444127708095 0.6926657742303307 0.444149527936146 0.7285354458380843 0.4604363283922463 0.731562961231471 0.46338974914481185 0.6905852451539339
0 0.4549784652223489 0.2894103705815279 0.44439203762827817 0.2892578449258837 0.44403839794754846 0.3267817331812999 0.45901622690992017 0.328113614595211 0.4549784652223489 0.2894103705815279
0 0.43287120182440136 0.30524262371721783 0.41741574800456105 0.3036434082098062 0.41482959977194983 0.3347762098061573 0.4311577092360319 0.33839446978335236 0.43287120182440136 0.30524262371721783
0 0.401261015963512 0.31280825541619156 0.38761319840364883 0.31168097149372864 0.38586931014823256 0.34632450969213224 0.4026655781071836 0.34812599885974915 0.401261015963512 0.31280825541619156
0 0.35730251995438994 0.3209413329532497 0.35500618814139107 0.35621870011402507 0.37200954618015963 0.36098170809578106 0.37397453363740024 0.32096591106043326 0.35730251995438994 0.3209413329532497
0 0.2676663283922463 0.46946207639680726 0.29421426111744586 0.5426024150513113 0.33941993272519955 0.5334893272519954 0.3146919965792474 0.46081848916761686 0.2676663283922463 0.46946207639680726
0 0.5262420022805017 0.031763224629418475 0.5129452360319271 0.0350738244013683 0.52055378677309 0.15239292474344357 0.5370600205245154 0.1500467297605473 0.5262420022805017 0.031763224629418475
0 0.6028973774230331 0.15764609806157354 0.5901079635119726 0.15943165336374002 0.5834171083238313 0.19144668301026227 0.600337629418472 0.1950250843785633 0.6028973774230331 0.15764609806157354
0 0.5640529304446978 0.1529223671607754 0.5585987765108323 0.17711018814139112 0.5748442679589509 0.17954695781071836 0.5789464754846066 0.15307130900798177 0.5640529304446978 0.1529223671607754
0 0.5040036921322691 0.04343667616875713 0.487290259977195 0.04281979361459521 0.49296462257696694 0.12396695210946408 0.5064141584948689 0.12897846864310147 0.5040036921322691 0.04343667616875713
0 0.3977948084378563 0.08449231812998859 0.38063770353477766 0.0842056259977195 0.3757467206385405 0.18454121550741162 0.3932181277080958 0.18748589623717218 0.3977948084378563 0.08449231812998859
0 0.45010720980615737 0.17517345952109464 0.43305009007981754 0.1781533740022805 0.4321015381984037 0.19012370125427594 0.44461341391106046 0.19877198403648802 0.45010720980615737 0.17517345952109464
0 0.35804413911060434 0.10334235233751425 0.34502224857468644 0.10276649828962373 0.33603495324971494 0.17005733751425314 0.3518537023945268 0.17490318129988597 0.35804413911060434 0.10334235233751425
0 0.3445937810718358 0.19029084150513112 0.34934032953249716 0.2411461197263398 0.35988065906499433 0.2386234686431015 0.3572009475484607 0.19179006157354617 0.3445937810718358 0.19029084150513112
0 0.31841616533637396 0.12396940706955531 0.30665236488027364 0.12449597833523375 0.30347380501710375 0.1556686385404789 0.31878308779931586 0.16174050741163057 0.31841616533637396 0.12396940706955531
0 0.5203392326111744 0.20270231698973776 0.5032975872291904 0.20359638540478905 0.5067172018244014 0.2354980558722919 0.5216951413911061 0.236831496009122 0.5203392326111744 0.20270231698973776
0 0.48925391220068415 0.2837399977194983 0.4996186180159635 0.3127752212086659 0.5453063511972635 0.29351002736602055 0.5403552155074116 0.26528664994298745 0.48925391220068415 0.2837399977194983
0 0.4724247628278221 0.20694562257696691 0.42018602280501716 0.20702731242873432 0.4232328779931585 0.23359824971493728 0.47307235461801594 0.23963633181299887 0.4724247628278221 0.20694562257696691
0 0.6456754458380844 0.06715881527936146 0.6160008289623716 0.07845946522234891 0.6278706989737742 0.12048540022805017 0.6666421984036488 0.11301106727480045 0.6456754458380844 0.06715881527936146
0 0.7433000843785633 0.04604900456100342 0.7225871710376283 0.05315022462941847 0.7387978038768529 0.10618142303306728 0.7574263044469783 0.10011562485746864 0.7433000843785633 0.04604900456100342
0 0.7012233819840364 0.8998342166476625 0.6651250171037629 0.8916432976054732 0.6634086442417332 0.9352144754846066 0.6989023443557583 0.9404701117445838 0.7012233819840364 0.8998342166476625
0 0.7002112063854048 0.9421641870011404 0.662968 0.9459588848346636 0.6599426602052452 0.9878344298745724 0.6991118791334093 0.9860477708095782 0.7002112063854048 0.9421641870011404