0 0.13940937514253135 0.332503125427594 0.08655781299885976 0.2956843751425314 0.059925000000000006 0.32223437514253134 0.11319218700114025 0.36040156214367164 0.13940937514253135 0.332503125427594
0 0.06658281299885975 0.37193906271379706 0.054931249714937284 0.39690937514253133 0.1048687502850627 0.4168218745724059 0.10819843785632839 0.3935906248574686 0.06658281299885975 0.37193906271379706
0 0.8780687502850627 0.28684062485746864 0.870578125427594 0.22266875028506272 0.8306281254275941 0.2293062497149373 0.8356218745724059 0.28738593728620293 0.8780687502850627 0.28684062485746864
0 0.811485937286203 0.7766718745724059 0.8389515621436716 0.8449531254275942 0.9321687502850626 0.8184015621436715 0.9171875005701254 0.7570031254275941 0.811485937286203 0.7766718745724059
0 0.18726562485746864 0.519303125427594 0.12484375028506273 0.4881765621436716 0.11485624971493728 0.5014515621436716 0.1847687502850627 0.5396187502850628 0.18726562485746864 0.519303125427594
0 0.5867671870011403 0.06890781299885976 0.5742828129988597 0.10319062485746863 0.6158968745724059 0.11480624971493729 0.6292140627137971 0.0783 0.5867671870011403 0.06890781299885976
0 0.7754187502850627 0.13698593728620298 0.693578125427594 0.11622968757126569 0.6880281254275941 0.15359062485746866 0.7670968745724059 0.17019531242873434 0.7754187502850627 0.13698593728620298
0 0.7754187502850627 0.22139218700114024 0.7407406248574687 0.2144734378563284 0.7296421870011403 0.24629843785632838 0.764321874572406 0.25321718700114026 0.7754187502850627 0.22139218700114024
0 0.5590234378563284 0.5783859372862029 0.597864062713797 0.5839218745724059 0.6047984378563284 0.536875 0.5631843751425313 0.5271890627137971 0.5590234378563284 0.5783859372862029
0 0.6588984378563284 0.49951562485746864 0.5728953124287344 0.48706250057012546 0.5701218745724059 0.5230390627137971 0.6547359372862029 0.5382593751425313 0.6588984378563284 0.49951562485746864
0 0.619760937286203 0.005943750285062714 0.6705906248574687 0.02520312542759407 0.6726718745724058 0.0012 0.6203562497149372 0.0006046875712656784 0.619760937286203 0.005943750285062714
0 0.749064062713797 0.6701062497149373 0.7814625005701255 0.6697078129988597 0.7868140627137971 0.6388625005701255 0.7511453124287344 0.641235937286203 0.749064062713797 0.6701062497149373