0 0.5960676647662486 0.762478117445838 0.5915999669327252 0.816766818700114 0.6436944857468644 0.8179247445838085 0.6531996237172178 0.7732065872291904 0.5960676647662486 0.762478117445838
0 0.7188063819840365 0.1384510684150513 0.7153186636259977 0.20144627822120867 0.8176915917901939 0.21895721094640822 0.8313174104903079 0.14820181641961233 0.7188063819840365 0.1384510684150513
0 0.6930934515393387 0.06641527023945268 0.7029724743443557 0.03324756442417332 0.6407133797035347 0.020013985176738882 0.6352973443557582 0.06546233409350057 0.6930934515393387 0.06641527023945268
0 0.2745824686431015 0.5978302611174459 0.2655339566704675 0.6936379087799315 0.32226529646522234 0.6929492177879133 0.32823109578107185 0.6049861231470923 0.2745824686431015 0.5978302611174459
0 0.3484570022805017 0.4166571345496009 0.3500350535917902 0.5090575256556442 0.3709137092360319 0.5106632177879133 0.37696582326111744 0.41563556556442416 0.3484570022805017 0.4166571345496009
0 0.31182650171037624 0.41595238768529075 0.30588870695553017 0.5237516488027366 0.3264792109464082 0.5267129920182441 0.33221516761687575 0.41320482668187 0.31182650171037624 0.41595238768529075
0 0.2715656339794755 0.44563660433295327 0.2677034481185861 0.5170520205245154 0.2885821049030787 0.5186577137970354 0.2870293261117446 0.44609131128848345 0.2715656339794755 0.44563660433295327
0 0.1995248779931585 0.27877305701254274 0.19640977423033068 0.33334926225769673 0.21564800912200682 0.336021574686431 0.21470074230330674 0.28058188711516535 0.1995248779931585 0.27877305701254274
0 0.22909846408209805 0.27939311402508554 0.22975757810718359 0.33618845381984036 0.2452215952109464 0.33664163169897376 0.24562845267958952 0.2814897708095781 0.22909846408209805 0.27939311402508554
0 0.4056592269099202 0.20077957924743442 0.3964670638540479 0.33054792018244017 0.4219810125427594 0.3303066716077537 0.43252729874572404 0.200826157354618 0.4056592269099202 0.20077957924743442
0 0.9365335210946407 0.23197531470923605 0.9386063340935005 0.1480408574686431 0.9256326031927025 0.14346216191562144 0.9175219350057012 0.2358270661345496 0.9365335210946407 0.23197531470923605
0 0.9607288563283922 0.2322636716077537 0.9614319475484607 0.20327641163055873 0.9479264367160776 0.20404781413911058 0.9498411311288484 0.237839007981756 0.9607288563283922 0.2322636716077537
0 0.38299797035347777 0.1914101698973774 0.362776165336374 0.18953995096921322 0.36386286431014825 0.22437077651083237 0.3825333888255416 0.225911259977195 0.38299797035347777 0.1914101698973774