0 0.845345684150513 0.800353251995439 0.8876891835803877 0.7695934469783352 0.8567688095781072 0.7236487286202965 0.8152095575826681 0.7567441277080957 0.845345684150513 0.800353251995439
0 0.7779096237172177 0.8056695564424172 0.8038841128848346 0.7799311322690992 0.7797274321550741 0.7496851949828963 0.7495191584948688 0.7780237605473204 0.7779096237172177 0.8056695564424172
0 0.6526527297605473 0.9204463557582668 0.6619774161915623 0.9056865496009122 0.6249750661345496 0.8796812120866591 0.6142916066134549 0.9001605963511973 0.6526527297605473 0.9204463557582668
0 0.5559576750285062 0.6508234127708097 0.5096462690992017 0.6880325324971494 0.550052661345496 0.7308045689851768 0.5708818517673888 0.7089031870011402 0.5814806727480045 0.7184553295324971 0.5958844264538199 0.7099695530216648 0.5559576750285062 0.6508234127708097
0 0.7333405096921323 0.5446115393386545 0.7651655256556442 0.5851577651083238 0.7940705005701254 0.5586711961231471 0.7700691927023945 0.5313899395667047 0.7333405096921323 0.5446115393386545
0 0.9036981698973774 0.49703675940706954 0.9256174891676169 0.4845912850627138 0.9057931277080958 0.4576856875712657 0.8846810456100342 0.4677105974914481 0.9036981698973774 0.49703675940706954
0 0.9389613112884835 0.4785408814139111 0.9549575074116305 0.46640582326111746 0.9365996510832383 0.433477724059293 0.9191430228050171 0.44539203648802733 0.9389613112884835 0.4785408814139111
0 0.7510215165336374 0.3379639224629419 0.7736605895096921 0.3165622531356898 0.7395290992018243 0.2773260353477765 0.7161203352337515 0.2937142405929304 0.7510215165336374 0.3379639224629419
0 0.8694449030786774 0.4441319327251996 0.8914893979475484 0.42275986088939566 0.8721337571265678 0.39345300456100346 0.8516369885974914 0.4150396818700114 0.8694449030786774 0.4441319327251996
0 0.4702867251995439 0.09285177765108324 0.49640614025085517 0.13785897377423034 0.5172603181299886 0.1364672063854048 0.49931495553021665 0.08003217559863171 0.4702867251995439 0.09285177765108324
0 0.08355058950969213 0.2165740399087799 0.11419921778791335 0.20069825769669328 0.09461461915621436 0.16218608209806157 0.06092248004561003 0.18148990992018244 0.08355058950969213 0.2165740399087799
0 0.09831540820980615 0.46432834777651083 0.11361856214367161 0.49563440935005704 0.14305180501710377 0.47922775712656784 0.1228559110604333 0.446098701254276 0.09831540820980615 0.46432834777651083
0 0.18306219726339795 0.4152945952109464 0.1918492132269099 0.44694058722919044 0.22150306499429873 0.4418191060433295 0.21446077651083237 0.4023538985176739 0.18306219726339795 0.4152945952109464
0 0.39317626567844927 0.876966717217788 0.41447557354618014 0.8526608745724059 0.37650651539338653 0.8308697206385405 0.36164807069555305 0.8554294458380844 0.39317626567844927 0.876966717217788
0 0.001299340935005701 0.43790080843785634 0.01413908779931585 0.4675522770809578 0.03472542873432155 0.46409513340935005 0.02169000684150513 0.43029196579247436 0.001299340935005701 0.43790080843785634
0 0.41270180615735463 0.8301603705815279 0.4237426351197264 0.8028263272519955 0.4057567092360319 0.7883102451539338 0.3862946932725199 0.8157883409350057 0.41270180615735463 0.8301603705815279
0 0.44994430900798177 0.9060981299885975 0.4600173033067275 0.8942719315849487 0.43127474686431017 0.8785374492588369 0.42265426567844927 0.8977180216647663 0.44994430900798177 0.9060981299885975
0 0.2466214298745724 0.301969102622577 0.25391086659064993 0.3390446636259977 0.2686566031927024 0.33708430786773086 0.2607430729760547 0.2994453249714937 0.2466214298745724 0.301969102622577
0 0.3020171539338654 0.3276050478905359 0.293169550741163 0.29477310034207527 0.2789515621436716 0.29551823375142533 0.285993566704675 0.32963393728620294 0.3020171539338654 0.3276050478905359
0 0.5908551299885975 0.22863404903078677 0.6137723135689852 0.21256888939566704 0.5909242428734321 0.18463263055872292 0.5695676157354618 0.19972415735461801 0.5908551299885975 0.22863404903078677
0 0.542694795895097 0.3637475484606613 0.5522992337514253 0.3543257286202965 0.5270513831242873 0.3259191060433295 0.5160599863169898 0.33452176624857466 0.542694795895097 0.3637475484606613
0 0.5457029464082098 0.32226607639680727 0.5468465917901938 0.32963820182440134 0.566453432155074 0.352393244013683 0.5791126522234892 0.344595023945268 0.5562024332953249 0.3154728905359179 0.5457029464082098 0.32226607639680727
0 0.7778676510832383 0.32882763283922467 0.7611207058152794 0.3493275062713797 0.786028134549601 0.3712086271379703 0.8037720319270238 0.35154991676168756 0.7778676510832383 0.32882763283922467