0 0.8109525997719498 0.14462412884834663 0.7624254139110604 0.1250218403648803 0.7437344606613455 0.1746261755986317 0.7920657263397948 0.19668440820980615 0.8109525997719498 0.14462412884834663
0 0.7271359863169897 0.15486779817559865 0.6957063614595211 0.1361777126567845 0.6748473386545041 0.16987058608893957 0.711014015963512 0.19005933181299883 0.7271359863169897 0.15486779817559865
0 0.559021534777651 0.06717819156214366 0.5464031117445838 0.055112660205245155 0.5140890478905359 0.0840762417331813 0.5294095735461801 0.10136273774230331 0.559021534777651 0.06717819156214366
0 0.518238102622577 0.2801542588369441 0.49272920410490306 0.26394247890535916 0.46387054732041044 0.3152191927023945 0.5178080068415051 0.3401193010262258 0.5422400171037628 0.2730708985176739 0.5262112212086659 0.26832176966932725 0.518238102622577 0.2801542588369441
0 0.7366874481185861 0.3532224378563284 0.7156167913340935 0.40026343557582666 0.7544530695553022 0.4042068255416192 0.771141503990878 0.371929496009122 0.7366874481185861 0.3532224378563284
0 0.916702535917902 0.41198481984036484 0.8924234823261118 0.40521179247434436 0.8810658882554162 0.43826750171037626 0.9039760957810717 0.44288715393386546 0.916702535917902 0.41198481984036484
0 0.9495704914481186 0.4225321037628278 0.9311137149372862 0.41462733865450396 0.9199035461801596 0.45158599885974915 0.9397239703534778 0.45892326567844927 0.9495704914481186 0.4225321037628278
0 0.809909307867731 0.6117843728620297 0.7827651790193842 0.5964953135689852 0.7596056795895096 0.6478739486887116 0.7862837685290764 0.6581122622576967 0.809909307867731 0.6117843728620297
0 0.8985465712656785 0.4802359201824401 0.8719865199543899 0.46483173546180157 0.8617456282782212 0.4973679464082098 0.8868558460661345 0.5133547901938427 0.8985465712656785 0.4802359201824401
0 0.5841227366020524 0.8522533238312429 0.5696674059293044 0.9022424720638541 0.600934717217788 0.9076587126567845 0.6046941550741163 0.8485586670467503 0.5841227366020524 0.8522533238312429
0 0.19806679475484607 0.8837448586088941 0.16448786202964652 0.8757552291904219 0.15101952337514252 0.9152714458380843 0.1883808802736602 0.925851 0.19806679475484607 0.8837448586088941
0 0.12615187457240593 0.5977100433295325 0.11887691106043329 0.6317883489167617 0.14709860661345497 0.6435396123147092 0.1586799521094641 0.6065088015963512 0.12615187457240593 0.5977100433295325
0 0.21383884150513113 0.6260317434435576 0.21296869669327254 0.6588634868871152 0.2465652417331813 0.6638237856328392 0.24385084606613455 0.6238271790193843 0.21383884150513113 0.6260317434435576
0 0.33169962713797035 0.1785048928164196 0.30515288483466363 0.16007380615735461 0.2797715484606613 0.18859868871151653 0.30013016875712656 0.20883430216647664 0.33169962713797035 0.1785048928164196
0 0.036421047890535914 0.6490242793614596 0.031136035347776512 0.680901189281642 0.052761757126567846 0.6833510672748005 0.05723224515393387 0.6473984446978335 0.036421047890535914 0.6490242793614596
0 0.3527474857468643 0.22461723489167618 0.33542191334093496 0.20076614823261116 0.3132761128848347 0.22109972633979474 0.33880757696693276 0.24305331698973773 0.3527474857468643 0.22461723489167618
0 0.36582194754846065 0.12711231927023944 0.3531871482326112 0.11807428734321551 0.32873506727480045 0.13280753021664768 0.34173968301026225 0.14933287457240593 0.36582194754846065 0.12711231927023944
0 0.30015938540478904 0.7157086248574687 0.3020558665906499 0.7534463568985177 0.3163685929304447 0.7524788335233752 0.3149413637400228 0.7140434332953249 0.30015938540478904 0.7157086248574687
0 0.34896217901938426 0.7491675974914481 0.3496042041049031 0.7151704709236032 0.3335657525655644 0.7170783044469783 0.3349862611174459 0.7518842405929305 0.34896217901938426 0.7491675974914481
0 0.679928669327252 0.7513691641961231 0.653805709236032 0.7413253762827822 0.6401444618015963 0.7745264378563284 0.6645176761687571 0.7840030456100342 0.679928669327252 0.7513691641961231
0 0.5859875188141391 0.6286947936145951 0.5743890296465222 0.6218763660205245 0.5556157434435576 0.6566775610034207 0.5683618209806157 0.6623656259977194 0.5859875188141391 0.6286947936145951
0 0.614358534777651 0.6316497012542759 0.6001887867730901 0.6271456647662486 0.5866692976054732 0.6539681083238312 0.5873431014823262 0.6613979224629418 0.5991741288483466 0.6654492656784493 0.614358534777651 0.6316497012542759
0 0.7898152805017103 0.5830260604332953 0.8110241379703534 0.5988655473204105 0.8306620296465222 0.5705513751425314 0.8086893295324972 0.5557692497149372 0.7898152805017103 0.5830260604332953