0 0.42535727251995437 0.4822697001140251 0.3542529464082098 0.41762116419612316 0.287416157354618 0.4927689942987457 0.355539102622577 0.5554927993158495 0.42535727251995437 0.4822697001140251
0 0.1667521801596351 0.09270609920182439 0.1434017936145952 0.07787502508551881 0.12176118358038769 0.10695370809578107 0.1497881835803877 0.12718649258836945 0.1667521801596351 0.09270609920182439
0 0.5667728791334093 0.4944790604332953 0.5356625758266819 0.46757037058152795 0.4872655724059293 0.5301577981755986 0.5206071220068416 0.5572468358038768 0.5667728791334093 0.4944790604332953
0 0.6371919110604334 0.3647408118586089 0.6575859771949829 0.3345367628278221 0.6285947423033068 0.3140572303306728 0.6115351299885975 0.3512213067274801 0.6371919110604334 0.3647408118586089
0 0.9017284709236032 0.5274627936145952 0.8679924241733182 0.5411221208665906 0.8895258814139111 0.600639212086659 0.9238425815279361 0.586057606613455 0.9017284709236032 0.5274627936145952
0 0.7550577958950969 0.4376408449258837 0.7707457708095781 0.4082795610034207 0.741412716077537 0.3812777297605473 0.7187202257696693 0.41130338654503995 0.7550577958950969 0.4376408449258837
0 0.9671856202964652 0.9717427753705816 0.948955543899658 0.9185927742303307 0.9080809874572405 0.9320316499429875 0.9292491858608894 0.9781901767388825 0.9671856202964652 0.9717427753705816
0 0.8522596248574686 0.8416088814139111 0.8036821767388825 0.866748181299886 0.8215714789053592 0.902080661345496 0.8704052223489167 0.875144236031927 0.8522596248574686 0.8416088814139111
0 0.9180676271379703 0.6918970820980616 0.9540184868871152 0.6751488563283923 0.9354780969213228 0.6211232702394527 0.9016474332953249 0.6392467924743443 0.9180676271379703 0.6918970820980616
0 0.9680134583808438 0.14881697149372863 0.9821490638540479 0.14629089623717217 0.9794301299885976 0.09441053249714937 0.9563305142531356 0.09591841391106043 0.9680134583808438 0.14881697149372863
0 0.3749906510832383 0.5752847217787913 0.38783623831242875 0.5710425587229191 0.38400303192702395 0.5545956339794755 0.36856793272519955 0.562539330672748 0.3749906510832383 0.5752847217787913
0 0.4272668403648802 0.6094064971493728 0.4416101687571266 0.5997378871151654 0.4163002508551882 0.5701469532497149 0.40073014823261116 0.5813662668187002 0.4272668403648802 0.6094064971493728
0 0.45149671721778795 0.5843540695553022 0.4648094629418472 0.5777107309007982 0.4460466761687571 0.5483712394526796 0.4315428449258837 0.5574552611174458 0.45149671721778795 0.5843540695553022
0 0.45055343557582667 0.623050220068415 0.4596892348916762 0.6160312189281641 0.44881230444697834 0.6011425689851768 0.43980964994298744 0.6132099578107183 0.45055343557582667 0.623050220068415
0 0.4697407229190422 0.5471294868871152 0.48183964310148236 0.5399551972633979 0.47039928962371724 0.5256906396807297 0.46023455074116304 0.5357363876852907 0.4697407229190422 0.5471294868871152
0 0.5952093933865451 0.6517391413911061 0.5802446579247434 0.6495505849486887 0.5808626647662486 0.6840029578107183 0.5950177742303308 0.6853420957810719 0.5952093933865451 0.6517391413911061
0 0.7345019977194982 0.1360830661345496 0.7197236271379703 0.13745056670467504 0.7181544960091221 0.1981799794754846 0.7334797423033068 0.2000523591790194 0.7345019977194982 0.1360830661345496
0 0.7229306579247434 0.5273201516533638 0.7084631128848347 0.5346185769669327 0.7168782770809579 0.5478541128848347 0.7282372405929304 0.5419061664766248 0.7229306579247434 0.5273201516533638
0 0.6991097924743443 0.5374870228050171 0.6864505701254277 0.5452852428734322 0.6917488015963511 0.5557113055872291 0.7056535404789054 0.5529000478905359 0.6991097924743443 0.5374870228050171
0 0.6750092565564424 0.5423174686431015 0.6632857514253135 0.5453101299885975 0.6687719076396808 0.5592921687571266 0.679938630558723 0.5551395564424173 0.6750092565564424 0.5423174686431015
0 0.7037576248574686 0.1614769030786773 0.6957749817559863 0.16783933979475485 0.7043444766248574 0.19533477765108326 0.7160435621436716 0.19026398403648803 0.7037576248574686 0.1614769030786773
0 1 0.49750956670467505 0.9486504469783352 0.516085244013683 0.9628935051311288 0.5498235564424173 1 0.5333514823261117 1 0.49750956670467505