0 0.7769265621436716 0.4164218745724059 0.8772703124287344 0.4174812497149373 0.8796453124287343 0.3612562497149373 0.782864062713797 0.363035937286203 0.7769265621436716 0.4164218745724059
0 0.8855828129988598 0.962735937286203 0.8107703124287343 0.947314062713797 0.8036453124287343 0.9894281254275941 0.870739062713797 0.9983265621436715 0.8855828129988598 0.962735937286203
0 0.7668328129988597 0.8108828129988598 0.7793015621436715 0.8583375005701254 0.8137390627137971 0.8446937502850628 0.8006765621436717 0.7984265621436716 0.7668328129988597 0.8108828129988598
0 0.6439265621436716 0.8761312497149373 0.6982546875712657 0.8444515621436716 0.6872687502850627 0.816814062713797 0.6320515621436716 0.8458796875712657 0.6439265621436716 0.8761312497149373
0 0.6439265621436716 0.6790015621436716 0.6403625005701253 0.6536906248574686 0.5803937502850627 0.6685203124287343 0.5904875005701254 0.6946203124287343 0.6439265621436716 0.6790015621436716
0 0.6534265621436717 0.6388625005701255 0.6635203124287343 0.6585421870011403 0.7122062497149373 0.6453875005701254 0.7080515621436716 0.615728125427594 0.6534265621436717 0.6388625005701255
0 0.5985031254275941 0.37745312542759407 0.6302687502850627 0.36362812542759404 0.6201765621436717 0.34168124971493724 0.5869249999999999 0.3547312497149373 0.5985031254275941 0.37745312542759407
0 0.6083000000000001 0.3298187502850627 0.6011765621436717 0.31083750057012544 0.569114062713797 0.328039062713797 0.5762374994298746 0.34168124971493724 0.6083000000000001 0.3298187502850627
0 0.5952375005701254 0.29007499999999997 0.558425 0.30787031242873436 0.5673312497149373 0.3209203124287343 0.6035515621436716 0.3066843751425314 0.5952375005701254 0.29007499999999997
0 0.998753125427594 0.0664484378563284 0.9479281254275941 0.08958124971493728 0.9657406248574686 0.129325 0.998753125427594 0.11212187457240592 0.998753125427594 0.0664484378563284
0 0.7145828129988597 0.02433281299885975 0.7187390627137971 0.04212812542759407 0.7502078129988596 0.03560312542759407 0.7513953124287344 0.02136718700114025 0.7145828129988597 0.02433281299885975
0 0.7044890627137971 0 0.7068640627137971 0.012468750285062714 0.7418953124287344 0.012468750285062714 0.7377390627137971 0 0.7044890627137971 0