0 0.5520620330672749 0.21260586088939568 0.48510171721778794 0.1918873865450399 0.45831229646522237 0.29298300342075256 0.531151717217788 0.31627911516533636 0.5520620330672749 0.21260586088939568
0 0.6685604800456101 0.08003075256556443 0.6953010045610035 0.02652760205245154 0.6451373340935006 0.012157619156214366 0.6231305404789054 0.06515292702394526 0.6685604800456101 0.08003075256556443
0 0.7710026830102623 0.1378610478905359 0.7815369817559863 0.10528374002280501 0.7529326841505131 0.09521821778791334 0.7437991379703535 0.13061068301026227 0.7710026830102623 0.1378610478905359
0 0.7875840376282782 0.8029166659064995 0.8064140364880273 0.7490012109464081 0.7482707787913341 0.7355368791334094 0.7313183865450399 0.7881423261117446 0.7875840376282782 0.8029166659064995
0 0.7532086795895098 0.8541517605473204 0.7161014059293045 0.8420236168757126 0.6951323135689852 0.918000369441277 0.7287676134549601 0.9241150558722919 0.7532086795895098 0.8541517605473204
0 0 0.31012138312428733 0.046630551881413906 0.3055666488027366 0.034024467502850625 0.18107530672748004 0 0.18903518358038768 0 0.31012138312428733
0 0.33311866704675025 0.06509171721778792 0.27949791790193845 0.06189809464082098 0.2704754663625998 0.09963025085518815 0.3202090444697833 0.10471351995438997 0.33311866704675025 0.06509171721778792
0 0.2552639646522235 0.35528853705815283 0.26081165906499426 0.321784945267959 0.22580217331813 0.31642503648802733 0.22045893500570127 0.3493785176738883 0.2552639646522235 0.35528853705815283
0 0 0.5437443329532498 0.003486359179019384 0.5635164595210946 0.010795478905359179 0.5622276647662486 0.033199565564424174 0.5012276966932725 0 0.49916644469783356 0 0.5437443329532498
0 0.6420550456100342 0.9418148734321551 0.6652523033067276 0.8853222120866591 0.5895820034207525 0.8664870091220068 0.5769851003420753 0.9249786830102623 0.6420550456100342 0.9418148734321551
0 0.7464752394526796 0.3782979714937286 0.7078197137970353 0.3676470592930445 0.6935598529076397 0.4303937080957811 0.7276085644241733 0.4388439646522235 0.7464752394526796 0.3782979714937286
0 0.08317674686431015 0.9590451505131129 0.14147712086659064 0.9511752736602052 0.14358772976054732 0.9152663568985177 0.0837739692132269 0.9179816602052452 0.08317674686431015 0.9590451505131129
0 0.06397161801596352 0.3269791459521095 0.09829629076396808 0.3335751881413911 0.11334068301026225 0.2821343797035348 0.07517305815279361 0.27253185860889395 0.06397161801596352 0.3269791459521095