0 0.888875858608894 0.7379180672748005 0.8160891984036488 0.7460703158494869 0.8163789703534777 0.7888564925883694 0.8919022326111745 0.7885232633979475 0.888875858608894 0.7379180672748005
0 0.8299735074116306 0.8249779395667047 0.7948920091220067 0.8255367651083237 0.787477794754846 0.884689046750285 0.8280196750285063 0.8825401299885975 0.8299735074116306 0.8249779395667047
0 0.9555892337514252 0.7675768985176739 0.9910005860889396 0.7664370421892817 0.9923060444697833 0.7290535792474344 0.961172740022805 0.7267781562143671 0.9555892337514252 0.7675768985176739
0 0.7382341220068416 1 0.7462846647662487 0.9518704777651082 0.6920529156214367 0.9455208244013683 0.6827358939566704 1 0.7382341220068416 1
0 0.6698980752565565 1 0.6704609384264538 0.979522362599772 0.6380047297605473 0.9786860239452679 0.6367750456100343 1 0.6698980752565565 1
0 0.43440574572405927 0.8016586180159635 0.4446565963511973 0.7633993112884835 0.3653279167616876 0.7546879737742304 0.3580455701254276 0.7930509429874573 0.43440574572405927 0.8016586180159635
0 0.41506143557582664 0.4706553101482326 0.376033488027366 0.46513364082098063 0.37083459293044474 0.5118869327251996 0.40860420410490306 0.5158793808437856 0.41506143557582664 0.4706553101482326
0 0.476380015963512 0.4335852166476625 0.43849428050171035 0.42929165792474344 0.43447053819840364 0.4594508529076397 0.47185531470923603 0.46550925313568986 0.476380015963512 0.4335852166476625
0 0.5757698985176739 0.48042615735461797 0.5807691163055873 0.42237776624857465 0.5665646100342075 0.42069194640820984 0.5598058950969214 0.47808634663626 0.5757698985176739 0.48042615735461797
0 0.3548672417331813 0.1863485598631699 0.31753501140250856 0.18326255416191561 0.31086677423033066 0.22105285632839225 0.3474797251995439 0.22767841505131128 0.3548672417331813 0.1863485598631699
0 0.465297669327252 0.07019270353477765 0.4434189418472064 0.06705223375142531 0.43915967046750287 0.12096924515393387 0.46061782440136834 0.12379640935005701 0.465297669327252 0.07019270353477765
0 0.26455752337514254 0.10061175370581528 0.2514376385404789 0.10193749714937286 0.23814416989737744 0.17633137970353477 0.25375256100342075 0.178064661345496 0.26455752337514254 0.10061175370581528
0 0.8076547183580387 0.5111000068415051 0.7720420501710377 0.5098563842645382 0.7664510068415051 0.5678841094640821 0.798813818700114 0.5704995233751425 0.8076547183580387 0.5111000068415051
0 0.8457065553021665 0.4595528449258837 0.7900575450399088 0.45344919270239453 0.785225606613455 0.5067520935005702 0.8367187742303307 0.5058767708095782 0.8457065553021665 0.4595528449258837
0 0.8486705336374002 0.0853627149372862 0.8088404207525657 0.08575415279361459 0.8072106248574686 0.1664964606613455 0.8414700695553021 0.16561499771949828 0.8486705336374002 0.0853627149372862
0 0.9268033671607754 0.6899312360319271 0.9321604982896238 0.6556598209806157 0.8477048597491448 0.6506311721778791 0.8456738027366021 0.6817511220068414 0.9268033671607754 0.6899312360319271
0 0 0.8489276647662485 0.010172336374002281 0.8504140364880274 0.017206025085518814 0.8191717263397947 0 0.8119484686431014 0 0.8489276647662485
0 0.6957640171037628 0.02239424629418472 0.6607654595210947 0.020577957810718358 0.6545719270239453 0.09581388825541619 0.6890823124287343 0.08900006955530217 0.6957640171037628 0.02239424629418472
0 0.12302384036488027 0.34163318586088937 0.10828961801596351 0.33814809578107186 0.09881884834663626 0.3785140364880274 0.11273149258836945 0.3810808323831243 0.12302384036488027 0.34163318586088937
0 0.09081137742303307 0.3791255769669327 0.0990823842645382 0.3295090057012543 0.08430515735461802 0.3272106385404789 0.07136993044469783 0.3742878836944128 0.09081137742303307 0.3791255769669327