0 0.05967187457240593 0.6772234378563283 0.07867187457240593 0.6293718745724058 0.022265624857468642 0.6252187502850627 0.012765624857468644 0.6703 0.05967187457240593 0.6772234378563283
0 0.052546874572405936 0.563364062713797 0.059078125427594066 0.5083640627137971 0.003265624857468643 0.49946562485746865 0 0.562935937286203 0.052546874572405936 0.563364062713797
0 0.3820812497149373 0.3060906248574687 0.33487656214367156 0.30006406271379704 0.32745468757126567 0.33634218700114027 0.37495468757126565 0.3482062497149373 0.3820812497149373 0.3060906248574687
0 0.5067687502850627 0.26338281299885974 0.4088 0.2520312497149373 0.4058296875712657 0.29007499999999997 0.5038 0.2971937502850627 0.5067687502850627 0.26338281299885974
0 0.637989062713797 0 0.628489062713797 0.021959375142531358 0.6771765621436715 0.04272031242873432 0.6964718745724059 0 0.637989062713797 0
0 0.9449593751425314 0 0.9449593751425314 0.007412499429874572 0.998753125427594 0.01484218700114025 0.998753125427594 0 0.9449593751425314 0
0 0.6590656248574686 0.6398625005701254 0.664114062713797 0.5896281254275941 0.6106765621436716 0.5836968745724059 0.6053312497149372 0.6347093751425313 0.6590656248574686 0.6398625005701254
0 0.26748593728620296 0.9787515621436716 0.34111093728620295 0.992114062713797 0.3618921870011403 0.9265515621436716 0.27639218700114027 0.9129093751425313 0.26748593728620296 0.9787515621436716
0 0.40078437514253135 0.915614062713797 0.3957374994298746 0.9449406248574687 0.42661249942987456 0.9496859372862029 0.43432968757126567 0.9218062497149373 0.40078437514253135 0.915614062713797
0 0.21107968757126566 0.4680281254275941 0.13923593728620295 0.45141875028506273 0.13686093728620297 0.47277343785632836 0.20514218700114023 0.4852296875712657 0.21107968757126566 0.4680281254275941
0 0.24403281299885973 0.5482421870011402 0.2443296875712657 0.5326843751425313 0.20870468757126567 0.5243796875712657 0.20989218700114023 0.5403953124287343 0.24403281299885973 0.5482421870011402
0 0.17011093728620297 0.5303109372862029 0.20751718700114025 0.540989062713797 0.20395312542759408 0.5393468745724059 0.20276718700114024 0.5226 0.17070468757126567 0.5172609372862029 0.17011093728620297 0.5303109372862029
0 0.1638765621436716 0.5348984378563284 0.16179843785632841 0.5166687502850628 0.13389218700114025 0.5125156248574686 0.13151562485746865 0.5267515621436716 0.1638765621436716 0.5348984378563284