0 0.10523469669327253 0.04859980729760547 0.1042996841505131 0.08488421550741163 0.18289865336374003 0.0859917913340935 0.17959672633979476 0.04934289395667047 0.10523469669327253 0.04859980729760547
0 0.10579511174458381 0.08975546522234891 0.10218136830102623 0.10665936944127707 0.17613170923603194 0.10893435917901938 0.18081629760547321 0.09341810832383125 0.10579511174458381 0.08975546522234891
0 0.5283530513112885 0.24579199087799314 0.5302062269099201 0.26088489737742304 0.5639966807297605 0.25314984606613455 0.5630679692132269 0.24071408323831242 0.5283530513112885 0.24579199087799314
0 0.5342616704675028 0.2719512736602053 0.5339778916761687 0.2867178015963512 0.5690930741163056 0.28001493728620297 0.5684644378563284 0.2651510684150513 0.5342616704675028 0.2719512736602053
0 0.5379474561003421 0.30196959179019384 0.5375075336374002 0.32034926681870013 0.6150456396807298 0.3030599395667047 0.6090486396807298 0.2834760649942987 0.5379474561003421 0.30196959179019384
0 0.409468566704675 0.5068433911060433 0.44199317217787915 0.5717257616875713 0.4647408095781072 0.5569811185860889 0.432884771949829 0.4975437936145952 0.409468566704675 0.5068433911060433
0 0.4989233660205245 0.6939204127708096 0.5063182155074116 0.7102471539338654 0.6020746659064995 0.6608387833523375 0.5930432063854048 0.6458118072976055 0.4989233660205245 0.6939204127708096
0 0.5087148221208666 0.7151242462941847 0.5173989817559863 0.732194717217788 0.609614834663626 0.6832210763968073 0.6035330992018244 0.6678319201824401 0.5087148221208666 0.7151242462941847
0 0.579650511972634 0.7440543751425314 0.5931597696693272 0.778472370581528 0.6414347229190422 0.7570056864310148 0.630668338654504 0.7278488859749145 0.579650511972634 0.7440543751425314
0 0.57842848004561 0.9219181356898517 0.5965309007981756 0.9669098677309008 0.6360888380843785 0.9524908665906499 0.6188775575826683 0.9050000296465223 0.57842848004561 0.9219181356898517
0 0.08881804446978335 0.7441789863169898 0.03020719498289624 0.7400205427594071 0.028992395667046752 0.7545125484606613 0.0838457582668187 0.7573392998859749 0.08881804446978335 0.7441789863169898
0 0.05402445724059293 0.3193526670467503 0.04815020296465222 0.3397959395667047 0.08162627480045609 0.3392701242873432 0.07886824629418472 0.32167981641961235 0.05402445724059293 0.3193526670467503