0 0.0717570558722919 0.7311731265678449 0.14649895438996577 0.7420139190421893 0.15274059179019384 0.6996844629418473 0.08179685860889395 0.681481605473204 0.0717570558722919 0.7311731265678449
0 0.12193329418472063 0.8331657605473204 0.1617815518814139 0.8409361037628278 0.16267189851767389 0.7813276282782212 0.1280095849486887 0.7758918403648802 0.12193329418472063 0.8331657605473204
0 0 0.6995534492588369 0.011605022805017103 0.7015670923603193 0.011753941847206385 0.6603883261117446 0 0.6596035324971494 0 0.6995534492588369
0 0.1932239441277081 0.9131967046750286 0.19472473660205245 0.9706684161915622 0.24965653135689853 0.9764419806157354 0.24781161459521092 0.9144564458380844 0.1932239441277081 0.9131967046750286
0 0.29671810490307865 0.9548209384264539 0.2644613614595211 0.9511321071835804 0.26147114139110605 0.9776837468643101 0.294577794754846 0.9808648859749145 0.29671810490307865 0.9548209384264539
0 0.5997881311288483 0.8099552291904218 0.597915748004561 0.7709520992018244 0.5181467069555302 0.7685382405929304 0.5229731299885975 0.8078518529076397 0.5997881311288483 0.8099552291904218
0 0.5882963557582669 0.5284446807297606 0.6262540364880274 0.5297475997719499 0.6276125370581528 0.48272576168757125 0.5881959395667047 0.48276205473204103 0.5882963557582669 0.5284446807297606
0 0.5326709669327252 0.469761897377423 0.5705350843785633 0.4689654127708096 0.5707478494868871 0.4385397274800456 0.5326332668187002 0.43751882668187 0.5326709669327252 0.469761897377423
0 0.4438259224629419 0.46997623717217785 0.445120740022805 0.4121997628278221 0.4308198494868871 0.4118922919042189 0.42769164082098066 0.4700715176738883 0.4438259224629419 0.46997623717217785
0 0.6889357970353478 0.25155535005701257 0.7261145324971494 0.25008980843785633 0.7247705838084378 0.21173923945267958 0.6873721801596352 0.2095995701254276 0.6889357970353478 0.25155535005701257
0 0.5913563306727481 0.13293853591790195 0.6129991208665907 0.13312528392246295 0.6162850980615735 0.07914021322690992 0.5941822246294185 0.07920519042189282 0.5913563306727481 0.13293853591790195
0 0.7886557149372863 0.21546873432155075 0.8043534332953249 0.21592458836944126 0.8015429635119726 0.14040460889395667 0.788735267958951 0.1372658323831243 0.7886557149372863 0.21546873432155075
0 0.19428257924743442 0.5282265815279361 0.22669443443557583 0.53014065336374 0.22923370125427595 0.4718995267958951 0.19379453477765107 0.4681747206385405 0.19428257924743442 0.5282265815279361
0 0.16574026111744583 0.4589573819840365 0.21661048004561004 0.4669906510832383 0.21924389509692133 0.41353401368301024 0.16328699315849488 0.41183342075256557 0.16574026111744583 0.4589573819840365
0 0.2083904914481186 0.12134576054732041 0.24219384948688713 0.1269866385404789 0.2518170718358039 0.04680328620296465 0.21242906043329532 0.04087237742303307 0.2083904914481186 0.12134576054732041
0 0.1323954047890536 0.6318738369441278 0.13471517217787912 0.6007740763968074 0.05038159749144812 0.5939998335233752 0.050916935005701255 0.628683290763968 0.1323954047890536 0.6318738369441278
0 0.9620035849486888 0.875787062713797 0.9336753386545039 0.8832575039908781 0.9362924857468643 0.9151746659064995 0.9578761812998859 0.9150566921322691 0.9620035849486888 0.875787062713797
0 0.3726029749144812 0 0.3699579589509692 0.06668472063854049 0.4031841904218928 0.07823514481185861 0.40752175142531355 0.002869432155074116 0.3749156248574686 0 0.3726029749144812 0
0 0.9000499863169897 0.43613550399087797 0.9141844629418472 0.4355299543899658 0.9104237149372862 0.3942387765108324 0.8953478540478905 0.3956393420752566 0.9000499863169897 0.43613550399087797
0 0.9419544161915622 0.4351650809578107 0.93569696009122 0.3867457525655644 0.9207436738882554 0.3869651607753706 0.9220288962371721 0.43724996807297606 0.9419544161915622 0.4351650809578107