0 0.9607562793614596 0.7361141254275941 0.8809904629418472 0.7773339794754847 0.8912976955530217 0.8072972850627138 0.9812106031927024 0.7659064583808438 0.9607562793614596 0.7361141254275941
0 0.9979808871151653 0.45458553819840364 0.9892777445838085 0.3832607901938426 0.9421446248574686 0.41149848118586085 0.9667013899657925 0.46921653591790197 0.9979808871151653 0.45458553819840364
0 0.7679909099201824 0.46263890421892817 0.8285689099201825 0.43179405701254275 0.8114002029646522 0.3989713694412771 0.7459035108323832 0.4333182941847207 0.7679909099201824 0.46263890421892817
0 0.6485253591790194 0.8638587537058152 0.6185935564424173 0.8855123489167617 0.6291473272519954 0.9178362531356898 0.6669709828962371 0.8992338244013683 0.6485253591790194 0.8638587537058152
0 0.751779322690992 0 0.7209462417331813 0.015038785632839224 0.7361268950969214 0.0516525496009122 0.7847928631698974 0.028925443557582666 0.7682243945267959 0 0.751779322690992 0
0 0.5970931402508551 0.03402647662485747 0.5642423283922463 0.05061368757126568 0.5885510034207525 0.10597130672748005 0.6179188950969212 0.09213667616875713 0.5970931402508551 0.03402647662485747
0 0.6193398050171038 0.2967669486887115 0.5898426784492588 0.31121061231470926 0.6009869452679589 0.34347245267958953 0.6293187582668187 0.32825573888255416 0.6193398050171038 0.2967669486887115
0 0.27884740478905357 0.5755430729760548 0.2196033409350057 0.602068574686431 0.25372218244013683 0.6940058255416192 0.314889149372862 0.6639961790193842 0.27884740478905357 0.5755430729760548
0 0.305439449258837 0.8342447046750285 0.2896673819840365 0.8430666624857469 0.32974588255416193 0.9236327309007981 0.3465420912200684 0.914106110604333 0.305439449258837 0.8342447046750285
0 0.12643712086659065 0.9867912086659065 0.16102611060433294 0.975396063854048 0.13473132953249714 0.9124874971493728 0.09977295096921322 0.9319828152793614 0.12643712086659065 0.9867912086659065
0 0.4416476590649943 0.8760501470923603 0.3823127160775371 0.9073613648802736 0.3853237662485747 0.9189837297605473 0.45335216191562144 0.8921319794754846 0.4416476590649943 0.8760501470923603
0 0.12667723831242875 0.586165189281642 0.12565437286202966 0.548061810718358 0.031172717217787915 0.5514250068415052 0.035250278221208665 0.5903997936145952 0.12667723831242875 0.586165189281642
0 0.447840566704675 0.6342013774230331 0.4038201231470923 0.5218105142531356 0.3799114367160775 0.5326817069555302 0.42612173318129987 0.6415572223489168 0.447840566704675 0.6342013774230331
0 0.9380048050171038 0.0656601094640821 0.9561495758266819 0.0565871984036488 0.9519292394526796 0.016433377423033066 0.9237854766248574 0.03252742873432155 0.9380048050171038 0.0656601094640821
0 0.49480601482326114 0.2865721767388826 0.46260620980615735 0.3036879851767389 0.4748073443557583 0.3346447023945268 0.5041195997719499 0.3199219612314709 0.49480601482326114 0.2865721767388826