0 0.944700118586089 0.8959516716077537 0.9194608095781072 0.9652118529076398 0.9820981071835804 0.9597317993158495 0.9980538312428735 0.9175086202964653 0.944700118586089 0.8959516716077537
0 0.7309489293044469 0.43276876510832385 0.802778409350057 0.44823915735461806 0.8113371550741163 0.409941228050171 0.738282818700114 0.3984521128848347 0.7309489293044469 0.43276876510832385
0 0.75222134663626 0.5033238597491448 0.7151169019384264 0.4967357799315849 0.700322952109464 0.5907108871151654 0.7345537662485747 0.6008284743443557 0.75222134663626 0.5033238597491448
0 0.5825442656784493 0.4511166522234892 0.6147852702394527 0.4569381915621437 0.620565621436716 0.4141151961231471 0.593300717217788 0.40875233181299886 0.5825442656784493 0.4511166522234892
0 0.46728969783352337 0.6426876100342075 0.4276207890535918 0.6399000011402509 0.4271750342075256 0.6742100353477765 0.46620568643101484 0.6779490809578107 0.46728969783352337 0.6426876100342075
0 0.3331773432155074 0.2646235621436716 0.39751150741163055 0.27389550285062714 0.40686460547320413 0.19023070581527934 0.33243064652223486 0.19018663511972633 0.3331773432155074 0.2646235621436716
0 0.30538826339794756 0.06947481413911061 0.3670199623717218 0.07510750513112885 0.3690267890535918 0.036786776510832384 0.31675788711516534 0.02467120752565564 0.30538826339794756 0.06947481413911061
0 0.1657072930444698 0.2786792748004561 0.24510607411630558 0.2785869885974914 0.24594385860889398 0.22934220410490308 0.16842256670467504 0.22122398745724062 0.1657072930444698 0.2786792748004561
0 0.01590528164196123 0.43125347092360317 0.05403537172177879 0.43149362827822124 0.052384075256556445 0.3785924937286203 0.01528185518814139 0.37647592360319265 0.01590528164196123 0.43125347092360317
0 0.18446395324971496 0.7693523078677309 0.22135764994298746 0.7786409064994299 0.23709382668187 0.7134886727480045 0.20001230558722918 0.7048140923603192 0.18446395324971496 0.7693523078677309
0 0.32232737058152794 0.8097404082098062 0.34330892930444695 0.809096795895097 0.33854545724059293 0.7773285712656784 0.3228200250855188 0.7745322428734321 0.32232737058152794 0.8097404082098062
0 0.348548496009122 0.8077443660205245 0.38476491220068415 0.8156021744583808 0.3878362086659065 0.7962608939566704 0.3527360182440137 0.7897954743443557 0.348548496009122 0.8077443660205245
0 0.6074051949828962 0.04126213454960091 0.6425644925883693 0.04623390649942988 0.642177283922463 0.0009688437856328392 0.6070015336374002 0.0004702143671607754 0.6074051949828962 0.04126213454960091
0 0.728256889395667 0.26343558950969215 0.7354051664766249 0.22853915963511973 0.6828566180159635 0.22091819270239452 0.6777402041049031 0.25772292018244014 0.728256889395667 0.26343558950969215
0 0.7201564435575826 0.7969891094640821 0.7265734127708096 0.7603670387685291 0.6892172417331813 0.7496288563283922 0.6845458688711517 0.7983150091220068 0.7201564435575826 0.7969891094640821
0 0.6928104367160774 0.741864267958951 0.7279890148232612 0.7504088916761688 0.7326795370581527 0.7291378939566705 0.6972155496009121 0.7185321755986318 0.6928104367160774 0.741864267958951
0 0.81014086659065 0.572460802736602 0.8247990627137971 0.5774365655644242 0.8337852576966933 0.5236047708095781 0.8198829338654504 0.5212449589509692 0.81014086659065 0.572460802736602
0 0.3731287765108324 0.925395062713797 0.4460884218928164 0.9312302896237172 0.44723763854047893 0.87629451995439 0.3721533375142531 0.8620044823261117 0.3731287765108324 0.925395062713797