0 1 0.9674812497149372 0.9937656248574687 0.9063843751425313 0.9343906248574687 0.90935 0.9438906248574686 0.9680749999999999 1 0.9674812497149372
0 0.957546874572406 0.7527515621436717 0.9207343751425314 0.7610562497149372 0.9266703124287342 0.7841906248574687 0.9622968745724059 0.7794453124287343 0.957546874572406 0.7527515621436717
0 0.7592328129988597 0.39091562485746867 0.7681390627137971 0.4045578129988598 0.8316703124287343 0.39981249942987457 0.8289984378563283 0.3881281254275941 0.7592328129988597 0.39091562485746867
0 0.6612624994298746 0.11449531242873433 0.6672 0.18152500000000002 0.725389062713797 0.17974531242873432 0.718560937286203 0.1123765621436716 0.6612624994298746 0.11449531242873433
0 0.7568578129988598 0.18508281299885973 0.7075765621436716 0.18271093728620297 0.7117328129988597 0.22245312542759405 0.7574515621436716 0.21889375028506272 0.7568578129988598 0.18508281299885973
0 0.7871390627137971 0.1512734378563284 0.7859515621436717 0.17855781299885976 0.8399843751425313 0.18033750057012543 0.8379046875712657 0.1532937502850627 0.7871390627137971 0.1512734378563284
0 0.5953562497149373 0.1269515621436716 0.6321703124287343 0.1269515621436716 0.635139062713797 0.11093593728620296 0.5947625005701255 0.11152968757126568 0.5953562497149373 0.1269515621436716
0 0.5965453124287343 0.1334765621436716 0.5983250000000001 0.14712031242873433 0.6274187502850628 0.14712031242873433 0.625935937286203 0.1355046875712657 0.5965453124287343 0.1334765621436716
0 0.9890156248574686 0.2865156248574686 0.993171874572406 0.24558593728620298 0.9563593751425313 0.24558593728620298 0.9572499999999999 0.2849437502850627 0.9890156248574686 0.2865156248574686
0 0.07404062485746864 0.9152812497149372 0.0758234378563284 0.8998593751425314 0.03663437514253135 0.8998593751425314 0.03811875028506271 0.916503125427594 0.07404062485746864 0.9152812497149372
0 0.08294687457240593 0.9105375005701254 0.09719687457240593 0.9105375005701254 0.09719687457240593 0.8980796875712658 0.07760312542759407 0.8980796875712658 0.08294687457240593 0.9105375005701254
0 0.08591718700114025 0.9194343751425313 0.08532343785632839 0.936635937286203 0.10016562485746865 0.936635937286203 0.10046250057012543 0.9200625005701254 0.08591718700114025 0.9194343751425313