0 0.04528130558722919 0.19945262485746865 0.07692281527936146 0.20334055758266817 0.09014010832383125 0.08059277537058152 0.06520007867730901 0.0888721425313569 0.04528130558722919 0.19945262485746865
0 0.24233124287343213 0.8038172690992019 0.35578127480045607 0.7815655438996579 0.3503219977194983 0.7265140068415051 0.23792092588369443 0.7468389224629419 0.24233124287343213 0.8038172690992019
0 0.36379511858608893 0.9367919350057012 0.36115034321550743 0.8180077628278221 0.2708419087799316 0.8350440615735463 0.2812066795895097 0.9560351368301027 0.36379511858608893 0.9367919350057012
0 0.5335322850627138 0.7960041641961231 0.5314427525655644 0.7314068152793614 0.42310039908779934 0.72455648004561 0.4210607582668187 0.7744826659064995 0.5335322850627138 0.7960041641961231
0 0.376902598631699 0.852899763968073 0.4853387833523375 0.8686389350057012 0.4952193318129988 0.8175615051311288 0.3861523489167617 0.8004418232611175 0.376902598631699 0.852899763968073
0 0.5351223854047891 0.5689448027366021 0.5267674241733181 0.632263748004561 0.5678883819840365 0.6381071641961232 0.5712751949828963 0.5710928050171038 0.5351223854047891 0.5689448027366021
0 0.4720059452679589 0.671908370581528 0.47771957582668184 0.5996702599771949 0.440203425313569 0.5972818631698974 0.4276779646522235 0.6683172782212087 0.4720059452679589 0.671908370581528
0 0.1337094629418472 0.7091467240592931 0.14379717673888257 0.7749132029646523 0.1978426818700114 0.7702554709236032 0.1835388472063854 0.6998219042189282 0.1337094629418472 0.7091467240592931
0 0 0.5599325267958951 0.03008236716077537 0.6546523010262258 0.1746918141391106 0.6270281687571265 0.1442290490307868 0.4800983591790194 0 0.5196933945267959 0 0.5599325267958951
0 0.09085725997719497 0.7130586989737743 0.180002661345496 0.6925584401368301 0.16823096693272518 0.6295127514253135 0.07883945153933866 0.6460459418472064 0.09085725997719497 0.7130586989737743
0 0.12718048916761687 0.7085984002280501 0.09329774344355758 0.7128861128848346 0.10600344469783352 0.7993386556442417 0.14180106043329532 0.7896530125427594 0.12718048916761687 0.7085984002280501