0 0.35073124971493724 0.4951953124287343 0.3388546875712657 0.5295984378563284 0.4362312497149373 0.5479874994298746 0.44929375028506274 0.5159562497149373 0.35073124971493724 0.4951953124287343
0 0.2153546875712657 0.5118046875712656 0.2676046875712657 0.5248546875712656 0.29254218700114026 0.450114062713797 0.23851093728620296 0.43765781299885975 0.2153546875712657 0.5118046875712656
0 0.2106046875712657 0.5331578129988598 0.09779218700114026 0.5070578129988598 0.08650937514253136 0.5640031254275941 0.19130781299885974 0.5887453124287344 0.2106046875712657 0.5331578129988598
0 0.31747968757126566 0.6256937502850627 0.3091671870011402 0.6606906248574685 0.38724531242873433 0.678585937286203 0.4006062497149373 0.6417093751425313 0.31747968757126566 0.6256937502850627
0 0.3364796875712657 0.5491750000000001 0.3287625005701254 0.5823921870011403 0.4101062497149373 0.5984078129988598 0.41901249942987456 0.5628171870011403 0.3364796875712657 0.5491750000000001
0 0.21179218700114025 0.8000875005701255 0.19160468757126567 0.8777937502850627 0.24741718700114024 0.894739062713797 0.26879218700114027 0.8137312497149373 0.21179218700114025 0.8000875005701255
0 0.037228125427594065 0.8712687502850628 0.019415624857468644 0.9038921870011403 0.11293124971493729 0.927653125427594 0.12688593728620295 0.8932156248574686 0.037228125427594065 0.8712687502850628
0 0.13163437514253137 1 0.13697812542759408 0.9792265621436717 0.05860312542759408 0.9531265621436715 0.03811875028506271 0.9997031254275941 0.13163437514253137 1
0 0.5140125005701255 0.8843187502850627 0.5110437502850627 0.8985546875712657 0.6027796875712657 0.8938499999999999 0.6001078129988597 0.8772 0.5140125005701255 0.8843187502850627
0 0.5662624994298746 0.843389062713797 0.5662624994298746 0.8611843751425313 0.6197 0.8552531254275941 0.6179187502850627 0.841610937286203 0.5662624994298746 0.843389062713797
0 0.05147812542759407 0.3949484378563284 0.035446874572405924 0.44536875028506273 0.089775 0.4553156248574686 0.10313437514253136 0.40859218700114025 0.05147812542759407 0.3949484378563284
0 0.46888749942987457 0.042009375142531356 0.4623562497149373 0.06632968757126567 0.5350906248574686 0.08171718700114024 0.5383562497149373 0.060990624857468645 0.46888749942987457 0.042009375142531356
0 0.6749203124287344 0.14759531242873433 0.6689828129988598 0.15945781299885975 0.7052 0.16889062485746864 0.7093578129988598 0.15649218700114026 0.6749203124287344 0.14759531242873433
0 0.9242968745724058 0.050314062713797035 0.9337968745724059 0.06810937514253135 0.9474531254275941 0.06217812542759407 0.945671874572406 0.044382812998859746 0.9242968745724058 0.050314062713797035
0 0.895796874572406 0.06751562485746863 0.9041078129988598 0.09065000000000001 0.9195468745724059 0.08471875028506272 0.9088593751425313 0.05980468757126568 0.895796874572406 0.06751562485746863
0 0.8661078129988597 0.08531093728620295 0.8750156248574686 0.10607187457240594 0.8895624994298745 0.10217656214367161 0.8839218745724059 0.07937968757126569 0.8661078129988597 0.08531093728620295
0 0.8251390627137971 0.10073281299885975 0.8334531254275941 0.12742656214367162 0.8681874994298746 0.11373906271379702 0.8577953124287343 0.09065000000000001 0.8251390627137971 0.10073281299885975
0 0.8251390627137971 0.21343749942987456 0.8387953124287343 0.20750624971493728 0.8346390627137971 0.18318593728620297 0.8162328129988597 0.19208281299885974 0.8251390627137971 0.21343749942987456
0 0.8429531254275942 0.19267656214367163 0.8494843751425314 0.21106406271379705 0.8681874994298746 0.20536093728620297 0.8577953124287343 0.18377812542759409 0.8429531254275942 0.19267656214367163
0 0.8346390627137971 0.22055468757126567 0.841764062713797 0.24309531242873433 0.8592812497149372 0.23827343785632837 0.8494843751425314 0.2193687502850627 0.8346390627137971 0.22055468757126567
0 0.8708593751425313 0.231825 0.8762015621436716 0.2519937502850627 0.8940156248574687 0.2489484378563284 0.8851078129988598 0.22767343785632838 0.8708593751425313 0.231825
0 0.8548265621436717 0.2519937502850627 0.8619531254275942 0.27394218700114026 0.879764062713797 0.272075 0.8720468745724059 0.24843437514253136 0.8548265621436717 0.2519937502850627
0 0.891046874572406 0.27156718700114024 0.901139062713797 0.2899562497149373 0.9145 0.28275 0.9088593751425313 0.2650437502850627 0.891046874572406 0.27156718700114024
0 0.8767953124287343 0.28402499999999997 0.8833281254275941 0.30478593728620296 0.8975765621436717 0.30300624971493734 0.890453125427594 0.2816531254275941 0.8767953124287343 0.28402499999999997
0 0.910639062713797 0.30063437514253133 0.9225156248574686 0.3190218745724059 0.9376562497149372 0.3147718745724059 0.9272656248574687 0.2935156248574687 0.910639062713797 0.30063437514253133
0 0.8963906248574687 0.323175 0.9047015621436716 0.3391906248574686 0.9207343751425314 0.33078281299885975 0.9136078129988597 0.3154624994298746 0.8963906248574687 0.323175
0 0.923703125427594 0.3409703124287343 0.933203125427594 0.3575796875712656 0.945671874572406 0.35164687457240595 0.937953125427594 0.3338515621436716 0.923703125427594 0.3409703124287343
0 0.899953125427594 0.35224062485746865 0.9159843751425314 0.3712218745724059 0.9254843751425313 0.36291718700114023 0.9136078129988597 0.3433421870011403 0.899953125427594 0.35224062485746865