0 0.37851718700114023 0.3590343751425314 0.4289875005701254 0.361410937286203 0.439675 0.30736406271379707 0.3803 0.30379999999999996 0.37851718700114023 0.3590343751425314
0 0.49697187457240594 0.2425484378563284 0.48598749942987457 0.2990484378563284 0.5352687502850627 0.29964375028506274 0.5388312497149372 0.24797187457240594 0.49697187457240594 0.2425484378563284
0 0.5548625005701254 0.2470015621436716 0.5495187502850627 0.30736406271379707 0.6083000000000001 0.3061765621436716 0.6142375005701254 0.25094062485746865 0.5548625005701254 0.2470015621436716
0 0.35981406271379707 0.12142343785632839 0.3559546875712657 0.15235156214367163 0.42661249942987456 0.15769687457240594 0.42305000000000004 0.1208734378563284 0.35981406271379707 0.12142343785632839
0 0.5646593751425314 0.5943484378563283 0.5566453124287343 0.6447062497149373 0.616614062713797 0.6488656248574687 0.6273000000000001 0.5983812497149372 0.5646593751425314 0.5943484378563283
0 0.48984687457240594 0.8187875005701254 0.4735187502850627 0.8965281254275941 0.5518937502850627 0.9012781254275941 0.5631765621436716 0.8252562497149373 0.48984687457240594 0.8187875005701254
0 0.5664406248574686 0.8455046875712656 0.5608 0.8989031254275941 0.624925 0.905435937286203 0.6296765621436716 0.8507953124287343 0.5664406248574686 0.8455046875712656
0 0.7294265621436716 0.8614859372862029 0.6373937502850627 0.8597046875712656 0.628489062713797 0.9689843751425313 0.7175515621436717 0.9796765621436716 0.7294265621436716 0.8614859372862029
0 0.7766296875712657 0.8597562497149372 0.773364062713797 0.8888062497149373 0.8196765621436717 0.8965281254275941 0.823239062713797 0.8614859372862029 0.7766296875712657 0.8597562497149372
0 0.920614062713797 0.7694296875712657 0.9128968745724059 0.8020953124287343 0.9514906248574686 0.8032828129988597 0.953271874572406 0.7741812497149373 0.920614062713797 0.7694296875712657
0 0.14784375028506272 0.9042875005701255 0.14517343785632839 0.9303796875712657 0.17545312542759406 0.9381015621436716 0.18139218700114026 0.9078125005701254 0.14784375028506272 0.9042875005701255
0 0.8995374994298746 0.23007968757126568 0.9004281254275941 0.26578906271379704 0.9253656248574686 0.263414062713797 0.9283343751425313 0.2301546875712657 0.8995374994298746 0.23007968757126568
0 0.0017812497149372864 0.06887499999999999 0.06086093728620297 0.07276718700114025 0.06145312542759407 0.03594531242873432 0 0.03356875028506271 0.0017812497149372864 0.06887499999999999
0 0.019593750285062713 0.24076718700114028 0.024640624857468645 0.22659062485746864 0.001484375142531357 0.21768281299885975 0 0.22837343785632838 0.019593750285062713 0.24076718700114028
0 0.010687500570125427 0.2523453124287343 0.001484375142531357 0.2628203124287343 0.027609375142531357 0.2675703124287343 0.031765624857468644 0.25688124971493725 0.010687500570125427 0.2523453124287343
0 0.005343750285062713 0.27817343785632836 0 0.287764062713797 0.02404687457240593 0.29667343785632844 0.029984375142531355 0.28538906271379705 0.005343750285062713 0.27817343785632836
0 0.6890515621436716 0.6910328129988598 0.7323953124287343 0.6898453124287343 0.7294265621436716 0.6334234378563284 0.6961765621436715 0.6298593751425313 0.6890515621436716 0.6910328129988598
0 0.9508968745724059 0.594225 0.888553125427594 0.590660937286203 0.889739062713797 0.6328296875712657 0.9467406248574686 0.6334234378563284 0.9508968745724059 0.594225