0 1 0.752683629418472 0.9865010159635119 0.7051433375142532 0.9280308882554162 0.7203911174458381 0.9767701299885975 0.8865881425313569 1 0.8764237924743443 1 0.752683629418472
0 0.8109503557582668 0.7675874538198404 0.6963056111744584 0.811592165336374 0.726650078677309 0.8929759110604333 0.8366040935005701 0.8490851448118586 0.8109503557582668 0.7675874538198404
0 0.8806149327251995 0.4068587297605473 0.8173655815279361 0.4189500980615736 0.8322744070695554 0.47367143899657926 0.8870193443557584 0.4557694811858609 0.8806149327251995 0.4068587297605473
0 0.281464433295325 0.3984837673888255 0.33463700570125426 0.38012492360319267 0.3087404720638541 0.29626440364880274 0.2535895621436716 0.3180775655644242 0.281464433295325 0.3984837673888255
0 0.4150349977194983 0.5095791391106044 0.36898060319270237 0.534469007981756 0.3862688483466363 0.5687175644241733 0.4352392018244014 0.548042717217788 0.4150349977194983 0.5095791391106044
0 0.5812207525655644 0.7620574150513113 0.5600301265678449 0.7716595895096922 0.5818842976054732 0.8376952200684151 0.6017511311288483 0.8285053044469783 0.5812207525655644 0.7620574150513113
0 0 0.38189609920182443 0.012334833523375142 0.37136802394526797 0 0.34316889623717217 0 0.38189609920182443
0 0.2972799418472064 0.21173848232611175 0.2712140535917902 0.2336875473204105 0.2868830729760547 0.26986582098061573 0.3211198209806157 0.25405610604332957 0.2972799418472064 0.21173848232611175
0 0 0.06386258152793614 0.022086810718358038 0.10170913683010263 0.08908770923603192 0.06157628050171038 0.07532911630558724 0.03649560661345496 0 0.04308605017103762 0 0.06386258152793614
0 0.15062124059293044 0.631651338654504 0.11466473318129988 0.6562553420752566 0.13036417331813 0.6864707753705814 0.16839605929304446 0.6646668574686431 0.15062124059293044 0.631651338654504
0 0.3330209897377423 0.5930463112884835 0.376378094640821 0.5713709475484607 0.3592466510832383 0.5388967263397948 0.32374125769669326 0.5595855769669327 0.3330209897377423 0.5930463112884835