0 0.35090937514253134 0.5979109372862029 0.37792343785632837 0.706475 0.44086093728620296 0.690439062713797 0.4064234378563284 0.580564062713797 0.35090937514253134 0.5979109372862029
0 0.37940937514253137 0.300439062713797 0.381485937286203 0.33943593728620297 0.43492499999999995 0.3275578129988597 0.42720624971493726 0.2925156248574686 0.37940937514253137 0.300439062713797
0 0.2760953124287343 0.3040031254275941 0.28114218700114024 0.32102343785632836 0.32686093728620297 0.29786093728620294 0.31676875028506274 0.28301406271379703 0.2760953124287343 0.3040031254275941
0 0.646596874572406 0.10806406271379704 0.6302687502850627 0.16126093728620294 0.6575828129988597 0.16601249942987456 0.6736140627137971 0.11671718700114025 0.646596874572406 0.10806406271379704
0 0.25086093728620296 0.024065624857468642 0.2977687502850627 0.11671718700114025 0.34348593728620297 0.08048906271379704 0.2900484378563284 0.0003093751425313569 0.25086093728620296 0.024065624857468642
0 0.19593906271379705 0.15437656214367163 0.15407812542759408 0.1897687502850627 0.16476718700114024 0.20817968757126568 0.20989218700114023 0.17610781299885975 0.19593906271379705 0.15437656214367163
0 0.7588171870011402 0.3966265621436716 0.7650515621436715 0.4154562497149373 0.8404593751425313 0.385760937286203 0.8345218745724059 0.3685375005701254 0.7588171870011402 0.3966265621436716
0 0.078375 0.4963781254275941 0.10420312542759406 0.5437421870011403 0.13448437514253136 0.5277062497149373 0.11310937514253136 0.4795984378563284 0.078375 0.4963781254275941
0 0.016031249714937284 0.5881140627137971 0.019890624857468644 0.622139062713797 0.051953125427594074 0.6191703124287343 0.05551562485746864 0.5847218745724059 0.016031249714937284 0.5881140627137971
0 0.08520312542759406 0.4528734378563284 0.10657812542759407 0.43921250057012545 0.08698437514253135 0.4089234378563284 0.06382812542759407 0.42614687457240596 0.08520312542759406 0.4528734378563284
0 0.04185937514253136 0.10840312542759407 0.0008906248574686432 0.10899687457240594 0 0.12503281299885977 0.04185937514253136 0.12206250057012542 0.04185937514253136 0.10840312542759407
0 0.6961765621436715 0.06564062485746865 0.7356609372862029 0.06709531242873432 0.7418953124287344 0.013375 0.7038953124287344 0.01159531242873432 0.6961765621436715 0.06564062485746865
0 0.401675 0.21761093728620298 0.42364375028506274 0.24915937514253136 0.4509562497149373 0.2254046875712657 0.4278 0.19927187457240594 0.401675 0.21761093728620298