0 0.6616373329532497 0.5267815564424173 0.6491621630558723 0.49259094526795894 0.5509770022805017 0.515068873432155 0.564596534777651 0.5468672725199544 0.6616373329532497 0.5267815564424173
0 0.7327936921322691 0.5207950444697833 0.7848079794754846 0.5068351436716078 0.7603612155074115 0.4331036944127708 0.7065555860889396 0.4465010228050171 0.7327936921322691 0.5207950444697833
0 0.9022697309007982 0.500037244013683 0.7899299201824401 0.5281021185860889 0.8101939908779932 0.5833443751425313 0.9145446567844926 0.5567769714937286 0.9022697309007982 0.500037244013683
0 0.6936081858608895 0.6573356590649944 0.6846861721778792 0.6224891881413911 0.6018517822120867 0.6399531322690991 0.6158542690992018 0.6765908973774231 0.6936081858608895 0.6573356590649944
0 0.6726493614595211 0.5793911322690992 0.6643536294184721 0.5463136875712656 0.5820714766248575 0.5613941927023945 0.591597511972634 0.5968239623717219 0.6726493614595211 0.5793911322690992
0 0.8149417525655644 0.8723539703534778 0.7934011664766248 0.7950118757126567 0.7366479646522235 0.8096483340935006 0.7594334903078678 0.890270763968073 0.8149417525655644 0.8723539703534778
0 0.9875600706955531 0.8954433181299887 0.9691809247434435 0.8631357217787913 0.879919794754846 0.8866439977194982 0.8944733740022806 0.9208327103762828 0.9875600706955531 0.8954433181299887
0 0.8713302417331813 0.972817968072976 0.8770357240592931 0.9934949806157355 0.9705319247434436 0.991566078677309 0.9492377970353477 0.9453541106043329 0.8713302417331813 0.972817968072976
0 0.49591367046750284 0.8986867263397949 0.4926969201824401 0.8845047685290764 0.40649048118586084 0.8788896727480046 0.40410959635119725 0.8955837673888255 0.49591367046750284 0.8986867263397949
0 0.44005112884834663 0.8622858050171037 0.43974055872291906 0.8444932029646522 0.3880611425313569 0.8436168745724059 0.3865182531356899 0.8572880718358039 0.44005112884834663 0.8622858050171037
0 0.9635289247434435 0.4372695005701254 0.9466201596351197 0.38713665222348914 0.8952098939566704 0.4016798483466363 0.9093826704675029 0.44816301710376283 0.9635289247434435 0.4372695005701254
0 0.5300694264538198 0.06573876396807297 0.5231147229190422 0.04153614139110605 0.4539878221208666 0.06172689737742303 0.45761467844925885 0.08239330900798175 0.5300694264538198 0.06573876396807297
0 0.3250996431014823 0.16245883580387685 0.31895601938426454 0.15070176624857468 0.2846790353477765 0.16019830216647662 0.2890525974914481 0.17252228848346635 0.3250996431014823 0.16245883580387685
0 0.05873166362599772 0.07574595324971495 0.0679196465222349 0.057787553021664766 0.046444386545039906 0.052230251995439 0.044973978335233755 0.07005394184720638 0.05873166362599772 0.07574595324971495
0 0.08880959179019383 0.09776499999999999 0.0967155142531357 0.07448910262257696 0.08352042873432156 0.06700731128848346 0.07326936716077537 0.09210410262257697 0.08880959179019383 0.09776499999999999
0 0.11816649828962372 0.11267679703534778 0.12671062485746865 0.09176355872291904 0.10879576168757127 0.08614411060433295 0.10355385632839224 0.10903595553021665 0.11816649828962372 0.11267679703534778
0 0.16009535803876854 0.13330286659064994 0.16794228392246294 0.10646808209806156 0.1351150387685291 0.0969567354618016 0.12512739452679592 0.12022364994298747 0.16009535803876854 0.13330286659064994
0 0.1561515678449259 0.21346359179019384 0.169909251995439 0.21915560319270241 0.17844145496009123 0.19764873432155075 0.15988273660205246 0.18907444697833523 0.1561515678449259 0.21346359179019384
0 0.1455262257696693 0.2172074127708096 0.15173557468643104 0.19870872633979475 0.13674034891676168 0.19007067730900798 0.12672641619156214 0.21183157012542758 0.1455262257696693 0.2172074127708096
0 0.1538043842645382 0.2490990456100342 0.1605349110604333 0.22643750513112884 0.14567116191562143 0.22551083466362598 0.1362057126567845 0.24458362257696695 0.1538043842645382 0.2490990456100342
0 0.11952742987457242 0.2585971459521095 0.12451680957810718 0.23833823261117446 0.11019808665906498 0.23443597263397947 0.10166293158494868 0.2558631949828962 0.11952742987457242 0.2585971459521095
0 0.13415674914481185 0.2802935701254276 0.14089917331812998 0.25822410034207527 0.12361936488027365 0.254965802736602 0.11631593728620297 0.27873751083238313 0.13415674914481185 0.2802935701254276
0 0.09525626339794754 0.2969890820980616 0.10502598175598632 0.27842668757126565 0.08710234435575827 0.27221511516533636 0.08177159521094642 0.29001711060433294 0.09525626339794754 0.2969890820980616
0 0.11332330216647662 0.3115056670467503 0.1194927913340935 0.2906338791334093 0.10579566362599772 0.2885007274800456 0.09904597605473205 0.30997492018244016 0.11332330216647662 0.3115056670467503
0 0.07439022234891676 0.32642335233751424 0.08594406955530218 0.3078313797035348 0.06919580045610034 0.30100388711516535 0.05917773090079818 0.32243824059293047 0.07439022234891676 0.32642335233751424
0 0.09255356556442418 0.34627813340935004 0.10058372519954391 0.33011990193842644 0.08323455758266819 0.32270905701254277 0.07637645724059293 0.33815141277080957 0.09255356556442418 0.34627813340935004
0 0.06437727594070695 0.3651618164196123 0.07358595553021664 0.3483891721778791 0.059213887115165335 0.34152020296465224 0.05180688483466363 0.35944751653363743 0.06437727594070695 0.3651618164196123
0 0.08183149258836944 0.37850141619156213 0.0975290330672748 0.35924327366020525 0.08372112542759408 0.35058449828962374 0.07218800342075256 0.37036379133409353 0.08183149258836944 0.37850141619156213