0 0.17545312542759406 0.9181296875712657 0.17070468757126567 0.8849109372862031 0.1332984378563284 0.8878781254275941 0.13626718700114024 0.9214265621436716 0.17545312542759406 0.9181296875712657
0 0.24670468757126565 1 0.24789218700114024 0.9756671870011403 0.2164234378563284 0.9756671870011403 0.21820468757126568 1 0.24670468757126565 1
0 0.8024578129988598 0.927028125427594 0.8006765621436717 0.9157578129988597 0.7335828129988597 0.9181296875712657 0.7392234378563284 0.9320999999999999 0.8024578129988598 0.927028125427594
0 0.1332984378563284 0.6274734378563285 0.1327046875712657 0.6191687502850627 0.06739218700114025 0.610271874572406 0.06768750057012543 0.6278828129988597 0.1332984378563284 0.6274734378563285
0 0.15645312542759407 0.46553749942987455 0.21820468757126568 0.4572312497149373 0.2116734378563284 0.40443906271379704 0.15110937514253134 0.41155781299885974 0.15645312542759407 0.46553749942987455
0 0.529925 0.504685937286203 0.6255203124287343 0.5052796875712657 0.6219578129988598 0.4690953124287343 0.5293312497149373 0.47028124971493734 0.529925 0.504685937286203
0 0 0.231825 0.0008906248574686432 0.26800937514253137 0.04245312542759407 0.26148437514253137 0.035625 0.22315000000000002 0 0.231825
0 0.12260937514253137 0.2668234378563284 0.11014062485746864 0.2324187502850627 0.04839218700114025 0.25021406271379704 0.06323437514253136 0.2809703124287343 0.12260937514253137 0.2668234378563284
0 0.3725812497149373 0.25258593728620293 0.3630796875712657 0.22292812542759408 0.32389218700114025 0.23063906271379703 0.33309531242873436 0.26317968757126564 0.3725812497149373 0.25258593728620293
0 0.355360937286203 0.13039218700114025 0.33042343785632844 0.06277031242873432 0.22532968757126567 0.09895468757126567 0.24937656214367163 0.15821718700114026 0.355360937286203 0.13039218700114025
0 0.8891453124287343 0.04022968757126568 0.8974593751425314 0.07819375028506272 0.9467406248574686 0.06751562485746863 0.9369437502850627 0.02834687457240593 0.8891453124287343 0.04022968757126568
0 0.7038953124287344 0.3385968745724059 0.7068640627137971 0.3558 0.7650515621436715 0.34275 0.7588171870011402 0.329003125427594 0.7038953124287344 0.3385968745724059
0 0.998753125427594 0.5153640627137971 0.998753125427594 0.4774 0.974053125427594 0.47858593728620297 0.9805843751425314 0.514025 0.998753125427594 0.5153640627137971
0 0.7205203124287343 0.520703125427594 0.7193328129988598 0.5307859372862029 0.7965218745724059 0.5349375005701255 0.7980046875712656 0.5175828129988598 0.7205203124287343 0.520703125427594
0 0.9592093751425314 0.29292343785632835 0.959803125427594 0.26089218700114025 0.9259593751425313 0.2650437502850627 0.9298171870011402 0.2934234378563284 0.9592093751425314 0.29292343785632835
0 0.9348656248574687 0.34986875028506276 0.9752406248574687 0.34571406271379707 0.9657406248574686 0.30656562485746863 0.929521874572406 0.3148703124287343 0.9348656248574687 0.34986875028506276
0 0.6860828129988598 0.24309531242873433 0.7846453124287344 0.23123281299885975 0.7766296875712657 0.1866812497149373 0.6771765621436715 0.20275937514253137 0.6860828129988598 0.24309531242873433
0 0.12973593728620297 0.34571406271379707 0.13151562485746865 0.3314796875712657 0.09796875028506272 0.33256249942987454 0.09589218700114024 0.34690156214367157 0.12973593728620297 0.34571406271379707
0 0.7573328129988598 0.08056562485746864 0.7537703124287343 0.06455 0.6617375005701255 0.07997187457240593 0.664410937286203 0.09417031242873432 0.7573328129988598 0.08056562485746864