0 0.3013296875712657 0.7698359372862029 0.29836093728620294 0.7348374994298746 0.2401734378563284 0.7354312497149373 0.25026718700114026 0.7692421870011402 0.3013296875712657 0.7698359372862029
0 0.20989218700114023 0.9649906248574687 0.20157968757126565 0.9418562497149373 0.15704687457240593 0.9466015621436716 0.15853281299885974 0.9676812497149373 0.20989218700114023 0.9649906248574687
0 0.2894546875712657 0.7194156248574687 0.2876734378563284 0.6861984378563284 0.2395796875712657 0.6885703124287343 0.2449234378563284 0.7230624994298746 0.2894546875712657 0.7194156248574687
0 0.3031109372862029 0.6523874994298745 0.2977687502850627 0.597814062713797 0.2496734378563284 0.5990015621436716 0.25293906271379707 0.6545687502850627 0.3031109372862029 0.6523874994298745
0 0.18554843785632838 0.5918828129988598 0.17664218700114026 0.5610375005701255 0.14754687457240592 0.5645968745724059 0.1522984378563284 0.5972218745724059 0.18554843785632838 0.5918828129988598
0 0.2140484378563284 0.7431421870011402 0.20157968757126565 0.7004328129988597 0.1689234378563284 0.7034 0.17189218700114026 0.746189062713797 0.2140484378563284 0.7431421870011402
0 0.7579265621436716 0.8594046875712656 0.7466453124287343 0.8279656248574686 0.7151765621436715 0.8315250000000001 0.7234890627137971 0.865335937286203 0.7579265621436716 0.8594046875712656
0 0.9128968745724059 0.8511015621436716 0.9081453124287343 0.8161031254275941 0.8725218745724059 0.8184750000000001 0.8745999999999999 0.8520421870011402 0.9128968745724059 0.8511015621436716
0 0.846396874572406 0.857625 0.8386765621436717 0.8232218745724059 0.8119578129988597 0.823814062713797 0.8167078129988598 0.8609374994298746 0.846396874572406 0.857625
0 0.3060796875712657 0.36113749942987455 0.30548593728620294 0.3279203124287343 0.22711093728620296 0.3273265621436716 0.23126718700114027 0.36232343785632837 0.3060796875712657 0.36113749942987455
0 0.265110937286203 0.32020937514253134 0.25857968757126565 0.2869906248574686 0.21998593728620297 0.2858046875712657 0.2280015621436716 0.32099843785632837 0.265110937286203 0.32020937514253134
0 0.3702062497149373 0.310125 0.36367499999999997 0.2597046875712657 0.32745468757126567 0.26207656214367164 0.33309531242873436 0.31299218700114023 0.3702062497149373 0.310125
0 0.3512062497149373 0.24665468757126568 0.34111093728620295 0.18377812542759409 0.27223593728620293 0.18911718700114025 0.2787671870011403 0.255175 0.3512062497149373 0.24665468757126568
0 0.17961093728620295 0.18259218700114027 0.17367343785632838 0.14581562485746863 0.12142343785632839 0.15234062485746866 0.12825 0.18401250057012541 0.17961093728620295 0.18259218700114027
0 0.15704687457240593 0.3391906248574686 0.1469531254275941 0.2899562497149373 0.09707812542759407 0.29114375028506273 0.10360937514253135 0.3445296875712657 0.15704687457240593 0.3391906248574686
0 0.04542343785632839 0.3907968745724059 0.04245312542759407 0.35817187457240596 0.010984375142531358 0.36113749942987455 0.019593750285062713 0.39393906271379703 0.04542343785632839 0.3907968745724059
0 0.07986093728620297 0.3907968745724059 0.07570312542759408 0.3575796875712656 0.05017187457240593 0.36113749942987455 0.054923437856328396 0.3907968745724059 0.07986093728620297 0.3907968745724059
0 0.09707812542759407 0.47206093728620296 0.1327046875712657 0.46790937514253134 0.12736093728620296 0.4293531254275941 0.09114062485746864 0.4335062497149373 0.09707812542759407 0.47206093728620296
0 0.06917187457240592 0.47206093728620296 0.06204687457240593 0.43884375028506273 0.03295312542759407 0.43825000000000003 0.03651562485746864 0.47488593728620293 0.06917187457240592 0.47206093728620296
0 0.3179546875712657 0.16894843785632838 0.30964218700114027 0.11615624971493729 0.27817343785632836 0.11675 0.2823296875712657 0.17191562485746864 0.3179546875712657 0.16894843785632838
0 0 0.1671687502850627 0.0008906248574686432 0.18496562485746865 0.078375 0.1768968745724059 0.07748437514253136 0.16064531242873434 0 0.1671687502850627
0 0.34289218700114027 0.0012453124287343214 0.25798593728620295 0.0012453124287343214 0.279360937286203 0.04734687457240593 0.35061093728620296 0.04675468757126568 0.34289218700114027 0.0012453124287343214
0 0.7668328129988597 0.17784687457240594 0.7573328129988598 0.1363234378563284 0.6700515621436716 0.14818750057012545 0.678660937286203 0.1866812497149373 0.7668328129988597 0.17784687457240594
0 0.7608953124287343 0.056245312428734325 0.7519890627137971 0.021842187001140254 0.7151765621436715 0.02540156214367161 0.721410937286203 0.05859062485746864 0.7608953124287343 0.056245312428734325
0 0.6035515621436716 0.32376718700114027 0.6023624994298746 0.27631406271379705 0.5643625005701255 0.27631406271379705 0.5682218745724059 0.3236671870011403 0.6035515621436716 0.32376718700114027
0 0.998753125427594 0.06870312542759406 0.998753125427594 0.031925 0.9645531254275941 0.03607656214367161 0.9698968745724059 0.07104375028506271 0.998753125427594 0.06870312542759406
0 0.7228953124287344 0.13929062485746863 0.721114062713797 0.10844531242873431 0.6629265621436716 0.09005781299885975 0.6697546875712657 0.1484312497149373 0.7228953124287344 0.13929062485746863
0 0.7519890627137971 0.671960937286203 0.7466453124287343 0.6328124994298745 0.7104265621436716 0.6339984378563284 0.7151765621436715 0.6723593751425314 0.7519890627137971 0.671960937286203
0 0.8125531254275941 0.6013734378563284 0.8677703124287344 0.6019656248574686 0.869553125427594 0.5729015621436716 0.8119578129988597 0.5782406248574686 0.8125531254275941 0.6013734378563284
0 0.998753125427594 0.45960468757126566 0.9972093751425314 0.44299687457240594 0.981178125427594 0.4471484378563284 0.9805843751425314 0.46154218700114025 0.998753125427594 0.45960468757126566
0 0.9776156248574687 0.42579375028506267 0.998753125427594 0.42579375028506267 0.998753125427594 0.4103718745724059 0.9752406248574687 0.4103718745724059 0.9776156248574687 0.42579375028506267
0 0.6077062497149374 0.46612968757126566 0.6005828129988597 0.4299468745724059 0.5685187502850627 0.4323187502850627 0.5717843751425313 0.4651015621436716 0.6077062497149374 0.46612968757126566
0 0.6498625005701254 0.6832312497149373 0.647489062713797 0.6476406248574686 0.5869249999999999 0.6476406248574686 0.5958312497149373 0.6883718745724059 0.6498625005701254 0.6832312497149373
0 0.6385828129988598 0.7484812497149372 0.6338312497149373 0.7152625005701254 0.5839562497149373 0.7206015621436717 0.5839562497149373 0.756785937286203 0.6385828129988598 0.7484812497149372