0 0.6251026077537057 0.30232704446978337 0.5886100524515393 0.29888688939566704 0.5861565689851768 0.3543256476624857 0.6236446031927024 0.3596835176738883 0.6251026077537057 0.30232704446978337
0 0.4435242736602053 0.5634144925883694 0.4423530045610034 0.6205697468643102 0.4973041322690992 0.6240485952109464 0.4988890992018244 0.5747871949828962 0.4435242736602053 0.5634144925883694
0 0.4178532941847206 0.7437723705815279 0.41652665222348917 0.7979629429874572 0.45436365564424175 0.8043070262257697 0.45547269327251994 0.7459643397947548 0.4178532941847206 0.7437723705815279
0 0.5981077696693273 0.9799497525655644 0.6724092930444697 0.989139330672748 0.6823925974914481 0.9354166567844926 0.6029050456100341 0.923793598631699 0.5981077696693273 0.9799497525655644
0 0.6681798129988598 0.5676987400228051 0.6690142725199544 0.6063111094640821 0.7013253911060433 0.6151415530216648 0.7041447023945268 0.572355677309008 0.6681798129988598 0.5676987400228051
0 0.046810012542759405 0.5134318517673888 0.0457119669327252 0.5265745176738883 0.12270914481185861 0.5304156864310148 0.11904837514253135 0.5173784709236032 0.046810012542759405 0.5134318517673888
0 0.061782799315849485 0.4924272633979475 0.06543440364880274 0.5053194469783353 0.12163707639680729 0.5099593842645381 0.11849270695553021 0.4954008711516534 0.061782799315849485 0.4924272633979475
0 0.639403582668187 0 0.6406354264538199 0.06481048574686431 0.681191473204105 0.06625242303306728 0.6803020205245154 0 0.639403582668187 0
0 0.5194753899657925 0.024770075256556442 0.5185265222348917 0.06347903420752565 0.6376349897377422 0.06437316761687571 0.6382707879133409 0.025362992018244015 0.5194753899657925 0.024770075256556442
0 0.8722902018244014 0.7592085735461802 0.8692795701254277 0.7926713705815279 0.9071476488027366 0.7996083911060434 0.905677621436716 0.7658562588369441 0.8722902018244014 0.7592085735461802
0 0.7152340877993159 0.5795054150513113 0.7098454355758267 0.6356925632839225 0.7535319407069556 0.6400527890535918 0.7575697879133408 0.5921555096921323 0.7152340877993159 0.5795054150513113