0 0.10625768072976054 0.07859555530216648 0.07403416191562144 0.08709206727480046 0.08510077879133408 0.12593707525655645 0.1211708551881414 0.11535657924743443 0.10625768072976054 0.07859555530216648
0 0.22328651083238313 0.04107874800456101 0.18930150285062713 0.0555119566704675 0.2010053922462942 0.09002581527936146 0.22994232497149375 0.07085344811858608 0.22328651083238313 0.04107874800456101
0 0.3088147434435576 0.0400662314709236 0.306649566704675 0.02778690992018244 0.24693363511972635 0.039722171037628276 0.2543903568985177 0.05810345267958951 0.3088147434435576 0.0400662314709236
0 0.43988945496009124 0.23360025085518815 0.5121943671607754 0.25320814709236034 0.540242354618016 0.16526092474344356 0.47042373432155077 0.14380889623717216 0.43988945496009124 0.23360025085518815
0 0.7463429258836943 0.33009171151653366 0.8390872143671608 0.34609559407069557 0.8558363922462943 0.2896832246294185 0.7493060775370581 0.2831451915621437 0.7463429258836943 0.33009171151653366
0 0.8654805062713796 0.9420031220068416 0.8638991790193843 0.9170993728620297 0.8065863546180159 0.9187644355758267 0.8068844458380844 0.9523351881413911 0.8654805062713796 0.9420031220068416
0 0.6474517651083238 0.9804474720638541 0.7510150706955531 0.9621864663625997 0.7634595108323832 0.9052686145952109 0.6621372873432154 0.8964049372862029 0.6474517651083238 0.9804474720638541
0 0.29561146522234893 0.3476680570125427 0.3302410969213227 0.3528172884834664 0.34041876738882554 0.32288743899657923 0.3050674104903079 0.3136451014823261 0.29561146522234893 0.3476680570125427
0 0.29826217103762825 0.41050775484606616 0.3343349817559863 0.42384166248574684 0.34571424287343216 0.3768184743443558 0.31172622919042187 0.3673357423033067 0.29826217103762825 0.41050775484606616
0 0.15084616875712656 0.3394327354618016 0.18707799885974916 0.3457051881413911 0.2075147149372862 0.2942702896237172 0.16895715051311289 0.282780244013683 0.15084616875712656 0.3394327354618016
0 0.06402630102622577 0.2534510307867731 0.06362962029646523 0.28306354389965793 0.09344722576966932 0.2848393112884835 0.09873730672748005 0.2670250592930445 0.06402630102622577 0.2534510307867731
0 0.04720507183580388 0.4210129612314709 0.06131221436716078 0.3974236567844926 0.019788836944127707 0.38504924629418474 0.014421653363740024 0.4183528289623717 0.04720507183580388 0.4210129612314709
0 0.05634717901938427 0.44894352907639684 0.05217557468643101 0.4173218916761688 0.01153594754846066 0.4258950718358039 0.02324110490307868 0.46040712086659064 0.05634717901938427 0.44894352907639684
0 0.13634620296465222 0.46438011060433293 0.1765848779931585 0.46150531356898516 0.17994744355758266 0.40886068301026224 0.145077417331813 0.4023481083238312 0.13634620296465222 0.46438011060433293
0 0.16094620068415053 1 0.15922672405929306 0.9527244344355758 0.09702476966932724 0.9665053660205246 0.10248412656784493 1 0.16094620068415053 1
0 0.10249540935005702 1 0.09878779817559863 0.9605683990877993 0.07626335233751425 0.9603197001140251 0.0814970433295325 1 0.10249540935005702 1
0 0.16217761915621437 0.7383711345496009 0.18092895210946408 0.6773869498289624 0.14493905473204105 0.6724775701254276 0.12634520296465224 0.7264005701254276 0.16217761915621437 0.7383711345496009
0 0.2738266670467503 0.590666070695553 0.30340541619156214 0.5910782234891676 0.314224433295325 0.5568133352337514 0.28183889053591793 0.548455362599772 0.2738266670467503 0.590666070695553
0 0.03856811858608895 0.3319979144811859 0.02458587229190422 0.3790786670467503 0.0933021778791334 0.39499900912200686 0.10372119840364881 0.3530667833523375 0.03856811858608895 0.3319979144811859
0 0.5044923249714938 0.30651798859749146 0.5377571961231471 0.31753237514253135 0.5618591356898518 0.2707774298745724 0.5191636727480046 0.2599170501710376 0.5044923249714938 0.30651798859749146