0 0.251702338654504 0.8194423648802736 0.24419552451539336 0.7897353204104903 0.2098106282782212 0.793776558722919 0.22358947434435575 0.8365349988597492 0.251702338654504 0.8194423648802736
0 0.3767453158494869 1 0.37672797263397945 0.9808145564424173 0.356077259977195 0.9742549042189282 0.3500012474344356 0.9358924720638541 0.3172644503990878 0.9326502805017104 0.320272984036488 1 0.3767453158494869 1
0 0.3367830102622577 0.7905189076396807 0.33092405017103765 0.7535268916761687 0.2938060353477765 0.7580010136830102 0.3048504640820981 0.801194125427594 0.3367830102622577 0.7905189076396807
0 0.16590015051311288 0.26001954846066133 0.12884893728620297 0.25605589965792475 0.12262359977194982 0.2963666738882554 0.16765866020524514 0.2976610114025085 0.16590015051311288 0.26001954846066133
0 0.790488992018244 0.18777917787913342 0.757448850627138 0.16492264310148233 0.7382740912200684 0.20307001938426456 0.7638295062713797 0.22289763169897378 0.790488992018244 0.18777917787913342
0 0.6841327947548461 0.3211923033067275 0.7204706761687572 0.3294817377423033 0.7478219714937286 0.26335296009122006 0.7099014925883694 0.25391097035347776 0.6841327947548461 0.3211923033067275
0 0.27608332155074117 0.309981023945268 0.3140038004561003 0.31942301368301024 0.3168422633979475 0.27543744469783354 0.2791401356898518 0.26736408551881413 0.27608332155074117 0.309981023945268
0 0.4411264344355758 0.3259735496009122 0.47364309236031926 0.3278458118586089 0.4767014492588369 0.28522862941847205 0.44073371265678446 0.2881157685290764 0.4411264344355758 0.3259735496009122
0 0.7409045803876854 0.33467251539338655 0.7537915860889396 0.3452714082098062 0.7852433318129989 0.2784931824401368 0.7657413534777651 0.2703467936145952 0.7409045803876854 0.33467251539338655
0 0.5076032075256556 0.4980237651083238 0.48946523033067274 0.4896597582668187 0.4801622896237172 0.5459075621436716 0.4903798916761688 0.5485020570125427 0.5076032075256556 0.4980237651083238
0 0.7240326031927024 0.4581255347776511 0.7394374629418472 0.46692242645381987 0.7578092690992019 0.4148558540478905 0.7442060912200683 0.40858477765108325 0.7240326031927024 0.4581255347776511
0 0.7091979236031928 0.5236750889395667 0.7251006031927024 0.5267755336374003 0.7323215815279361 0.4750718654503991 0.7157695313568985 0.4678614675028506 0.7091979236031928 0.5236750889395667
0 0.8594944344355758 0.6234623945267959 0.876306220068415 0.5969244766248574 0.8543503489167618 0.5821443511972634 0.837974212086659 0.6114228597491448 0.8594944344355758 0.6234623945267959
0 0.7933604082098061 0.34743151197263394 0.8062458711516534 0.3580306499429875 0.827438629418472 0.3237748768529076 0.8165714127708097 0.3170688848346636 0.7933604082098061 0.34743151197263394
0 0.7814718882554162 0.3254376944127708 0.7927732098061574 0.3348845210946408 0.8159842143671607 0.30452189395667045 0.8005829315849486 0.29572760091220074 0.7814718882554162 0.3254376944127708
0 0.651789857468643 0.7715243112884834 0.6677544652223489 0.7661861755986318 0.664845677309008 0.7301316955530217 0.6454967924743443 0.7317914629418472 0.651789857468643 0.7715243112884834