0 0.8712328129988598 0.5082124994298746 0.9021453124287343 0.49175468757126567 0.8825281254275941 0.4443015621436716 0.849235937286203 0.454978125427594 0.8712328129988598 0.5082124994298746
0 0.9363296875712658 0.1123765621436716 0.966946874572406 0.08009062485746865 0.9443562497149373 0.053990624857468646 0.9122515621436716 0.08365 0.9363296875712658 0.1123765621436716
0 0.793946874572406 0.10915624971493729 0.8195125005701254 0.1355046875712657 0.9211703124287343 0.027298437856328392 0.8973906248574687 0.0029781254275940707 0.793946874572406 0.10915624971493729
0 0.14178593728620295 0.9004921870011402 0.14594843785632838 0.8589296875712656 0.10909062485746863 0.8565578129988597 0.10492812542759408 0.8927406248574686 0.14178593728620295 0.9004921870011402
0 0.04815312542759407 0.7919703124287343 0.058557812998859746 0.7616499999999999 0.02407812542759407 0.7491937502850627 0.010998437856328393 0.7824109372862029 0.04815312542759407 0.7919703124287343
0 0.0811484378563284 0.7658015621436717 0.0811484378563284 0.8026453124287343 0.11444062485746864 0.7984265621436716 0.11444062485746864 0.7658015621436717 0.0811484378563284 0.7658015621436717
0 0.44854687457240594 0.13906250057012542 0.47648750057012546 0.116275 0.4663812497149373 0.10144531242873432 0.43903437514253135 0.12576562485746864 0.44854687457240594 0.13906250057012542
0 0.4342781254275941 0.11504531242873432 0.4592468745724059 0.09136093728620297 0.44914062485746864 0.07890468757126567 0.42417187457240596 0.10263124971493728 0.4342781254275941 0.11504531242873432
0 0.5739843751425313 0.029078125427594068 0.5299921870011403 0.06170312542759407 0.5395046875712657 0.07475156214367161 0.5882515621436716 0.04746718700114025 0.5739843751425313 0.029078125427594068
0 0.08650000000000001 0.17909062485746866 0.08412187457240593 0.142375 0.047262500570125425 0.15008593728620298 0.053801562143671613 0.18330312542759408 0.08650000000000001 0.17909062485746866
0 0.3183515621436716 0.03498749942987457 0.34094218700114026 0.014248437856328391 0.3290531254275941 0 0.2910046875712657 0.0017921870011402509 0.3183515621436716 0.03498749942987457
0 0.22501562485746865 0.855964062713797 0.2755484378563284 0.8666906248574686 0.2826828129988597 0.850625 0.22501562485746865 0.8429140627137971 0.22501562485746865 0.855964062713797
0 0.37988281299885973 0.9987546875712657 0.37542343785632837 0.9722265621436716 0.30586718700114024 0.988835937286203 0.3040843751425314 0.9987546875712657 0.37988281299885973 0.9987546875712657
0 0.953271874572406 0.6745546875712657 0.9520843751425313 0.688689062713797 0.9987515621436717 0.688689062713797 0.9987515621436717 0.6726734378563284 0.953271874572406 0.6745546875712657