0 0.8733124241733181 0 0.863966441277081 0.028762956670467504 0.9348185131128848 0.04910943671607754 0.9270403420752565 0 0.8733124241733181 0
0 0.38844282554161913 0.19570342873432156 0.38207770923603196 0.2693812485746864 0.4168223534777651 0.2743034640820981 0.42724449030786776 0.20156979817559864 0.38844282554161913 0.19570342873432156
0 0.5765160969213227 0.29383735347776513 0.5842212177879132 0.25898415621436716 0.48572169099201823 0.24816119156214367 0.4817379350057013 0.2856348118586089 0.5765160969213227 0.29383735347776513
0 0.40591417445838085 0.3857190912200684 0.4024662770809578 0.4132916750285063 0.445477732041049 0.4210667377423033 0.4490360718358039 0.3884981801596351 0.40591417445838085 0.3857190912200684
0 0.6788656818700114 0.5604952896237172 0.6798729771949829 0.5212988916761687 0.6446217856328392 0.522677237172178 0.6446081299885975 0.562443968072976 0.6788656818700114 0.5604952896237172
0 0.1974820843785633 0.6145169350057011 0.20263037286202965 0.6887726510832384 0.2768338871151653 0.682835315849487 0.28159551767388824 0.6180110877993158 0.1974820843785633 0.6145169350057011
0 0.04705136944127708 0.6629662873432155 0.03861140820980616 0.7159530045610035 0.08409898061573547 0.7241695906499429 0.08541874002280501 0.6622951071835804 0.04705136944127708 0.6629662873432155
0 0.24772357354618013 0.7723174070695553 0.24503274458380844 0.850216158494869 0.30253748118586093 0.8489169395667047 0.29690684150513114 0.7697180079817559 0.24772357354618013 0.7723174070695553
0 0.4101123443557583 0.9549945142531356 0.4105890501710376 0.992154 0.4651896750285063 0.9877110034207525 0.46276942645381985 0.9496570433295325 0.4101123443557583 0.9549945142531356
0 0.7313080319270239 0.7473735302166477 0.725241258836944 0.7849698301026226 0.7907068608893957 0.7959783500570125 0.7973992588369442 0.7585265838084378 0.7313080319270239 0.7473735302166477
0 0.7879155131128848 0.6417157844925884 0.7862229464082098 0.6575979726339796 0.8213797115165337 0.6556334298745724 0.8192740684150513 0.6347478768529077 0.7879155131128848 0.6417157844925884
0 0.8033633671607754 0.5912244515393386 0.7993621630558723 0.6266901436716078 0.8175594389965792 0.6296154139110605 0.8228717765108324 0.5929390866590649 0.8033633671607754 0.5912244515393386
0 0 0.4276430992018244 0.03488738882554162 0.4248563740022805 0.0373944606613455 0.38943590992018245 0 0.39237242417331814 0 0.4276430992018244
0 0.2088425883694413 0.337056574686431 0.24591456556442418 0.339593157354618 0.2480894526795895 0.28880103192702394 0.21277939110604333 0.2841044196123147 0.2088425883694413 0.337056574686431
0 0.735821645381984 0.2938304526795895 0.7847150592930445 0.2950942725199544 0.7809083215507411 0.25966293386545036 0.7439278358038769 0.25581622120866593 0.735821645381984 0.2938304526795895
0 0.7123488209806157 0.2519034070695553 0.7042427810718358 0.28802082440136834 0.7278253226909921 0.29078764196123147 0.7338951984036488 0.25509871379703536 0.7123488209806157 0.2519034070695553
0 0.5002635883694413 0.16538124059293044 0.49887930216647663 0.17941431128848345 0.5506499578107183 0.1855600102622577 0.5545910969213227 0.1705904298745724 0.5002635883694413 0.16538124059293044
0 0.879058401368301 0.5263848563283923 0.8700407901938426 0.602283078677309 0.9332089110604334 0.5968881117445838 0.9339405165336374 0.5236991482326112 0.879058401368301 0.5263848563283923