0 0.35843094184720636 0.8483213352337514 0.3207002953249715 0.8421866955530216 0.31234640136830105 0.8767937901938427 0.3492336077537058 0.8820346237172177 0.35843094184720636 0.8483213352337514
0 0.19196190992018244 0.6893176727480046 0.15688552793614594 0.6892615279361459 0.15327356442417334 0.7241171345496009 0.19122148688711516 0.7261059007981756 0.19196190992018244 0.6893176727480046
0 0.34627141049030785 0.5471253010262258 0.31131924287343216 0.5446989703534777 0.3160782018244014 0.6013772736602052 0.3473702189281642 0.5942286111744585 0.34627141049030785 0.5471253010262258
0 0.8174586864310147 0.5189545427594071 0.778230189281642 0.5186807947548461 0.7729030444697833 0.5522589486887115 0.8214994994298745 0.5495986442417332 0.8174586864310147 0.5189545427594071
0 0.9476162383124287 0.2703601482326112 0.9864396157354618 0.27833418472063853 0.9977271163055872 0.2444753990877993 0.9575803694412771 0.23339033979475482 0.9476162383124287 0.2703601482326112
0 0.7606846773090079 0.15008081641961232 0.762361062713797 0.11809346522234893 0.7195454344355758 0.11822628734321551 0.7207701014823261 0.15155324287343216 0.7586585461801596 0.14903428164196125 0.7606846773090079 0.15008081641961232
0 0.6517906408209807 0.3332624754846066 0.697510362599772 0.3344709794754846 0.7008911904218927 0.2983233785632839 0.6529982246294185 0.29887542417331814 0.6517906408209807 0.3332624754846066
0 0.12294428962371722 0.16833689623717218 0.08584082896237173 0.1729247765108324 0.08959401140250856 0.2034145496009122 0.12640640592930444 0.19873787799315848 0.12294428962371722 0.16833689623717218
0 0.14950861231470924 0.08122340364880273 0.11974075826681871 0.09332424743443558 0.13345119954389967 0.12671255302166476 0.16485914025085519 0.11167946522234892 0.14950861231470924 0.08122340364880273
0 0.4001498734321551 0.14306633295324972 0.3519341904218928 0.14410371607753705 0.35278322576966936 0.16196794526795893 0.4014504903078678 0.15792664310148233 0.4001498734321551 0.14306633295324972
0 0.39462097605473206 0.1237692770809578 0.3491217069555302 0.12969928164196123 0.350996669327252 0.13930275712656784 0.3990101630558723 0.13642101596351197 0.39462097605473206 0.1237692770809578
0 0.3927428380843786 0.10288141961231471 0.3509563945267959 0.10603630900798175 0.3545186670467503 0.11750877879133409 0.39488416875712656 0.1130449156214367 0.3927428380843786 0.10288141961231471
0 0.36935603762827823 0.06126447662485747 0.3304426944127708 0.06635206955530216 0.33391026339794755 0.07960170581527935 0.37366836259977193 0.07541268072976055 0.36935603762827823 0.06126447662485747
0 0.3673273454960091 0.05462420296465222 0.3656060319270239 0.04205908323831243 0.3331233238312429 0.04926738654503991 0.334248661345496 0.06179970695553022 0.3673273454960091 0.05462420296465222
0 0.5720513740022805 0.5387614994298746 0.5731223112884835 0.5750516567844927 0.607910976054732 0.5749253067274801 0.6072224583808438 0.5370404777651083 0.5720513740022805 0.5387614994298746
0 0.052179639680729764 0.5542841619156215 0.047259228050171034 0.5914463272519955 0.09951057126567844 0.5928187696693272 0.10142598517673887 0.5562704903078677 0.052179639680729764 0.5542841619156215
0 0.5756399281641961 0.6518073591790193 0.5679456921322691 0.6965472383124288 0.6106598791334094 0.6926476944127709 0.6154287263397947 0.6527050376282783 0.5756399281641961 0.6518073591790193