0 0.012884977194982895 0.706019724059293 0.020159741163055873 0.7389341003420753 0.07732495895096922 0.7179041071835803 0.0686676362599772 0.6850606237172179 0.012884977194982895 0.706019724059293
0 0.7292545712656784 0.37158825883694413 0.8144360490307867 0.4351031881413911 0.8484493055872292 0.39586304332953254 0.7603563249714937 0.32972658608893957 0.7292545712656784 0.37158825883694413
0 0.5908086522234891 0 0.5550855438996579 0.013074730900798175 0.5696399669327252 0.052545230330672744 0.6233860228050172 0.01920700228050171 0.6119549897377423 0 0.5908086522234891 0
0 0.8890214789053592 0.0052856374002280505 0.872631968072976 0.03666609236031927 0.9030635085518814 0.06143080387685291 0.9275381664766248 0.025464671607753706 0.8890214789053592 0.0052856374002280505
0 0.841741361459521 0.10903821436716078 0.8566759407069555 0.0763477354618016 0.8226013420752566 0.061484129988597494 0.8004597183580388 0.08900408437856329 0.841741361459521 0.10903821436716078
0 0.7711156818700114 0 0.770843377423033 0.000379502850627138 0.8036789258836944 0.018082158494868873 0.8084159657924744 0.0025739247434435576 0.8041959863169897 0 0.7711156818700114 0
0 0.7700394503990878 0.011521222348916763 0.7625358928164195 0.027174442417331815 0.7939889635119726 0.04494955074116305 0.8026573956670467 0.025071763968072976 0.7700394503990878 0.011521222348916763
0 0.7489128996579247 0.05840990877993159 0.7972581596351198 0.08084796465222349 0.8057091516533638 0.05682118358038769 0.7604944754846067 0.04115512884834664 0.7489128996579247 0.05840990877993159
0 0.6824536499429874 0.9345216100342075 0.7881816499429875 0.9400802280501711 0.7943751003420753 0.925880377423033 0.6844225336374002 0.9191568859749145 0.6824536499429874 0.9345216100342075
0 0.6990826864310148 0.4841559783352337 0.6567021630558724 0.49608723033067276 0.670597646522235 0.5494659623717217 0.7142896738882555 0.5360781391106043 0.6990826864310148 0.4841559783352337
0 0.07399597947548461 0.6279018620296465 0.1270105621436716 0.6070878312428735 0.12213490992018244 0.5934696522234892 0.06467971835803878 0.6089666134549601 0.07399597947548461 0.6279018620296465
0 0.07094422348916761 0.5961524424173318 0.1200983078677309 0.5810905245153934 0.11770067616875714 0.561792685290764 0.06199055302166477 0.5841358232611175 0.07094422348916761 0.5961524424173318
0 0.703963409350057 0.41654538312428735 0.7584391870011402 0.32150784606613453 0.6986349965792474 0.28083826909920184 0.6409972964652223 0.3722675929304447 0.703963409350057 0.41654538312428735
0 0.8676859110604334 0.5114490592930444 0.9150719327251996 0.4512756636259977 0.8404965678449259 0.40106451083238315 0.8017176978335233 0.4609401607753706 0.8676859110604334 0.5114490592930444
0 0.85272869327252 0.5550525541619157 0.8512740604332953 0.5045766955530216 0.7494217183580387 0.5011384606613455 0.7478434777651084 0.5504386237172177 0.85272869327252 0.5550525541619157
0 0.9075669281641962 0.9661099441277081 0.8966549099201825 0.9167258574686431 0.8784619737742303 0.9212482622576966 0.8907794652223489 0.9690879258836944 0.9075669281641962 0.9661099441277081