0 0.14158906271379704 0 0.1576203124287343 0.07890468757126567 0.20096406271379705 0.07297187457240592 0.1760265621436716 0.000012500570125427595 0.14158906271379704 0
0 0.24668281299885975 0.21200312542759406 0.23421406271379702 0.155425 0.19205781299885974 0.168475 0.2116515621436716 0.22304531242873432 0.24668281299885975 0.21200312542759406
0 0.13030781299885974 0.18804843785632838 0.14633906271379704 0.2272 0.17543281299885977 0.20999687457240593 0.1665265621436716 0.1744062497149373 0.13030781299885974 0.18804843785632838
0 0.5557312497149373 0.060784375142531356 0.5595906248574687 0.09076875028506272 0.6159968745724059 0.0878015621436716 0.6118421870011402 0.050432812998859745 0.5557312497149373 0.060784375142531356
0 0.821435937286203 0 0.8291562497149373 0.02520312542759407 0.8647812497149372 0.018993750285062713 0.8612187502850628 0 0.821435937286203 0
0 0.8968437502850627 0.295414062713797 0.90575 0.3285312497149373 0.9490937502850627 0.3209203124287343 0.9455312497149373 0.2841437502850627 0.8968437502850627 0.295414062713797
0 0.9289062497149373 0.36055312542759405 0.93425 0.39328750057012546 0.9663125005701254 0.3861687502850627 0.960375 0.3505796875712657 0.9289062497149373 0.36055312542759405
0 0.7430609372862029 0.3624421870011403 0.7587953124287343 0.3988015621436716 0.8101562497149373 0.3772718745724059 0.8018421870011403 0.3458328129988597 0.7430609372862029 0.3624421870011403
0 0.667060937286203 0.5000593751425314 0.6822015621436716 0.5518000000000001 0.7175296875712657 0.5392093751425313 0.7044671870011403 0.4881953124287343 0.667060937286203 0.5000593751425314
0 0.11754218700114025 0.38723749942987457 0.10477500000000001 0.35413750057012544 0.050151562143671606 0.37608593728620293 0.06736875028506271 0.40811718700114025 0.11754218700114025 0.38723749942987457
0 0.19502656214367162 0.38367968757126564 0.21343281299885974 0.41582812542759406 0.26212031242873435 0.3903218745724059 0.25558906271379705 0.36362812542759404 0.19502656214367162 0.38367968757126564
0 0.08547812542759407 0.43616250057012546 0.095275 0.4698062497149373 0.15168281299885975 0.450825 0.1427765621436716 0.4187937502850627 0.08547812542759407 0.43616250057012546
0 0.09082343785632839 0.5598062497149373 0.10655781299885975 0.5866625005701255 0.13743281299885976 0.569460937286203 0.12377656214367161 0.5463281254275941 0.09082343785632839 0.5598062497149373
0 0.17097968757126566 0.6540953124287343 0.1831515621436716 0.6869093751425314 0.21937031242873434 0.6643687502850627 0.20333906271379704 0.6293718745724058 0.17097968757126566 0.6540953124287343
0 0.006212499429874573 0.8969343751425314 0.04658906271379703 0.8607093751425314 0.027589062713797036 0.8369828129988597 0 0.8601171870011403 0.006212499429874573 0.8969343751425314
0 0.7745296875712656 0.93545 0.7875937502850627 0.976971874572406 0.8333125005701254 0.9526531254275942 0.8238125005701254 0.9224 0.7745296875712656 0.93545
0 0.6914046875712656 0.7711406248574687 0.702685937286203 0.8026453124287343 0.73475 0.7865625005701253 0.7234671870011402 0.7574968745724059 0.6914046875712656 0.7711406248574687
0 0.86775 0.6815703124287343 0.8825937502850627 0.7110234378563284 0.917625 0.6958062497149373 0.90575 0.6673343751425314 0.86775 0.6815703124287343
0 0.8422187502850628 0.615728125427594 0.8529046875712657 0.6536906248574686 0.8831875005701254 0.6424203124287343 0.8742812497149373 0.609796874572406 0.8422187502850628 0.615728125427594
0 0.17187031242873432 0.10797031242873432 0.2119484378563284 0.09903437514253137 0.2069015621436716 0.08424218700114025 0.1736515621436716 0.09076875028506272 0.17187031242873432 0.10797031242873432
0 0.49843593728620295 0.9621437502850627 0.46043593728620297 0.9692609372862029 0.4634046875712657 0.9987546875712657 0.509121874572406 0.9983265621436715 0.49843593728620295 0.9621437502850627
0 0.07924375028506271 0.8162218745724059 0.095275 0.8311093751425314 0.1356515621436716 0.7960531254275941 0.12437031242873432 0.7788515621436716 0.07924375028506271 0.8162218745724059
0 0.05846406271379704 0.8049515621436716 0.06944687457240593 0.8177671870011403 0.11249531242873433 0.7794453124287343 0.10121249942987458 0.7705468745724059 0.05846406271379704 0.8049515621436716