0 0.6676765621436715 0.11390156214367161 0.6305656248574686 0.11059843785632839 0.6231453124287343 0.14474687457240593 0.6611453124287343 0.1488984378563284 0.6676765621436715 0.11390156214367161
0 0.8345218745724059 0.2580437502850627 0.7965218745724059 0.2580437502850627 0.7977078129988597 0.2948203124287343 0.8327390627137969 0.2930406248574686 0.8345218745724059 0.2580437502850627
0 0.6783640627137971 0.389135937286203 0.647489062713797 0.39791250057012545 0.6510515621436715 0.44489375028506273 0.6860828129988598 0.4454875005701254 0.6783640627137971 0.389135937286203
0 0.22473593728620295 0.4620953124287343 0.17634531242873433 0.46729531242873434 0.18198437514253138 0.497685937286203 0.2211734378563284 0.4959062497149373 0.22473593728620295 0.4620953124287343
0 0.01632812542759407 0.7812234378563284 0.056999999999999995 0.7901921870011402 0.06501562485746865 0.7527515621436717 0.02582812542759407 0.7468203124287343 0.01632812542759407 0.7812234378563284
0 0.25798593728620295 0.895114062713797 0.30073593728620296 0.8927406248574686 0.2977687502850627 0.8595234378563283 0.260064062713797 0.8640218745724059 0.25798593728620295 0.8630828129988598 0.25798593728620295 0.895114062713797
0 0.309939062713797 0.711914062713797 0.35773750057012543 0.7088562497149372 0.35714375028506273 0.6744531254275942 0.3114234378563284 0.6756390627137969 0.309939062713797 0.711914062713797
0 0.9253656248574686 0.7746999999999999 0.8888484378563284 0.7812968745724059 0.8938968745724059 0.8114750000000001 0.9307093751425314 0.8049515621436716 0.9253656248574686 0.7746999999999999
0 0.8855828129988598 0.8535921870011403 0.8550046875712657 0.8702484378563284 0.8719281254275941 0.8998593751425314 0.9010218745724059 0.8862171870011403 0.8855828129988598 0.8535921870011403
0 0.6647062497149372 0.8298640627137971 0.6163171870011402 0.8364468745724059 0.6183937502850627 0.8512187502850627 0.666489062713797 0.8476593751425314 0.6647062497149372 0.8298640627137971
0 0.6676765621436715 0.8524046875712656 0.6198796875712658 0.8577953124287343 0.624925 0.8702 0.6700515621436716 0.8618968745724059 0.6676765621436715 0.8524046875712656
0 0.6653 0.874353125427594 0.6252234378563284 0.8809234378563283 0.6278937502850628 0.890960937286203 0.6694578129988598 0.8856234378563284 0.6653 0.874353125427594
0 0.6878640627137971 0.9111296875712657 0.6483796875712657 0.9173937502850626 0.6534265621436717 0.9312968745724058 0.6920203124287343 0.9241796875712657 0.6878640627137971 0.9111296875712657
0 0.6902374994298747 0.9413812497149373 0.6884578129988598 0.928925 0.6558 0.937821874572406 0.6581765621436717 0.9502796875712658 0.6902374994298747 0.9413812497149373
0 0.3883156248574686 0.430825 0.390985937286203 0.4686218745724059 0.42601875028506275 0.46506249942987454 0.42305000000000004 0.4288781254275941 0.3883156248574686 0.430825
0 0.8950828129988597 0.3863484378563284 0.8950828129988597 0.422946874572406 0.9443656248574687 0.42235312542759407 0.9473343751425313 0.38498437514253137 0.8950828129988597 0.3863484378563284
0 0.37940937514253137 0.3134078129988598 0.37673750057012545 0.3535453124287343 0.41651875028506274 0.3523593751425314 0.42186093728620294 0.3072781254275941 0.37940937514253137 0.3134078129988598