0 0.5172072075256556 0.73143648004561 0.48647446864310145 0.7091307616875713 0.4635565769669327 0.7361675438996579 0.4922070102622577 0.7621316214367161 0.5172072075256556 0.73143648004561
0 0.12519830102622578 0.40537023375142534 0.10052263283922463 0.4321286123147092 0.13629141847206386 0.45868541619156217 0.15895766476624856 0.4275541710376283 0.12519830102622578 0.40537023375142534
0 0.7088660900798176 0.1400295210946408 0.6904188643101482 0.17679481870011404 0.7223015302166477 0.18424914139110604 0.7335468802736602 0.1493062212086659 0.7088660900798176 0.1400295210946408
0 0.8441754378563284 0.2877369657924743 0.8324695917901939 0.30091646750285067 0.8879191060433296 0.3360671949828962 0.9001539908779932 0.3176497149372862 0.8441754378563284 0.2877369657924743
0 0.07584300000000001 0.045180456100342076 0.06523681870011402 0.056730672748004564 0.13128119270239452 0.0917892314709236 0.13660620182440136 0.07524828734321551 0.07584300000000001 0.045180456100342076
0 0.2012014196123147 0.21777038882554162 0.18489123489167616 0.24104293728620296 0.21259947434435575 0.2615692371721779 0.23307813911060432 0.23664880615735462 0.2012014196123147 0.21777038882554162
0 0 0.48880081299885975 0.030257600912200686 0.5075892223489168 0.06368943329532496 0.4616140193842645 0.059330432155074116 0.45687376054732043 0.053409779931584946 0.44871904332953255 0.03694688483466362 0.4653547434435576 0.025067163055872293 0.45685893500570124 0 0.4870840718358039 0 0.48880081299885975
0 0.11713241961231471 0.6043314332953249 0.10502435575826681 0.6162449270239453 0.1581407434435576 0.6623309304446978 0.1738423922462942 0.6523993101482326 0.11713241961231471 0.6043314332953249
0 0.1384695142531357 0.5872654287343215 0.12516275940706956 0.5953805803876853 0.17759859977194983 0.641967857468643 0.1885152816419612 0.6318731949828962 0.1384695142531357 0.5872654287343215
0 0.4600847377423033 0.10904412428734322 0.4470215438996579 0.12321252679589509 0.47787630786773094 0.14854332725199546 0.4950169817559863 0.13141382668187002 0.4600847377423033 0.10904412428734322
0 0.25704771493728623 0.14603916989737745 0.25000449030786775 0.1563486670467503 0.317625149372862 0.1772798802736602 0.3211205929304447 0.16280156100342077 0.25704771493728623 0.14603916989737745