0 0.36918124971493727 0.3663468745724059 0.40633749942987457 0.3590343751425314 0.40098593728620296 0.30379999999999996 0.3647234378563284 0.3091453124287343 0.36918124971493727 0.3663468745724059
0 0.5050234378563284 0.5746265621436716 0.5091843751425313 0.6237375005701254 0.5638781254275941 0.6173874994298746 0.5597171870011403 0.5603718745724059 0.5050234378563284 0.5746265621436716
0 0.5573390627137971 0.7432968745724059 0.5615 0.8015015621436716 0.598953125427594 0.7931859372862029 0.5947921870011402 0.739139062713797 0.5573390627137971 0.7432968745724059
0 0.41941562485746864 0.9285984378563283 0.34064531242873436 0.9443656248574687 0.3534265621436716 0.9974921870011403 0.4271453124287343 0.9844265621436715 0.41941562485746864 0.9285984378563283
0 0.2999218745724059 0.5829406248574687 0.30497656214367164 0.6255203124287343 0.3367812497149373 0.6150109372862029 0.3355937502850627 0.5764078129988598 0.2999218745724059 0.5829406248574687
0 0.881339062713797 0.49741718700114024 0.8783656248574686 0.5106281254275941 0.9550562497149373 0.5027624994298746 0.953271874572406 0.4896953124287343 0.881339062713797 0.49741718700114024
0 0.8807437502850628 0.47544062485746863 0.8783656248574686 0.4901437502850627 0.9342484378563284 0.4825687502850627 0.9372203124287344 0.46950312542759404 0.8807437502850628 0.47544062485746863
0 0.2933828129988597 0 0.2963562497149373 0.07632968757126568 0.3367812497149373 0.07276718700114025 0.3344031254275941 0.0014968745724059293 0.2933828129988597 0
0 0.3370781254275941 0.03325 0.33975468757126565 0.07217343785632839 0.45865312542759407 0.06504687457240593 0.45567968757126565 0.02644062485746864 0.3370781254275941 0.03325
0 0.10879218700114025 0.7867234378563284 0.10909062485746863 0.8205062497149372 0.1465437502850627 0.8115968745724059 0.14178593728620295 0.7783375005701254 0.10879218700114025 0.7867234378563284
0 0.24760624971493728 0.6055093751425313 0.25414531242873434 0.6531296875712657 0.29754375028506275 0.646489062713797 0.28922187457240595 0.590660937286203 0.24760624971493728 0.6055093751425313