0 0.07332968757126568 0.05873750057012543 0.24314218700114026 0.09280624971493728 0.253235937286203 0.03322968757126568 0.09232968757126568 0.0023843751425313567 0.07332968757126568 0.05873750057012543
0 0.12290624971493729 0.1951015621436716 0.08876562485746864 0.3084625005701254 0.17248437514253137 0.33159843785632837 0.20632968757126566 0.2135546875712657 0.12290624971493729 0.1951015621436716
0 0.5103312497149373 0.11059843785632839 0.49726875028506273 0.1666953124287343 0.5530812497149373 0.17677812542759405 0.5596140627137971 0.11271562485746864 0.5103312497149373 0.11059843785632839
0 0.7027062497149372 0.7296171870011403 0.7196296875712657 0.672775 0.6338312497149373 0.654285937286203 0.6201765621436717 0.7088562497149372 0.7027062497149372 0.7296171870011403
0 0.45778437514253134 0.5687015621436716 0.4414562497149373 0.6192875005701254 0.4770812497149373 0.6335249999999999 0.49786250057012543 0.5854765621436716 0.45778437514253134 0.5687015621436716
0 0.1638765621436716 0.42726718700114025 0.15645312542759407 0.4478593751425314 0.22414218700114025 0.463875 0.23186093728620297 0.4419281254275941 0.1638765621436716 0.42726718700114025
0 0.7199265621436716 0.9912078129988597 0.6706453124287343 0.9745984378563285 0.6534265621436717 0.9987546875712657 0.7128015621436716 0.9987546875712657 0.7199265621436716 0.9912078129988597
0 0.7605984378563284 0.6567640627137971 0.7478328129988597 0.6922484378563285 0.7852390627137971 0.7047046875712657 0.8048328129988598 0.676825 0.7605984378563284 0.6567640627137971
0 0.9725687502850627 0.8711375005701254 0.9384281254275941 0.9413812497149373 0.998753125427594 0.9698546875712656 0.998753125427594 0.8826578129988598 0.9725687502850627 0.8711375005701254
0 0.364860937286203 0.8446937502850628 0.3464546875712657 0.8844812497149374 0.37792343785632837 0.8974875005701254 0.3993 0.8595234378563283 0.364860937286203 0.8446937502850628
0 0.4560031254275941 0.6807812497149374 0.4735187502850627 0.6436078129988598 0.439675 0.6293718745724058 0.42186093728620294 0.6744531254275942 0.4560031254275941 0.6807812497149374