0 0.3120413740022805 0.5736156545039909 0.31262778335233754 0.6330946374002281 0.36785197263397945 0.6310201516533638 0.3667021151653364 0.5805070011402509 0.3120413740022805 0.5736156545039909
0 0.2976715849486887 0.4787933078677309 0.2458770718358039 0.4788439350057012 0.24338680843785634 0.5209796624857469 0.30051540820980616 0.5279960387685291 0.2976715849486887 0.4787933078677309
0 0.2990940798175598 0.40548425313568986 0.24357851539338654 0.4034142805017104 0.2437908392246294 0.46291942075256554 0.3043790604332953 0.4640394789053592 0.2990940798175598 0.40548425313568986
0 0.16364996123147094 0.5970865917901939 0.12716473204104903 0.6032090855188141 0.1321245085518814 0.6662526168757127 0.16324650969213228 0.6679451539338654 0.16364996123147094 0.5970865917901939
0 0.6403684093500571 0.3732856624857469 0.589261598631699 0.3661473671607754 0.5896081995438998 0.4289167172177879 0.6404023751425314 0.43339847548460664 0.6403684093500571 0.3732856624857469
0 0.8966807069555301 0.42024091334093505 0.8200569680729761 0.4142886031927024 0.8187191961231471 0.4878909007981756 0.897409441277081 0.498756338654504 0.8966807069555301 0.42024091334093505
0 0.8957339885974914 0.3470975302166477 0.8408950125427594 0.34616907981755984 0.8400283922462941 0.4096200330672748 0.8936902234891677 0.41152203078677313 0.8957339885974914 0.3470975302166477
0 0.9588790091220067 0.3391092337514253 0.963332464082098 0.2495178369441277 0.8446013876852908 0.24591632497149374 0.849244361459521 0.3378492029646522 0.9588790091220067 0.3391092337514253
0 0.8732626932725199 0.1534417502850627 0.8380573580387686 0.15233234663626 0.8395831904218928 0.19894884150513115 0.8687902246294185 0.2001800855188141 0.8732626932725199 0.1534417502850627
0 0.771049637400228 0.028453244013683012 0.7418947103762827 0.02870635575826682 0.7394328164196123 0.06161606727480046 0.7725571938426453 0.06703581755986317 0.771049637400228 0.028453244013683012
0 0.959673614595211 0.7931958745724059 0.9290440478905359 0.7893841379703534 0.9278678551881413 0.8230967445838084 0.9540827537058153 0.8239404526795895 0.959673614595211 0.7931958745724059
0 0.23431836830102623 0.09217394526795895 0.200932921322691 0.0915324834663626 0.2028668722919042 0.12026444355758267 0.2384271345496009 0.11688502622576967 0.23431836830102623 0.09217394526795895
0 0.1045701094640821 1 0.10444069669327252 0.9678715963511972 0.06766720980615736 0.9698494150513113 0.06860699657924743 1 0.1045701094640821 1
0 0.27346573888255415 1 0.27491011060433296 0.9973191710376282 0.2604160296465222 0.9932734971493729 0.25835428278221206 1 0.27346573888255415 1
0 0.2997025701254276 1 0.30108880387685294 0.9874533808437856 0.29013585404789055 0.9840528859749145 0.28785356670467505 1 0.2997025701254276 1
0 0.32714001254275943 1 0.33036954275940705 0.9889770718358039 0.31869847662485745 0.9838411927023945 0.3151688312428735 1 0.32714001254275943 1
0 0.6170944367160776 0.2618251607753706 0.6158584595210947 0.2952427822120866 0.6773798962371722 0.2980831824401368 0.6731717810718358 0.25492785176738886 0.6170944367160776 0.2618251607753706
0 0.605319298745724 0.10194459179019384 0.6019353740022806 0.04504046408209806 0.5625424971493729 0.04362868415051311 0.5633359954389966 0.10606918358038768 0.605319298745724 0.10194459179019384