0 0.2614393774230331 0.15284652109464084 0.26419436602052454 0.03877950513112884 0.21631603762827822 0.03605218129988597 0.2138794937286203 0.1471444378563284 0.2614393774230331 0.15284652109464084
0 0.9313905153933866 0 0.9309719600912201 0.10374783808437855 0.9737386465222349 0.10567362485746865 0.9801378905359178 0 0.9313905153933866 0
0 0.893986258836944 0.49989272519954386 0.8916650889395666 0.36691298175598636 0.8483801995438996 0.36529159749144813 0.8524484207525655 0.49943009007981753 0.893986258836944 0.49989272519954386
0 0.7893682451539338 0.4203611356898518 0.7920462770809579 0.36983795324971497 0.74697544013683 0.3661724275940707 0.7461370410490308 0.42468034549600914 0.7893682451539338 0.4203611356898518
0 0.5822612428734322 0.3830012109464082 0.5479239703534777 0.38716361231470925 0.5612266214367161 0.4694767993158495 0.5913388380843785 0.4612297001140251 0.5822612428734322 0.3830012109464082
0 0.3461550980615735 0.31586160661345497 0.3027772314709236 0.31186804561003423 0.3038224161915622 0.4056781550741163 0.3464822462941847 0.40255659977194985 0.3461550980615735 0.31586160661345497
0 0.33251047434435577 0.5197886088939566 0.3353246590649943 0.443134070695553 0.28477116533637403 0.4410472827822121 0.28627105815279363 0.5217834025085518 0.33251047434435577 0.5197886088939566
0 0.2187926180159635 0.8365121231470923 0.2179117890535918 0.7860494982896237 0.1721919338654504 0.7838783386545041 0.17135549258836943 0.8379324184720638 0.2187926180159635 0.8365121231470923
0 0.7163620798175598 0.9281860501710377 0.714298432155074 0.9798861915621436 0.7445158631698974 0.977577221208666 0.7416328152793614 0.926557267958951 0.7163620798175598 0.9281860501710377
0 0.3856779874572406 0.846662054732041 0.38137450741163054 0.7701317548460661 0.3234764241733181 0.7726269714937286 0.32406929532497153 0.8518943215507412 0.3856779874572406 0.846662054732041
0 0.3110035370581528 0.6472474321550741 0.31032995667046753 0.6086579977194982 0.26767009806157355 0.6117779897377423 0.264846992018244 0.6539899395667047 0.3110035370581528 0.6472474321550741
0 0.6368721322690992 0.5887075758266819 0.5490430661345496 0.5872714355758267 0.552939409350057 0.6744979692132269 0.6297107776510832 0.6817670444697834 0.6368721322690992 0.5887075758266819
0 0.8065302246294185 0.8256592850627138 0.8148631448118586 0.8272937913340935 0.8186766830102623 0.7737815849486888 0.8057098289623718 0.7748986830102622 0.8065302246294185 0.8256592850627138
0 0.8344041037628278 0.8251727445838085 0.8491797206385404 0.8219456328392246 0.8471338597491448 0.772691023945268 0.8305967423033068 0.77357351995439 0.8344041037628278 0.8251727445838085
0 0.8640693238312429 0.8252487765108323 0.8783652394526796 0.8285607206385405 0.8840084446978335 0.777985779931585 0.8652665416191562 0.7720775963511972 0.8640693238312429 0.8252487765108323
0 0.9172842565564424 0.6111280615735462 0.9291569019384264 0.6115162269099201 0.9267660786773091 0.5765198084378563 0.9151500935005701 0.5716764857468642 0.9172842565564424 0.6111280615735462