0 0.8413268722919042 0.016829981755986316 0.8389258779931584 0.04386869669327252 0.9088106590649943 0.05921592474344356 0.9152399156214367 0.040733684150513115 0.8413268722919042 0.016829981755986316
0 0.863645417331813 0 0.8632576818700114 0.0017941835803876854 0.9150873899657925 0.015146486887115165 0.918153362599772 0 0.863645417331813 0
0 0.9289990615735462 0 0.9267397001140251 0.018895185860889396 0.9428651938426454 0.01927244127708096 0.949191622576967 0 0.9289990615735462 0
0 0.10483090763968073 0.9045949247434435 0.10492048802736603 0.9737439999999999 0.1538382645381984 0.974232393386545 0.15660686088939565 0.9036898460661345 0.10483090763968073 0.9045949247434435
0 0.14720713568985178 0.46924966020524517 0.14830008551881416 0.4953851060433295 0.22574281071835806 0.5017268472063854 0.22562718928164197 0.4765614754846066 0.14720713568985178 0.46924966020524517
0 0.2359799897377423 0.27129996237172177 0.2319954914481186 0.32113217331813 0.2641727457240593 0.32785645381984035 0.2719652212086659 0.27045574344355755 0.2359799897377423 0.27129996237172177
0 0 0.28853164994298747 0.0057333432155074115 0.28965588027366024 0.013024307867730902 0.2537729464082098 0 0.24916982326111747 0 0.28853164994298747
0 0.18425907981755987 0.08206576852907639 0.1788252086659065 0.11533157354618016 0.21311719270239451 0.1326022998859749 0.21878844583808438 0.09183099543899657 0.18425907981755987 0.08206576852907639
0 0.4090131470923603 0.13036721208665905 0.4217381197263398 0.16681403648802737 0.45804815963511974 0.15946362599771952 0.4447907594070696 0.1203373842645382 0.4090131470923603 0.13036721208665905
0 0.4657148665906499 0.11765665222348916 0.44774103420752565 0.12340285290763968 0.4632383112884835 0.150662157354618 0.4801845438996579 0.14679548004561002 0.4657148665906499 0.11765665222348916
0 0.3791347525655644 0.6540452896237172 0.38116865792474347 0.7045429942987457 0.4295437137970353 0.705676456100342 0.440402763968073 0.652670510832383 0.3791347525655644 0.6540452896237172
0 0.9758837331813 0.47842628050171043 0.9958016123147092 0.4301817377423033 0.9625004971493728 0.4140179258836944 0.9413108871151653 0.46475780273660205 0.9758837331813 0.47842628050171043
0 0.042772417331812994 0.6244517115165336 0.04193024857468643 0.682950842645382 0.0836969669327252 0.6834704230330673 0.08563093500570126 0.6238076442417332 0.042772417331812994 0.6244517115165336