0 0.7364550136830103 0.348140748004561 0.7230301436716078 0.3848404401368301 0.7835932998859749 0.40006124629418477 0.787021181299886 0.3665030513112885 0.7364550136830103 0.348140748004561
0 0.8970970992018243 0.2812670798175599 0.8690570456100343 0.3103038814139111 0.901199377423033 0.3472731322690992 0.9292416784492588 0.3267972508551881 0.8970970992018243 0.2812670798175599
0 0.5899646476624858 0.25591491448118586 0.6025071653363739 0.2928543717217788 0.6901804732041049 0.28402244811858607 0.6825217274800456 0.24742608209806158 0.5899646476624858 0.25591491448118586
0 0.7948262155074116 0.22099811288483467 0.7778466841505132 0.18965953477765107 0.743033732041049 0.20422921208665906 0.7590846282782212 0.2405500478905359 0.7948262155074116 0.22099811288483467
0 0.41654317787913336 0.048576169897377425 0.4170820649942988 0.08582505017103763 0.45688746066134545 0.0841912189281642 0.4604643261117446 0.04805866818700114 0.41654317787913336 0.048576169897377425
0 0.609115818700114 0.3850512189281642 0.6217512896237173 0.3472848996579247 0.584680150513113 0.3285231402508552 0.5673980444697834 0.36729124515393385 0.609115818700114 0.3850512189281642
0 0.7625213740022805 0.4754548084378563 0.7276860490307867 0.4556959030786773 0.7087593283922463 0.48854720410490304 0.7370831288483467 0.5089893899657925 0.7625213740022805 0.4754548084378563
0 0.5588007594070695 0.4860778460661346 0.5961824766248575 0.5065919851767389 0.6119322976054732 0.4813771117445838 0.5796511995438997 0.4607172337514253 0.5588007594070695 0.4860778460661346
0 0.7049586374002281 0.6584715324971493 0.6710522189281641 0.6337319076396807 0.6462782029646522 0.6676142440136831 0.6746451550741164 0.693421062713797 0.7049586374002281 0.6584715324971493
0 0.5760567149372862 0.6318110205245153 0.5462082668187002 0.6129799384264538 0.5222105598631699 0.6444264013683011 0.5560300182440137 0.661843315849487 0.5760567149372862 0.6318110205245153
0 0.32947492702394526 0.6626400490307868 0.3518914207525655 0.6906114766248574 0.3915260182440137 0.6486873922462942 0.35836448118586084 0.6281542006841506 0.32947492702394526 0.6626400490307868
0 0.24737349600912198 0.6722982291904219 0.2755675324971494 0.7022622941847207 0.3215310535917902 0.6586193420752565 0.29279039566704673 0.630684142531357 0.24737349600912198 0.6722982291904219
0 0.07213510148232612 0.6700691927023945 0.09747191676168758 0.7077640456100343 0.14026971835803878 0.6701023067274801 0.10564365792474345 0.6412723797035348 0.07213510148232612 0.6700691927023945
0 0.28292549942987455 0.4841268814139111 0.24245214253135688 0.4563279908779932 0.22211667616875713 0.48460917445838086 0.26182650171037625 0.5114971242873433 0.28292549942987455 0.4841268814139111
0 0.308914818700114 0.4126863523375142 0.28421182326111744 0.44354320524515395 0.30703793044469785 0.46016958494868876 0.3371816636259977 0.42938626339794755 0.308914818700114 0.4126863523375142
0 0.8638594697833523 0.6569556624857469 0.833290110604333 0.6340360889395668 0.8116823534777651 0.6619402896237172 0.8468054184720639 0.6901605883694413 0.8638594697833523 0.6569556624857469
0 0.8529535621436716 0.5540739486887115 0.8413602862029647 0.5669594230330672 0.8765033591790193 0.5918919224629418 0.8895761550741162 0.5771304082098062 0.8529535621436716 0.5540739486887115
0 0.8580860581527936 0.5284734583808438 0.8465958848346636 0.541943661345496 0.8899257263397948 0.5705557594070696 0.905371503990878 0.5538653762827822 0.8580860581527936 0.5284734583808438
0 0.3936140649942988 0.9067167274800456 0.42548449258836946 0.9541023808437856 0.4545756020524515 0.9327450467502851 0.4239566328392246 0.8838995895096922 0.3936140649942988 0.9067167274800456
0 0.8035648187001141 0.7766091493728621 0.7870495541619157 0.7957823409350057 0.8163714367160776 0.8201752964652224 0.8333432405929305 0.7984623671607753 0.8035648187001141 0.7766091493728621
0 0.3940219749144812 0.6970353637400228 0.37019368072976055 0.6747342998859749 0.34703863283922465 0.7024115484606615 0.3687693876852908 0.7213650524515394 0.3940219749144812 0.6970353637400228
0 0.8035011755986317 0.7591518597491448 0.7655362668187001 0.7387405541619155 0.7444104082098062 0.7659584595210946 0.7813536043329533 0.7857042611174458 0.8035011755986317 0.7591518597491448
0 0.2359005575826682 0.285820582668187 0.19567817445838084 0.338088251995439 0.24041113911060433 0.3797867605473204 0.2822545610034208 0.3161968415051311 0.2359005575826682 0.285820582668187