0 0.2002106009122007 0.8979674218928164 0.14858585632839225 0.8813866898517674 0.1454237708095781 0.9213190262257697 0.1992194937286203 0.9302178141391106 0.2002106009122007 0.8979674218928164
0 0.20088232155074118 0.8391635461801596 0.17615524059293045 0.8240095233751425 0.1615040992018244 0.8546811163055872 0.18662731356898518 0.8685484127708095 0.20088232155074118 0.8391635461801596
0 0.25427877194982895 0.7870487776510832 0.20032142873432154 0.7709230490307868 0.18817364310148235 0.8005031767388826 0.2368681299885975 0.8188616259977195 0.25427877194982895 0.7870487776510832
0 0 0.4412676202964652 0.03431832269099202 0.45539135461801594 0.04706776966932725 0.4244845496009122 0 0.4029869030786773 0 0.4412676202964652
0 0.2023410022805017 0.2521596761687571 0.1543593511972634 0.22942703192702393 0.12678642075256558 0.2979964458380843 0.17553037970353477 0.3196720273660205 0.2023410022805017 0.2521596761687571
0 0.23961969897377425 0.10155929988597491 0.208706417331813 0.08881748004561005 0.1921974378563284 0.12105992588369442 0.22486268757126568 0.13769683238312427 0.23961969897377425 0.10155929988597491
0 0.727688496009122 0.3091214481185861 0.7160944127708097 0.2992794401368301 0.6892690684150513 0.3864511083238312 0.7038253204104904 0.3917889030786773 0.727688496009122 0.3091214481185861
0 0.7600585051311289 0.332469236031927 0.7460194652223489 0.3224960250855188 0.7260846009122007 0.39381319954389965 0.7374605074116306 0.39674328278221205 0.7600585051311289 0.332469236031927
0 0.7836661550741163 0.3605429771949829 0.7689146031927024 0.35312771607753707 0.7629735324971494 0.3875500114025085 0.7743989110604332 0.39379722462941846 0.7836661550741163 0.3605429771949829
0 0.6539557890535918 0.4589445461801597 0.6437644811858609 0.5123388939566704 0.6620473660205245 0.513019102622577 0.6704737742303306 0.46299213112884835 0.6539557890535918 0.4589445461801597
0 0.981757197263398 0.750887465222349 0.9422756864310148 0.750093810718358 0.9436741094640821 0.8224055496009123 0.981134794754846 0.8223838779931586 0.981757197263398 0.750887465222349
0 0.7710261835803878 0.7343874355758266 0.7523855085518814 0.7349865005701255 0.7478680889395667 0.7906047035347776 0.7700142862029647 0.7914412554161916 0.7710261835803878 0.7343874355758266
0 0.9038694139110605 0.5525106647662485 0.8518395803876853 0.546292937286203 0.8488318529076396 0.5958714857468643 0.9034120171037628 0.5937302599771951 0.9038694139110605 0.5525106647662485
0 0.9143733078677309 0.4633670444697834 0.8791670501710376 0.4690007217787913 0.8838812896237173 0.5101223477765108 0.9200857343215508 0.5052019361459521 0.9143733078677309 0.4633670444697834
0 0.7585493534777651 0.502124236031927 0.7463393751425313 0.4984489840364881 0.7419586123147093 0.5268217867730901 0.7578342611174458 0.5264593489167617 0.7585493534777651 0.502124236031927
0 0.7217897502850626 0.4935431391106043 0.7199728403648803 0.5277686408209806 0.7315182018244014 0.5249211790193843 0.7338700592930445 0.4996630490307868 0.7217897502850626 0.4935431391106043