0 0.4030608757126568 0.5764849498289624 0.3017755735461801 0.5217150250855188 0.2740252212086659 0.5804363842645383 0.3754401299885975 0.6276691231470923 0.4030608757126568 0.5764849498289624
0 0.6897826009122007 0.6110462098061573 0.6568570433295325 0.5967829099201825 0.6350004994298746 0.64697369327252 0.6728846647662486 0.6564530570125428 0.6897826009122007 0.6110462098061573
0 0.6780371242873432 0.7212676442417332 0.665388708095781 0.7085279623717218 0.6339282189281642 0.7489871163055872 0.6496728312428733 0.7571888950969213 0.6780371242873432 0.7212676442417332
0 0.909367953249715 0.4027095256556442 0.8579194275940707 0.40904024629418473 0.8573719213226909 0.4367591140250855 0.9127069726339795 0.430881425313569 0.909367953249715 0.4027095256556442
0 0.9504492542759407 0.8014396271379705 0.8819390490307868 0.7336849190421894 0.8376532862029646 0.7716495005701255 0.9196521459521095 0.835374236031927 0.9504492542759407 0.8014396271379705
0 0.7625861949828963 0.8465792576966933 0.722493314709236 0.884755582668187 0.7385264230330673 0.8987612280501711 0.7812557993158495 0.8644225427594071 0.7625861949828963 0.8465792576966933
0 0.6928769464082098 0.19670846180159635 0.6771028802736602 0.18759366362599772 0.6335646659064994 0.25594988939566704 0.6508588244013682 0.26566259521094643 0.6928769464082098 0.19670846180159635
0 0.4462045165336374 0.8836751562143672 0.40305912314709236 0.853513472063854 0.3815398757126568 0.8801785689851768 0.42310548802736603 0.9145696476624857 0.4462045165336374 0.8836751562143672
0 0.3320230877993159 0.9201522497149373 0.2975278072976055 0.9170762234891676 0.28849578791334096 0.947983181299886 0.32115924971493726 0.9582639258836945 0.3320230877993159 0.9201522497149373
0 0.48927071835803876 0.9422500091220068 0.5105961322690992 0.922805591790194 0.4846022291904219 0.8977924082098061 0.46711374002280504 0.9161680592930445 0.48927071835803876 0.9422500091220068
0 1 0.3535752622576967 0.969917236031927 0.3512709258836944 0.9638112223489167 0.3903074298745724 1 0.39212293386545044 1 0.3535752622576967
0 0.7814264937286203 0.6282551140250855 0.7601922348916761 0.6005379338654504 0.7316625165336375 0.6228160182440137 0.7584394857468644 0.65040086659065 0.7814264937286203 0.6282551140250855