0 0.25026718700114026 0.6994406248574687 0.24551718700114022 0.6506453124287344 0.1926734378563284 0.6607437502850627 0.19445312542759408 0.7023171870011403 0.25026718700114026 0.6994406248574687
0 0.6332375005701254 0.42690937514253136 0.6415515621436716 0.4641578129988597 0.7347703124287343 0.44871562485746863 0.7318015621436716 0.4166453124287343 0.6332375005701254 0.42690937514253136
0 0.6902374994298747 0.5211734378563284 0.742489062713797 0.5187984378563284 0.7383328129988598 0.4837562497149373 0.6890515621436716 0.4896953124287343 0.6902374994298747 0.5211734378563284
0 0.8487703124287344 0.29153437514253133 0.851739062713797 0.32577500000000004 0.9318968745724059 0.3133031254275941 0.9271453124287343 0.281825 0.8487703124287344 0.29153437514253133
0 0.768614062713797 0.18643906271379704 0.7727703124287343 0.2521296875712657 0.8689593751425313 0.24143906271379703 0.8594593751425313 0.18145312542759406 0.768614062713797 0.18643906271379704
0 0.8541140627137971 0.054626562143671606 0.8606453124287343 0.1351281254275941 0.924771874572406 0.13156406271379703 0.9158656248574687 0.05197968757126568 0.8541140627137971 0.054626562143671606
0 0.8799421870011402 0.8597562497149372 0.883803125427594 0.8727703124287344 0.9212093751425313 0.8662375005701254 0.9229906248574686 0.854953125427594 0.8799421870011402 0.8597562497149372
0 0.8927078129988598 0.9018734378563283 0.9301140627137969 0.8941515621436716 0.9277406248574686 0.8810843751425314 0.8921140627137971 0.8858359372862029 0.8927078129988598 0.9018734378563283
0 0.896271874572406 0.9262234378563284 0.9313031254275941 0.9238484378563283 0.9330828129988598 0.9078125005701254 0.8921140627137971 0.9125624994298746 0.896271874572406 0.9262234378563284
0 0.9226937502850626 0.7234890627137971 0.9271453124287343 0.7575515621436716 0.9586156248574687 0.7539875005701254 0.957428125427594 0.718353125427594 0.9226937502850626 0.7234890627137971
0 0.9226937502850626 0.5952375005701254 0.8553015621436716 0.6037265621436716 0.8594593751425313 0.6239203124287344 0.924771874572406 0.6156062497149373 0.9226937502850626 0.5952375005701254
0 0.97435 0.5017218745724059 0.9817718745724059 0.5775953124287343 0.998753125427594 0.5734375005701254 0.998753125427594 0.4986046875712657 0.97435 0.5017218745724059
0 0.998753125427594 0.6611453124287343 0.9728656248574687 0.6714343751425313 0.9805843751425314 0.7082562497149373 0.998753125427594 0.7046937502850628 0.998753125427594 0.6611453124287343
0 0.36515781299885974 0.41444062485746863 0.3797062497149373 0.4481203124287343 0.4034546875712657 0.4374312497149373 0.39455 0.4071406248574686 0.36515781299885974 0.41444062485746863
0 0.43432968757126567 0.36319218700114025 0.41948749942987457 0.3263687502850627 0.381485937286203 0.3530953124287343 0.3987062497149373 0.38160312542759406 0.43432968757126567 0.36319218700114025
0 0.18703281299885974 0.31736093728620296 0.19089218700114027 0.337653125427594 0.2401734378563284 0.32577500000000004 0.2377984378563284 0.30558281299885975 0.18703281299885974 0.31736093728620296