0 0.7760120513112886 0.5355517457240593 0.7599866362599772 0.5027946898517673 0.6869592976054733 0.5536657879133409 0.7016119076396807 0.583766181299886 0.7760120513112886 0.5355517457240593
0 0.7391142668187001 0.44254918700114027 0.6488550045610034 0.5085201014823261 0.6652245074116305 0.5363900376282782 0.7578218038768529 0.4802594982896237 0.7391142668187001 0.44254918700114027
0 0.7147627149372862 0.43779620524515395 0.6992174275940707 0.4248584378563284 0.6273945974914481 0.46888355758266814 0.6409459794754847 0.48760067616875713 0.7147627149372862 0.43779620524515395
0 0.7720379042189282 0.36256535917901944 0.7436945803876853 0.379624417331813 0.7606832474344355 0.41100580729760544 0.7943922417331813 0.3936035473204105 0.7720379042189282 0.36256535917901944
0 0.6827436647662486 0.4066550250855188 0.6699856431014823 0.3787511984036488 0.5942695245153933 0.4263409087799316 0.6183149555302166 0.4584215917901938 0.6827436647662486 0.4066550250855188
0 0.14404857354618017 0.7024659167616876 0.24469597263397946 0.6304429258836944 0.21622096123147094 0.5817890228050171 0.11117392246294185 0.6562235769669327 0.14404857354618017 0.7024659167616876
0 0.12451416647662486 0.6805818118586088 0.09872000912200685 0.6368829737742303 0.058446852907639686 0.6546699965792474 0.08715864196123148 0.7046577354618015 0.12451416647662486 0.6805818118586088
0 0 0.46728577651083236 0.019283892816419613 0.4530814275940707 0 0.4151540114025085 0 0.46728577651083236
0 0.37003496807297603 0.6198007331812999 0.34362130444697836 0.5828463101482326 0.2746883397947549 0.6329938722919042 0.3054181596351197 0.6807583454960091 0.37003496807297603 0.6198007331812999
0 0.33704643101482323 0.6412979110604333 0.3494580535917902 0.6945913648802736 0.39352167616875716 0.6777765290763968 0.3840023283922463 0.6289185336374002 0.33704643101482323 0.6412979110604333
0 0.5347301311288484 0.5075368027366021 0.5247923819840364 0.47853118928164196 0.476525086659065 0.5022702405929305 0.4943125359179019 0.5381817468643101 0.5347301311288484 0.5075368027366021
0 0.6169234321550741 0.6317511812998859 0.608706362599772 0.609075755986317 0.5409955313568985 0.6473573911060434 0.5523940421892817 0.6726799543899659 0.6169234321550741 0.6317511812998859
0 0.5444756259977195 0.7542853671607754 0.512902881413911 0.7290945872291904 0.48753103420752564 0.7544575575826682 0.5103533318129989 0.7796015005701254 0.5444756259977195 0.7542853671607754
0 0.40646735347776514 0.8913941801596351 0.43484572519954384 0.8676953523375143 0.4022428301026226 0.8264044846066135 0.37102015963511975 0.8527784868871152 0.40646735347776514 0.8913941801596351
0 0.4752543124287343 0.9498262269099202 0.5007438141391106 0.920001606613455 0.46635828164196125 0.8857062554161915 0.4346357069555302 0.9075355210946408 0.4752543124287343 0.9498262269099202
0 0.5322087594070696 0.9958700763968074 0.5659528015963512 0.9718280444697833 0.532235283922463 0.9464410946408209 0.5107487331812999 0.9664845131128847 0.5322087594070696 0.9958700763968074
0 0.7326729874572406 0.9189093728620297 0.7064316385404789 0.8795129270239453 0.6772164754846066 0.9018853489167616 0.7053612405929305 0.9418188015963512 0.7326729874572406 0.9189093728620297
0 0.7166529737742303 0.9682454321550742 0.7610924230330673 0.9604095575826682 0.7320876442417332 0.9292668050171038 0.6986728415051311 0.9568856932725199 0.7166529737742303 0.9682454321550742
0 0.9165166830102622 0.9118229030786773 0.8979122497149373 0.8746973192702394 0.8499483489167617 0.9121244526795895 0.8692674002280503 0.9413353911060434 0.9165166830102622 0.9118229030786773
0 0.9996870923603193 0.9013796681870011 0.9792244823261117 0.8742314595210947 0.9510726784492588 0.8906760490307868 0.9670444538198404 0.9179909908779931 0.9996870923603193 0.9013796681870011
0 0.6684537901938427 0.2059386670467503 0.6970722611174458 0.18702077765108324 0.6817349498289623 0.15474688597491448 0.6544101698973774 0.17246248688711519 0.6684537901938427 0.2059386670467503
0 0.737977677309008 0.08391845952109464 0.7044409977194983 0.09887869783352338 0.7210169783352338 0.12791962941847207 0.7505987023945269 0.10762607525655644 0.737977677309008 0.08391845952109464
0 0.47505987571265684 0.06997114025085518 0.46030729418472066 0.03759414367160775 0.4161712155074116 0.06253723489167616 0.43419597377423036 0.09466568529076397 0.47505987571265684 0.06997114025085518