0 0.3323514640820981 0.6461504925883694 0.29907050741163055 0.6609809897377423 0.3104205860889396 0.7225698802736603 0.349522511972634 0.720938527936146 0.3323514640820981 0.6461504925883694
0 0.15710192360319272 0.6805554173318129 0.11059820296465223 0.6941602542759407 0.11759205473204104 0.7400377776510833 0.17153041277080958 0.730252629418472 0.15710192360319272 0.6805554173318129
0 0.06782607183580389 0.7640603318129989 0.057178221208665905 0.717310456100342 0.01937318015963512 0.7289606522234892 0.023461465222348914 0.7756899669327252 0.06782607183580389 0.7640603318129989
0 0.12612532383124286 0.1629370741163056 0.09600536259977195 0.11848680501710375 0.08090875370581527 0.12994146180159635 0.11393739794754845 0.17353966818700114 0.12612532383124286 0.1629370741163056
0 0.07008117331812999 0.13565532725199544 0.05832962713797035 0.14443325769669327 0.09151209578107183 0.1898076282782212 0.10268846750285061 0.17839950741163055 0.07008117331812999 0.13565532725199544
0 0.09513340935005701 0.07445775598631699 0.07571202850627139 0.036462106043329535 0.028378773090079818 0.04060322919042189 0.06880402736602052 0.100602 0.09513340935005701 0.07445775598631699
0 0.14628936944127707 0.05269766704675029 0.1301447297605473 0.031699862029646524 0.09459614595210947 0.03480996009122007 0.11504190193842646 0.07033348574686431 0.14628936944127707 0.05269766704675029
0 0.8844784036488027 0.10851013683010263 0.9684762440136829 0.11785135119726341 0.961955905359179 0.04332353591790194 0.8881201527936147 0.0342868574686431 0.8844784036488027 0.10851013683010263
0 0.9671412713797035 0.27650894298745726 0.9302582029646522 0.2910601345496009 0.9331412531356899 0.3444510923603193 0.9737345062713797 0.3346414526795895 0.9671412713797035 0.27650894298745726
0 0.9178845758266819 0.13598596351197265 0.8840271448118585 0.1306022850627138 0.8808814378563283 0.16962023831242873 0.91736351995439 0.17060059635119726 0.9178845758266819 0.13598596351197265
0 0.8617125803876853 0.161761007981756 0.8616922816419612 0.12063597149372862 0.8241366168757127 0.12749934207525657 0.8188021755986318 0.16193750513112884 0.8617125803876853 0.161761007981756
0 0.7947700820980617 0.759466755986317 0.7822168004561003 0.765929188141391 0.7835194515393387 0.7944256545039909 0.7982550353477765 0.7916448449258836 0.7947700820980617 0.759466755986317
0 0.7745351984036488 0.7326282143671607 0.7593085769669328 0.7357484241733181 0.7667754070695554 0.8006571448118587 0.7763846305587229 0.7971343648802736 0.7745351984036488 0.7326282143671607
0 0.7578259327251995 0.8074003021664766 0.7526898871151653 0.7214270353477765 0.739339677309008 0.7255751163055872 0.7480484766248574 0.8046796111744584 0.7578259327251995 0.8074003021664766
0 0.7341182029646522 0.7272239726339795 0.7185795302166477 0.7267953762827822 0.7261570992018245 0.8065948586088939 0.7393535917901938 0.8030562428734321 0.7341182029646522 0.7272239726339795
0 0.7182591698973774 0.8049017662485747 0.7127960592930446 0.7356456168757126 0.6994179122006842 0.7326439270239453 0.702180755986317 0.8051164082098061 0.7182591698973774 0.8049017662485747
0 0.8216971984036487 0.951414385404789 0.8504220376282782 0.9322127822120867 0.825656542759407 0.8944462748004561 0.7941946396807298 0.9189534925883696 0.8216971984036487 0.951414385404789