0 0.9240151961231471 0.4984615564424173 0.9131036807297606 0.49293694982896236 0.8963522405929304 0.5709271596351198 0.907320314709236 0.5761581208665906 0.9240151961231471 0.4984615564424173
0 0.8921737730900798 0.486116590649943 0.8799135381984037 0.48287847206385404 0.8713206339794755 0.5632263466362599 0.8796466180159634 0.5632117901938426 0.8921737730900798 0.486116590649943
0 0.9927775792474344 0.08484124629418471 0.9784934846066135 0.0850328038768529 0.9767357525655644 0.1271706488027366 0.9895227194982896 0.1274680353477765 0.9927775792474344 0.08484124629418471
0 0.6876240228050172 0.4265778882554162 0.7343466944127709 0.2941379167616876 0.6613744675028506 0.27475040364880277 0.6137893044469783 0.39403410034207526 0.6876240228050172 0.4265778882554162
0 0.621008558722919 0.537388456100342 0.5805927525655644 0.5286103101482327 0.5618174526795895 0.6100301949828962 0.6022211311288483 0.6164282622576966 0.621008558722919 0.537388456100342
0 0.7086626339794755 0.8060025381984037 0.7232478893956671 0.7504784503990878 0.6735318084378563 0.7386691664766248 0.6618744298745725 0.8033259885974914 0.7086626339794755 0.8060025381984037
0 0.7281822371721779 0.6544011151653363 0.6951288015963513 0.650899393386545 0.6809919657924743 0.7255012326111745 0.7172200114025085 0.7316057445838084 0.7281822371721779 0.6544011151653363
0 0.2645533819840365 0.14165002622576967 0.21643441847206385 0.12400199087799316 0.20412569783352338 0.14694770923603193 0.2520660809578107 0.16607439110604333 0.2645533819840365 0.14165002622576967
0 0.3093635655644242 0 0.2738487217787913 0.05123443899657925 0.3447969806157355 0.07405318700114025 0.38393489965792477 0.016078023945267958 0.34716877993158496 0 0.3093635655644242 0
0 0.09620119612314709 0.2447528369441277 0.1119944070695553 0.2059788141391106 0.0805671630558723 0.18771081071835802 0.06288679931584948 0.23647126909920183 0.09620119612314709 0.2447528369441277
0 0.05332530672748005 0.526261770809578 0.0228466157354618 0.5199640935005702 0.012545025085518814 0.5567428950969213 0.04671982098061574 0.5650846282782213 0.05332530672748005 0.526261770809578
0 0.07531642075256557 0.8920649965792474 0.03756909007981756 0.8876398472063854 0.03412578677309008 0.962394251995439 0.06901292588369441 0.9603697981755986 0.07531642075256557 0.8920649965792474
0 0 0.8860478985176738 0.01769270125427594 0.848752361459521 0 0.8423799908779931 0 0.8860478985176738
0 0.7053799600912202 0.16414439224629418 0.6544684868871152 0.14391715165336375 0.6402848483466362 0.18518609236031924 0.6946083078677309 0.20058959064994297 0.7053799600912202 0.16414439224629418
0 0.7200315404789054 0.12469533865450398 0.7340495074116307 0.08579561231470924 0.7181557320410491 0.0834938118586089 0.7080198129988597 0.11790339794754846 0.7200315404789054 0.12469533865450398
0 0.6704343740022806 0.6128638312428735 0.6295950535917901 0.6016752690992019 0.6247298700114026 0.6287142576966932 0.663154669327252 0.6376523454960091 0.6704343740022806 0.6128638312428735