0 0.7165101516533637 0.020636264538198404 0.7120186237172178 0.0961734070695553 0.7937268164196124 0.1051898244013683 0.7842392497149373 0.020645996579247435 0.7165101516533637 0.020636264538198404
0 0.6250034082098062 0.27549130444697834 0.5746482348916762 0.27962463055872294 0.5827832702394526 0.3084238905359179 0.6319309452679589 0.3037386202964652 0.6250034082098062 0.27549130444697834
0 0.6742212246294185 0.5960642234891677 0.6490386522234892 0.7085287810718358 0.7107165302166477 0.7223987651083239 0.7324168403648803 0.6122493352337515 0.6742212246294185 0.5960642234891677
0 0.6127311299885975 0.5875268722919043 0.5922925404789053 0.6998257651083238 0.6448228244013684 0.7068952291904219 0.663259661345496 0.5968644526795894 0.6127311299885975 0.5875268722919043
0 0.5261439475484607 0.8131283386545041 0.44783042075256557 0.7992436077537058 0.44191740478905356 0.8510878015963512 0.5141521071835804 0.8610291527936146 0.5261439475484607 0.8131283386545041
0 0.6502589555302166 0.8966367206385405 0.6677444777651083 0.8188650456100341 0.607297 0.8062028563283922 0.5899747970353478 0.8886513683010263 0.6502589555302166 0.8966367206385405
0 0.6967087936145951 0.389322228050171 0.6919065153933865 0.4049212018244014 0.7282688095781071 0.4083996077537058 0.7326976704675029 0.3906138950969213 0.6967087936145951 0.389322228050171
0 0.4181376841505131 0.49342013226909925 0.4149861755986317 0.5392330262257696 0.44844369327252 0.5445952052451539 0.45637669327251995 0.4910497924743443 0.4181376841505131 0.49342013226909925
0 0.24958086431014823 0.46428962257696693 0.21196962827822122 0.45907249600912203 0.19887389737742303 0.50938830672748 0.24019029646522236 0.5186285758266819 0.24958086431014823 0.46428962257696693
0 0.366450701254276 0.4424022782212087 0.3669889167616876 0.4578147594070695 0.44047406727480043 0.46949321664766247 0.4440481265678449 0.45274890763968073 0.366450701254276 0.4424022782212087
0 0.218420913340935 0.42264234435575826 0.22366484720638538 0.4367038369441277 0.2905176647662486 0.44564646750285064 0.29587188939566705 0.4288399942987457 0.218420913340935 0.42264234435575826
0 0.253361921322691 0.4534729521094641 0.25498346978335235 0.46588173204104905 0.29020037742303306 0.4705867970353477 0.2894554777651083 0.4577174526795895 0.253361921322691 0.4534729521094641
0 0.36905891220068415 0.46605222348916764 0.37084601368301023 0.4832018631698974 0.4038358722919042 0.492140354618016 0.4094404937286203 0.47399776624857465 0.36905891220068415 0.46605222348916764
0 0.055388755986316984 0.24552575256556444 0.057155192702394525 0.26208356670467503 0.11466024629418471 0.2755067206385405 0.11669479703534777 0.2572542850627138 0.055388755986316984 0.24552575256556444
0 0.07328716761687572 0.28170126795895095 0.07443949258836943 0.29768641619156216 0.10556479247434436 0.3043151345496009 0.11151971151653363 0.2876971881413911 0.07328716761687572 0.28170126795895095
0 0.06797433181299886 0.29969295667046747 0.06497288483466362 0.31582159293044465 0.08230692702394528 0.3187778198403649 0.0854381220068415 0.3064094458380844 0.06797433181299886 0.29969295667046747
0 0.02218716305587229 0.4176236841505131 0.07399827594070696 0.4211567160775371 0.07117763740022805 0.37436571379703537 0.026444233751425315 0.36939886088939566 0.02218716305587229 0.4176236841505131
0 0.8545805769669328 0.8099672656784492 0.849825118586089 0.8439648757126568 0.8972011824401368 0.8565550820980615 0.9055361322690991 0.8230265849486887 0.8545805769669328 0.8099672656784492