0 0.9143793648802737 0.15851718928164196 0.9558909167616876 0.15118415735461802 0.9460159327251996 0.08091999657924744 0.8987452702394527 0.09415889167616875 0.9143793648802737 0.15851718928164196
0 0.8816358198403649 0.40715171607753703 0.8906333956670468 0.4754390638540479 0.9424947115165336 0.46065561687571266 0.9280580125427594 0.3922317331812999 0.8816358198403649 0.40715171607753703
0 0.8728390912200684 0.7153771755986317 0.9215212200684151 0.7037386681870011 0.9121089270239453 0.6325116795895097 0.8584731083238312 0.6472431459521095 0.8728390912200684 0.7153771755986317
0 0.7626901949828963 0.6774945176738882 0.7278591060433296 0.6853876339794756 0.7348083511972634 0.7305790353477765 0.7674568358038769 0.7235922497149373 0.7626901949828963 0.6774945176738882
0 0.6148875575826682 0.7510303147092361 0.5834064025085519 0.7614505541619156 0.5880339087799316 0.7943769669327252 0.6192557879133409 0.787590677309008 0.6148875575826682 0.7510303147092361
0 0.8155254298745724 0.4098474891676169 0.7952955256556443 0.41508895667046747 0.8015121436716077 0.45078996123147097 0.8244213774230331 0.44757027822120865 0.8155254298745724 0.4098474891676169
0 0.8393743568985177 0 0.8459044606613455 0.050620448118586084 0.8595793683010262 0.04989931356898518 0.853719236031927 0 0.8393743568985177 0
0 0.8093662759407069 0 0.8173871220068416 0.048032862029646524 0.8354167844925884 0.050297216647662485 0.8251678483466363 0 0.8093662759407069 0
0 0.4690399315849487 0.1053856362599772 0.4319409190421893 0.114195496009122 0.4373949817559863 0.15300317217787915 0.47075857012542754 0.15281111402508551 0.4690399315849487 0.1053856362599772
0 0.6552218848346636 0.13018420410490308 0.6527493751425313 0.06997359521094641 0.5831060456100342 0.07736140935005702 0.5892672303306727 0.13825435689851767 0.6552218848346636 0.13018420410490308
0 0.580889425313569 0.014716497149372863 0.5861334310148233 0.0733384275940707 0.6427699076396807 0.072873503990878 0.6366019578107184 0.010484122006841505 0.580889425313569 0.014716497149372863
0 0.7493312531356898 0.21588954047890535 0.7163356316989739 0.22832137970353478 0.7235343261117446 0.27527647890535917 0.7567076784492589 0.27001468301026227 0.7493312531356898 0.21588954047890535
0 0.9070994777651084 0.8184890912200684 0.894507015963512 0.8226571870011403 0.9041626419612315 0.8572752850627138 0.9161684629418472 0.8531880592930445 0.9070994777651084 0.8184890912200684
0 0.8390198289623717 0.9179948312428734 0.8262620992018244 0.9209869828962373 0.8304128677309007 0.9419886944127709 0.8443733044469783 0.9385277206385404 0.8390198289623717 0.9179948312428734
0 0.8172770057012543 0.9252476807297606 0.8028395416191563 0.929075489167617 0.8096776259977194 0.9479007685290765 0.8226001220068415 0.9433864982896237 0.8172770057012543 0.9252476807297606
0 0.7949462109464082 0.9325831653363741 0.7776546180159636 0.9374116807297606 0.7870178415051311 0.952884149372862 0.7981841584948689 0.94861669327252 0.7949462109464082 0.9325831653363741