0 0.3336204503990878 0.03499708209806157 0.2878827685290764 0.029462321550741164 0.28507382554161914 0.07679349600912201 0.3343992588369441 0.09155065678449258 0.3336204503990878 0.03499708209806157
0 0.4572390877993158 0.0051092748004561 0.3937256818700114 0.0073878791334093495 0.39787894754846065 0.059772110604332955 0.4532388916761687 0.06148494184720639 0.4572390877993158 0.0051092748004561
0 0.6479967309007982 0.3138475564424173 0.6403177126567845 0.36220082554161914 0.6828941949828962 0.3656296510832383 0.6847836647662486 0.31807934207525657 0.6479967309007982 0.3138475564424173
0 0.7009186887115165 0.38789186431014827 0.7023657023945269 0.48610981071835807 0.7363067229190422 0.48612044697833523 0.739076550741163 0.3875351425313569 0.7009186887115165 0.38789186431014827
0 1 0.5905194834663626 0.9874200957810719 0.5863361368301027 0.9709815553021666 0.6366478004561003 1 0.6468139384264537 1 0.5905194834663626
0 0.4262677149372862 0.6175500672748004 0.3749834583808438 0.6166711277080957 0.3745332006841505 0.6706501527936145 0.4250164196123147 0.6713011653363741 0.4262677149372862 0.6175500672748004
0 0 0.38551926339794756 0.06303470581527935 0.39959414709236035 0.06917316419612314 0.3132305051311288 0.002805296465222349 0.3100966716077537 0 0.3404123842645382 0 0.38551926339794756
0 0.04562911174458381 0.4660844732041049 0.07407530558722919 0.4713424196123147 0.0773202622576967 0.4373850729760547 0.04766543329532497 0.43491338084378567 0.04562911174458381 0.4660844732041049
0 0.4954733021664766 0.13586984036488026 0.4890155553021665 0.20497689281641962 0.5066691470923603 0.20939258380843784 0.5169537240592931 0.1363746180159635 0.4954733021664766 0.13586984036488026
0 0.4503250250855188 0.211937984036488 0.43447384150513113 0.21451681870011402 0.42963237856328396 0.24921142873432156 0.4451568631698974 0.24815122120866592 0.4503250250855188 0.211937984036488
0 0.4541047685290764 0.1734621459521095 0.44105267844925883 0.17400803648802737 0.4336753557582668 0.21220260433295327 0.4350006670467503 0.20850897947548458 0.4515804526795895 0.20586796693272522 0.4541047685290764 0.1734621459521095
0 0.45562360205245156 0.13637614595210945 0.44123470581527935 0.13524937172177878 0.43593927366020524 0.16819721208665905 0.4539184709236032 0.16453817445838084 0.45562360205245156 0.13637614595210945