0 0.15630989623717217 0.07770126111744584 0.18649399543899658 0.09717434549600913 0.2036810478905359 0.06390858722919042 0.16981535917901938 0.047873173318129986 0.15630989623717217 0.07770126111744584
0 0.3666061710376283 0.19139256442417332 0.364791771949829 0.2263818072976055 0.4015873740022805 0.2264785142531357 0.40393299771949825 0.19329015849486886 0.3666061710376283 0.19139256442417332
0 0.39869729646522234 0.5471995895096922 0.3969130478905359 0.5132729019384265 0.3463177947548461 0.5174471972633979 0.3426610102622577 0.5541560011402509 0.39869729646522234 0.5471995895096922
0 0.21111804446978333 0.9387072884834664 0.21314278335233752 0.8977842725199544 0.1615871299885975 0.8953897970353477 0.1599708472063854 0.9416740843785633 0.21111804446978333 0.9387072884834664
0 0.34877451767388823 0.7700321151653364 0.35529209007981755 0.8213533397947548 0.4076866681870011 0.8166477662485747 0.40550618358038765 0.7601309908779931 0.34877451767388823 0.7700321151653364
0 0.5667937696693273 0.5435638563283923 0.5008689236031927 0.5448263819840365 0.4995427434435576 0.5828032337514253 0.566763251995439 0.5821800661345495 0.5667937696693273 0.5435638563283923
0 0.6663566636259978 0.3949480182440137 0.6161742816419613 0.3872544925883694 0.6067067080957811 0.43742339110604334 0.6626302326111745 0.450664409350057 0.6663566636259978 0.3949480182440137
0 0.5672151060433296 0.42950908209806155 0.5858658540478905 0.3713417377423033 0.551016189281642 0.3665600889395667 0.5401677080957811 0.4261865553021665 0.5672151060433296 0.42950908209806155
0 0.890490929304447 0.38435749030786776 0.8767518836944127 0.3868482725199544 0.8689163534777651 0.4412313819840365 0.8862333295324971 0.43827143329532503 0.890490929304447 0.38435749030786776
0 0.913994259977195 0.39111936488027366 0.8975416168757127 0.3863860410490308 0.8957463762827822 0.42078184264538193 0.9123209464082098 0.4231429737742303 0.913994259977195 0.39111936488027366
0 0.8954757388825542 0.5645474743443558 0.9286726909920183 0.5657067377423033 0.9330780695553023 0.542393157354618 0.9011490695553022 0.5380105553021665 0.8954757388825542 0.5645474743443558
0 0.9264968711516534 0.6280140706955529 0.9407034150513113 0.6291042862029647 0.9481246214367162 0.5865858198403648 0.9286220946408209 0.5841240045610034 0.9264968711516534 0.6280140706955529
0 0.947026378563284 0.6180353990877994 0.9612313603192703 0.6191255598631699 0.9658453124287343 0.5889885381984037 0.949241574686431 0.5892983283922463 0.947026378563284 0.6180353990877994
0 0.8866212919042189 0.6991032394526796 0.8709793124287343 0.7050922405929305 0.8786588540478905 0.7231837742303306 0.8894938437856328 0.7199974675028507 0.8866212919042189 0.6991032394526796
0 0.8600034982896237 0.662525448118586 0.8477736191562144 0.6727939475484607 0.8512429270239452 0.7263851721778791 0.8698438209806157 0.7219832143671607 0.8600034982896237 0.662525448118586