0 0.8724359726339794 0.3215064572405929 0.8729715096921322 0.204219677309008 0.8361948871151653 0.20862705701254275 0.8402925074116305 0.3194243534777651 0.8724359726339794 0.3215064572405929
0 0.8545078255416192 0.4498823979475484 0.8937532873432156 0.44887496351197265 0.8855754595210946 0.371739755986317 0.8488123831242873 0.3719364789053592 0.8545078255416192 0.4498823979475484
0 0.5825172576966933 0.5422316100342075 0.6204383511972633 0.5343938415051311 0.6116170570125428 0.48454390193842645 0.5747680456100343 0.48863924287343213 0.5825172576966933 0.5422316100342075
0 0.4434288859749145 0.2282784218928164 0.4769928722919042 0.22516724515393388 0.46843969897377424 0.1530887023945268 0.43229658380843783 0.15428534435575825 0.4434288859749145 0.2282784218928164
0 0.4310079087799316 0 0.43158431356898513 0.01001806385404789 0.46678628392246296 0.008670776510832383 0.46789516533637404 0 0.4310079087799316 0
0 0.310941889395667 0.21812792018244012 0.3263497708095781 0.2157543340935006 0.3159121459521095 0.15962897035347776 0.3045531094640821 0.1635471402508552 0.310941889395667 0.21812792018244012
0 0.2997964435575827 0.21636265564424173 0.2885001824401368 0.1585968369441277 0.27522339566704673 0.15890176966932726 0.28191947776510834 0.2153378392246294 0.2997964435575827 0.21636265564424173
0 0.16572192588369442 0.12891844583808437 0.18329765564424175 0.21536659179019382 0.21766404561003422 0.21479027137970355 0.208736511972634 0.12309129304446978 0.16572192588369442 0.12891844583808437
0 0 0.6441895256556442 0.033956499429874575 0.6419391151653363 0.029470872291904218 0.6057164469783352 0 0.6092096419612314 0 0.6441895256556442
0 0.01260977537058153 0.9058046248574687 0.045309971493728625 0.9043616727480045 0.046228369441277076 0.8717048437856328 0.013153167616875712 0.8757951641961231 0.01260977537058153 0.9058046248574687
0 0.22620521550741166 0.677203858608894 0.24457549486887115 0.6789095404789054 0.23555264424173317 0.6100661037628278 0.22176966818700114 0.6102908631698974 0.22620521550741166 0.677203858608894
0 0.2502484446978335 0.6430919486887114 0.2728184732041049 0.6448600718358038 0.2721339965792474 0.6068316784492588 0.25104231927023946 0.6077054720638541 0.2502484446978335 0.6430919486887114
0 0.468758267958951 0.801089945267959 0.5352079714937286 0.79536448004561 0.5347942086659065 0.7703195336374002 0.46846449030786774 0.7763661596351197 0.468758267958951 0.801089945267959
0 0.4785008574686431 0.8230990535917903 0.5279693683010263 0.8182941014823261 0.5259319042189281 0.7978075233751425 0.4735442132269099 0.8012468129988597 0.4785008574686431 0.8230990535917903
0 0.48434537514253134 0.858333063854048 0.5452098164196123 0.8499163614595211 0.5409956704675029 0.8233661847206385 0.48127724401368305 0.8283527457240594 0.48434537514253134 0.858333063854048