0 0.4830111755986317 0.7104881984036489 0.4194147080957811 0.6680172713797035 0.37073820182440137 0.7619107366020524 0.42939380273660205 0.8002833762827822 0.4830111755986317 0.7104881984036489
0 0.22601745610034207 0.9289389236031927 0.26177923033067274 0.8840624583808437 0.22221005473204106 0.8572387856328392 0.18175794526795894 0.9012986282782212 0.22601745610034207 0.9289389236031927
0 0.1452925188141391 0.8193835256556442 0.16382773318129987 0.7878796510832383 0.1396764777651083 0.7734118403648803 0.12057073660205246 0.8018235131128848 0.1452925188141391 0.8193835256556442
0 0.3262695724059293 0.20515471949828964 0.3570652850627138 0.1592598301026226 0.3070516294184721 0.12954890763968072 0.2740899589509692 0.1761855188141391 0.3262695724059293 0.20515471949828964
0 0.42764329760547326 0.04440650057012543 0.396996409350057 0.029257541619156217 0.3542176499429875 0.08977370809578107 0.3865444811858609 0.11166017787913342 0.42764329760547326 0.04440650057012543
0 0.8600168711516534 0.935010354618016 0.9565307787913341 0.9397859030786773 0.968311299885975 0.827701732041049 0.8822135895096922 0.8118668882554162 0.8600168711516534 0.935010354618016
0 0.6102762827822121 0.9481256396807297 0.5638704389965792 0.9295308563283923 0.5405396647662486 0.9640594025085519 0.5912029543899658 0.9819091904218928 0.6102762827822121 0.9481256396807297
0 0.7129757502850627 0.7520427445838084 0.727195212086659 0.7218386214367161 0.6953674903078678 0.7065639794754847 0.6807998631698974 0.7372405473204106 0.7129757502850627 0.7520427445838084
0 0.9490557765108324 0.6274875005701255 0.9879045074116305 0.641284818700114 0.9947870524515393 0.5758017673888256 0.9874058358038769 0.5750259703534778 0.9490557765108324 0.6274875005701255
0 0.5149057616875713 0.12301792930444698 0.5431371721778792 0.07026429988597492 0.48522861003420753 0.03614460889395667 0.4473584857468643 0.0840548095781072 0.5149057616875713 0.12301792930444698
0 0.29475223261117445 0.5135575370581528 0.2643517183580388 0.4960495313568985 0.2295271676168757 0.5490497149372862 0.2637494549600912 0.569942936145952 0.29475223261117445 0.5135575370581528
0 1 0.1696546636259977 0.9689950695553021 0.16512479019384263 0.9570683842645382 0.19906089281641962 1 0.2092892702394527 1 0.1696546636259977
0 0.8116288871151653 0.8160036271379704 0.845671149372862 0.8357545860889396 0.8714463717217787 0.7865040307867731 0.8402694937286203 0.770702345496009 0.8116288871151653 0.8160036271379704