0 0.602576433295325 0.9500019452679589 0.6539223318129989 0.9335158483466363 0.6429828540478906 0.9047395302166475 0.5954209338654505 0.9204192770809578 0.602576433295325 0.9500019452679589
0 0.13765566590649944 0.5365940912200684 0.12906909350057014 0.4989619395667047 0.06352684150513113 0.5189705678449259 0.07093002508551882 0.5503156043329532 0.13765566590649944 0.5365940912200684
0 0.10020665108323831 0.442925661345496 0.10013420182440137 0.4082687787913341 0.04067574572405929 0.4118268608893957 0.03916740364880274 0.44802341961231473 0.10020665108323831 0.442925661345496
0 0.9481493671607755 0.6016643660205244 0.9429384116305588 0.5603089977194983 0.899913449258837 0.5741519475484607 0.9036237525655644 0.6048183911060434 0.9481493671607755 0.6016643660205244
0 0.8763786522234891 0.647726189281642 0.8675826784492588 0.612881558722919 0.8441479931584948 0.6167746750285062 0.8553178095781071 0.6535893523375143 0.8763786522234891 0.647726189281642
0 0.1223906362599772 0.491971810718358 0.11494078677309008 0.4709603990877993 0.08301418472063854 0.47844689395667045 0.08472331584948688 0.5033955769669327 0.1223906362599772 0.491971810718358
0 0.3692436510832383 0.6101746659064995 0.3667418141391106 0.5945063090079817 0.33078359293044474 0.6031589954389966 0.3331806316989738 0.6202148164196123 0.3692436510832383 0.6101746659064995
0 0.3653881984036488 0.5891298734321551 0.36074362599771953 0.5731583386545039 0.32831323489167613 0.5813152212086659 0.32995703534777654 0.5972777320410491 0.3653881984036488 0.5891298734321551
0 0.3511944982896237 0.5713399361459521 0.34676195553021666 0.5547327069555302 0.3349214367160775 0.5557971972633979 0.3312719429874572 0.5725036316989738 0.3511944982896237 0.5713399361459521
0 0.25647651083238315 0.2941495336374002 0.2545933329532497 0.27860566248574686 0.20344756670467504 0.2815950581527936 0.20374062143671606 0.3007453295324971 0.25647651083238315 0.2941495336374002
0 0.23255875826681868 0.23275576168757126 0.2255910307867731 0.21730795781071838 0.17308696693272518 0.22768642645381984 0.17523610490307867 0.242978330672748 0.23255875826681868 0.23275576168757126
0 0 0.2776037126567845 0.0402761755986317 0.26607496009122006 0.0188077913340935 0.23917442531356897 0 0.2445259817559863 0 0.2776037126567845
0 0.012344266818700114 0.3510360410490308 0.025033288483466365 0.3474539600912201 0.01868416875712657 0.3321527388825542 0.008431214367160775 0.3359920376282782 0.012344266818700114 0.3510360410490308
0 0.03300601254275941 0.3615313717217788 0.05346480159635119 0.36205004332953256 0.05022390307867731 0.3475111607753706 0.03745224743443558 0.35050527023945266 0.03300601254275941 0.3615313717217788
0 0 0.3077586887115165 0.01975095781071836 0.30561317673888255 0.015342100342075256 0.2870413432155074 0.00299469669327252 0.28877665792474344 0 0.30150614595210945 0 0.3077586887115165
0 0.8006604298745724 0.9131661231470923 0.7916186818700114 0.921357331812999 0.802965518814139 0.933833953249715 0.8115558244013683 0.9224305621436716 0.8006604298745724 0.9131661231470923
0 0.8157449429874573 0.926640078677309 0.8059352200684151 0.9400325381984037 0.8217429133409351 0.947986502850627 0.8281468175598632 0.9380911368301026 0.8157449429874573 0.926640078677309
0 0.8395585096921323 0.9041002656784493 0.8284561128848347 0.8954960604332953 0.8178768757126568 0.9119456784492588 0.8307934025085519 0.918526149372862 0.8395585096921323 0.9041002656784493
0 0.8565645359179019 0.8843175222348917 0.8449511037628278 0.8976747274800455 0.8611295610034209 0.9082668289623718 0.8671216248574686 0.8954298415051312 0.8565645359179019 0.8843175222348917
0 0.8046954606613456 0.8736165359179019 0.7964718232611175 0.891895181299886 0.8143038939566705 0.8950551277080958 0.826348928164196 0.8783695233751425 0.8046954606613456 0.8736165359179019