0 0.7708095781071835 0.5655644241733181 0.06271379703534778 0.037628278221208664
0 0.08380624971493729 0.32102343785632836 0.035510937286202963 0.3181812497149373 0.026989062713797037 0.44886406271379703 0.08096562485746865 0.4545453124287343 0.08380624971493729 0.32102343785632836
0 0.019885937286202963 0.6278406248574686 0.01846562485746864 0.6889203124287344 0.078125 0.6960234378563284 0.08238593728620296 0.6264203124287344 0.019885937286202963 0.6278406248574686
0 0.2272734378563284 0.7755687502850628 0.14488593728620297 0.7741484378563284 0.13920468757126567 0.9034093751425314 0.2258515621436716 0.9005687502850628 0.2272734378563284 0.7755687502850628
0 0.5170453124287343 0.4715906248574686 0.43039843785632836 0.47301093728620297 0.43323906271379703 0.5099437502850627 0.5142046875712657 0.5099437502850627 0.5170453124287343 0.4715906248574686
0 0.4474437502850627 0.2755687502850627 0.34375 0.26988593728620297 0.3409093751425314 0.2940343751425314 0.4474437502850627 0.2954546875712657 0.4474437502850627 0.2755687502850627
0 0.34801093728620297 0.31960156214367164 0.4474437502850627 0.3125 0.44886406271379703 0.2997156248574686 0.3451703124287343 0.296875 0.34801093728620297 0.31960156214367164
0 0.5284093751425314 0 0.48863593728620297 0.002840624857468643 0.4900562497149373 0.03125 0.526989062713797 0.029829687571265678 0.5284093751425314 0
0 0.8693187502850628 0 0.8650562497149372 0.03835156214367161 0.910510937286203 0.03693124971493728 0.9161937502850628 0 0.8693187502850628 0
0 0.8210234378563284 0.6889203124287344 0.7826703124287344 0.707385937286203 0.7997156248574686 0.754260937286203 0.8423296875712656 0.7414765621436716 0.8210234378563284 0.6889203124287344
0 0.723010937286203 0.738635937286203 0.7017046875712656 0.745739062713797 0.707385937286203 0.7798296875712656 0.7357953124287344 0.776989062713797 0.723010937286203 0.738635937286203
0 0.16053906271379703 0.3043281254275941 0.16452187457240594 0.37530624971493726 0.24325937514253135 0.37297500000000006 0.2450984378563284 0.30310312542759404 0.16053906271379703 0.3043281254275941
0 0.16727968757126568 0.3817406248574686 0.16605312542759407 0.40178124971493734 0.2034312497149373 0.3993296875712657 0.20588281299885974 0.3815546875712657 0.16727968757126568 0.3817406248574686
0 0.813725 0.2908437502850627 0.8161765621436716 0.3817406248574686 0.8786765621436716 0.3827812497149373 0.871935937286203 0.28532812542759406 0.813725 0.2908437502850627
0 0.25643437514253137 0.6841296875712656 0.2567406248574686 0.8069156248574686 0.3799015621436716 0.8099796875712656 0.37928906271379703 0.6873984378563284 0.25643437514253137 0.6841296875712656
0 0.6452203124287343 0.7981 0.6482843751425313 0.8142703124287343 0.6838234378563284 0.8081406248574686 0.6795343751425313 0.7891406248574686 0.6452203124287343 0.7981