0 0.5602659737742303 0.44768111288483464 0.5494696795895097 0.48054553021664764 0.6492402976054732 0.49438052223489165 0.6586880877993159 0.4592327331812999 0.5602659737742303 0.44768111288483464
0 0.7104323238312428 0.5352928916761688 0.7652008597491448 0.5439497696693273 0.7831284777651083 0.46836821436716075 0.7300954332953249 0.458994779931585 0.7104323238312428 0.5352928916761688
0 0.9080187502850627 0.4073091345496009 0.8017496681870011 0.38993758836944126 0.7863773876852908 0.4467357616875713 0.9007357263397948 0.4649027810718358 0.9080187502850627 0.4073091345496009
0 0.600022497149373 0.3139837194982896 0.5892664857468642 0.35170246408209804 0.6733077491448118 0.36188045952109466 0.6791587423033068 0.32638898517673887 0.600022497149373 0.3139837194982896
0 0.5828101915621436 0.39556123261117443 0.5764083135689851 0.4316864298745724 0.6596917103762827 0.4395381870011402 0.6650729851767389 0.4058635917901938 0.5828101915621436 0.39556123261117443
0 0.724431929304447 0.08860321550741164 0.7087598164196123 0.1709047423033067 0.7665727069555303 0.18053913683010261 0.7812905176738882 0.1016139669327252 0.724431929304447 0.08860321550741164
0 0.8562942964652224 0.04638806499429875 0.8447758403648803 0.08171510718358038 0.9357461870011402 0.0973543078677309 0.9512396009122006 0.06356780273660205 0.8562942964652224 0.04638806499429875
0 0.841864031927024 0 0.9087131425313568 0.017186941847206386 0.9148804640820981 0 0.841864031927024 0
0 0.36999709122006846 0.11427894754846067 0.37382390307867736 0.130702007981756 0.4592129122006841 0.11759489395667047 0.4611813819840365 0.10318654503990879 0.36999709122006846 0.11427894754846067
0 0.35581037742303306 0.15396210376282782 0.35853891904218926 0.16744680615735463 0.40994530216647657 0.16206965450399088 0.4087039646522235 0.14431768985176738 0.35581037742303306 0.15396210376282782
0 0.9123427366020525 0.515959677309008 0.9022751664766248 0.5635012018244014 0.9547573238312429 0.5735083568985176 0.9672323808437856 0.522092582668187 0.9123427366020525 0.515959677309008
0 0.49417278791334096 0.9197116955530217 0.49236093044469786 0.940615566704675 0.5629845233751426 0.9547046841505131 0.5678033637400228 0.9299880182440138 0.49417278791334096 0.9197116955530217
0 0.31839687913340936 0.8446168380843786 0.31511406613454956 0.8572751083238312 0.35008829304446976 0.8637480718358039 0.355183842645382 0.8515002884834664 0.31839687913340936 0.8446168380843786
0 0.0841777582668187 0.9679681151653364 0.08719600798175599 0.9855958244013683 0.10810519612314709 0.9781879783352337 0.097387 0.9610987012542759 0.0841777582668187 0.9679681151653364
0 0.11044367616875712 0.943535755986317 0.12284305815279362 0.9676436066134549 0.13533585176738883 0.9590402588369441 0.12543138540478907 0.9365419794754846 0.11044367616875712 0.943535755986317
0 0.13913721550741162 0.92402886659065 0.14635432953249713 0.9463767388825541 0.16371125427594072 0.9392172907639681 0.1533769315849487 0.9191283044469784 0.13913721550741162 0.92402886659065
0 0.15965358722919043 0.9110034868871152 0.1716310718358039 0.9333113831242874 0.20350443101482327 0.9209751470923603 0.19334855872291903 0.8949263819840365 0.15965358722919043 0.9110034868871152
0 0.18827593272519955 0.8393855610034207 0.20601673090079817 0.8292264025085518 0.1956425496009122 0.8085450034207526 0.18243330900798174 0.8154144161915621 0.18827593272519955 0.8393855610034207
0 0.15326236830102624 0.8196047981755986 0.16513478221208666 0.8404101128848347 0.17932009007981756 0.8304980136830102 0.1715221037628278 0.8126109019384264 0.15326236830102624 0.8196047981755986
0 0.15985106385404788 0.7861512029646522 0.17094279817559863 0.8043264435575826 0.1856692212086659 0.8021078392246295 0.17698922234891676 0.7801191368301026 0.15985106385404788 0.7861512029646522
0 0.1244566488027366 0.7779251539338654 0.13482683124287345 0.7985269509692132 0.14875096237172175 0.7933915815279361 0.14201488711516533 0.77364461345496 0.1244566488027366 0.7779251539338654
0 0.13706026795895096 0.7538607879133409 0.14640774344355756 0.7769055017103763 0.16333781870011402 0.7721535689851767 0.1546975701254276 0.7507557217787914 0.13706026795895096 0.7538607879133409
0 0.1016642953249715 0.7456348483466362 0.1085263055872292 0.7629044960091219 0.1258403637400228 0.7551544127708095 0.11449000342075256 0.7375141402508552 0.1016642953249715 0.7456348483466362
0 0.11713350399087799 0.7242474218928164 0.12572910718358038 0.7450516259977195 0.1391881961231471 0.7417328084378564 0.13122308779931585 0.721478149372862 0.11713350399087799 0.7242474218928164
0 0.07633071949828962 0.7153062759407071 0.08817879475484607 0.7357859327251995 0.10426827594070696 0.7275247126567845 0.09113799771949828 0.710010472063854 0.07633071949828962 0.7153062759407071
0 0.09209450741163057 0.698153929304447 0.10027240022805017 0.7129397993158495 0.11690965108323831 0.7040450752565565 0.10750176510832384 0.6886482052451539 0.09209450741163057 0.698153929304447
0 0.06576235005701254 0.6790802428734322 0.07470363511972634 0.6962937742303307 0.08842234435575827 0.6881983352337514 0.07778687457240592 0.6722921060433296 0.06576235005701254 0.6790802428734322
0 0.08511449714937286 0.6664291755986317 0.09832761117445839 0.6851280250855187 0.11132831356898518 0.6752987605473204 0.09401205017103763 0.657482031927024 0.08511449714937286 0.6664291755986317