0 0.8349512417331814 0.24489184150513116 0.7957454469783352 0.2536023101482326 0.8114139247434435 0.32590477080957814 0.8477049133409351 0.31934960661345496 0.8349512417331814 0.24489184150513116
0 0.6263624002280502 0.4620195245153934 0.574913874572406 0.46835024515393386 0.5811222109464083 0.517341204104903 0.6346591379703534 0.5096018369441278 0.6263624002280502 0.4620195245153934
0 0.642071669327252 0.608425637400228 0.6227348608893957 0.6082961208665906 0.6378195997719498 0.6832085895096922 0.6545808449258838 0.6810212862029646 0.642071669327252 0.608425637400228
0 0.6783765678449258 0.602175606613455 0.6628961288483467 0.6040054184720639 0.6729738460661346 0.6579841413911061 0.6905293785632839 0.6517187822120867 0.6783765678449258 0.602175606613455
0 0.6948300923603192 0.6077948928164196 0.6988980171037629 0.6273363705815279 0.7094730615735462 0.6227368665906499 0.7086771322690992 0.6050411254275941 0.6948300923603192 0.6077948928164196
0 0.17642333523375142 0.6134827217787914 0.15310097491448119 0.5871726522234891 0.12011302508551881 0.6243121755986317 0.14496438084378563 0.6539421744583809 0.17642333523375142 0.6134827217787914
0 0.11959246522234893 0.5510225610034207 0.109371094640821 0.5351238779931585 0.0716379007981756 0.5749670136830102 0.08380759407069556 0.588826551881414 0.11959246522234893 0.5510225610034207
0 0.06350357354618016 0.7742035724059293 0.04646432839224629 0.7466953648802738 0.01989833409350057 0.7617943705815279 0.04706900570125428 0.7933889475484607 0.06350357354618016 0.7742035724059293
0 0.10181012884834663 0.8354824218928164 0.12383167844925884 0.8155684561003421 0.09780348802736602 0.7844999783352338 0.06871516875712656 0.8093897742303306 0.10181012884834663 0.8354824218928164
0 0.11967970125427593 0.908515165336374 0.11428079589509693 0.9343821288483466 0.14903653477765108 0.94113796009122 0.152328007981756 0.9148613534777651 0.11967970125427593 0.908515165336374
0 0.2613328882554162 0.7836242702394527 0.2292182919042189 0.7683088791334093 0.21568708095781072 0.8234430980615735 0.24308881299885973 0.8339091995438996 0.2613328882554162 0.7836242702394527
0 0.9067091379703535 0.3955392109464082 0.8805224503990878 0.39952357240592934 0.8836926556442417 0.4488312713797035 0.9139698643101482 0.44533959635119724 0.9067091379703535 0.3955392109464082
0 0.9685210820980615 0.5382062428734321 0.9520046316989738 0.5422541265678449 0.9599084059293044 0.5888527616875712 0.974616125427594 0.5877800421892817 0.9685210820980615 0.5382062428734321
0 0.9542872782212086 0.7767814161915622 0.966636496009122 0.7132501984036489 0.9210905279361459 0.7043969589509692 0.9130254002280502 0.7693657833523375 0.9542872782212086 0.7767814161915622
0 0.6587865917901938 0.7901108768529076 0.617801054732041 0.7924267662485747 0.6296257730900797 0.8503726579247435 0.6650440592930446 0.848184330672748 0.6587865917901938 0.7901108768529076
0 0.4325620877993158 0.7213379030786773 0.4077531231470924 0.721354433295325 0.4036757092360319 0.7991940581527937 0.432053393386545 0.7986614914481185 0.4325620877993158 0.7213379030786773
0 0.7122867605473204 0.45573673318129987 0.7216537981755987 0.5071562690992019 0.7717563078677309 0.4890715108323831 0.7602047035347776 0.44932459749144815 0.7122867605473204 0.45573673318129987
0 0.6290449874572406 1 0.6328398483466362 0.9925369543899658 0.6198940946408209 0.9839719247434436 0.6086297457240593 1 0.6290449874572406 1