0 0.35695766362599773 1 0.36888498175598633 0.9506704937286203 0.3352312462941847 0.9460803169897377 0.32258687571265676 1 0.35695766362599773 1
0 0.5260929669327252 0.17999877765108324 0.5995154754846066 0.25680480273660206 0.6372747673888255 0.22083322234891678 0.560895448118586 0.1414568802736602 0.5260929669327252 0.17999877765108324
0 0.9893980353477766 0.33092445952109467 0.9621722656784493 0.3189397514253136 0.9356325324971493 0.3763481003420752 0.9765825621436716 0.3859837924743444 0.9893980353477766 0.33092445952109467
0 0.9144678734321551 0.07367937514253135 0.9436170444697833 0.05358771379703535 0.9188944184720639 0.01781732953249715 0.8861790820980615 0.0464927251995439 0.9144678734321551 0.07367937514253135
0 0.8770265621436716 0.09435244469783353 0.8463998198403648 0.11315967160775371 0.8713155849486888 0.15169206043329533 0.8959320262257697 0.1263616385404789 0.8770265621436716 0.09435244469783353
0 0.9628888973774231 0.17028702622576966 0.9759351790193843 0.15826486545039908 0.9561318848346636 0.13326193044469783 0.9413165473204105 0.13985364082098062 0.9628888973774231 0.17028702622576966
0 0.937306110604333 0.18179806955530214 0.9519282006841505 0.17244279475484606 0.9345035347776511 0.1417193740022805 0.9158303306727481 0.15274568643101483 0.937306110604333 0.18179806955530214
0 0.8798010832383124 0.15387577423033066 0.9079636944127708 0.19912616419612314 0.9236784207525656 0.18552808779931584 0.9026188551881413 0.1425596465222349 0.8798010832383124 0.15387577423033066
0 0.028079555302166475 0.2675987001140251 0.046481741163055874 0.37186119498289627 0.061491993158494865 0.3680344982896237 0.041418769669327254 0.25972088825541617 0.028079555302166475 0.2675987001140251
0 0.4847864150513113 0.343989023945268 0.4914638472063854 0.30047034549600915 0.4380754401368301 0.29170442873432156 0.4301121265678449 0.33670234663626 0.4847864150513113 0.343989023945268
0 0.439166362599772 0.8832599555302166 0.4249683283922463 0.9384159669327252 0.4448978038768529 0.9453551596351197 0.45327722690992023 0.8864396259977195 0.439166362599772 0.8832599555302166
0 0.46581228164196126 0.8869524116305587 0.4568530091220069 0.9375756944127708 0.469871236031927 0.9449981687571265 0.4852584754846066 0.8869803568985176 0.46581228164196126 0.8869524116305587
0 0.0287388574686431 0.9105705188141391 0.03231463968072976 0.9617065883694413 0.04885698859749145 0.9619375895096922 0.03798502166476624 0.9057575655644241 0.0287388574686431 0.9105705188141391
0 0.6456658859749145 0.22173445838084377 0.5579756716077537 0.28738634321550743 0.6095970604332953 0.3444870114025086 0.6933206157354619 0.27613650285062713 0.6456658859749145 0.22173445838084377
0 0.4977766088939567 0.08208394754846067 0.4438266396807298 0.1364500535917902 0.5019985553021664 0.1957710638540479 0.5567019452679589 0.14998423831242874 0.4977766088939567 0.08208394754846067
0 0.45264787913340937 0.15190204218928163 0.402370984036488 0.15660971151653366 0.4197328164196123 0.26015083238312425 0.4684731641961231 0.25257617673888255 0.45264787913340937 0.15190204218928163
0 0 0.17102622348916763 0.03576874572405929 0.17569627366020524 0.03804028050171038 0.1570878015963512 0 0.15345174458380845 0 0.17102622348916763