0 0.8937429726339795 0.9205076818700114 0.9179972200684151 0.8918266088939567 0.8417113511972634 0.8394091288483466 0.8245661368301026 0.8691566214367161 0.8937429726339795 0.9205076818700114
0 0.8747803774230332 1 0.8939129190421893 0.9787242029646522 0.8593948950969212 0.9490156932725199 0.8456295541619157 0.9891675074116306 0.8716519954389966 1 0.8747803774230332 1
0 0.37199161003420755 0.8727899099201823 0.38594506385404787 0.8219506887115166 0.3262119395667047 0.8078388654503991 0.3142488757126568 0.8638120444697834 0.37199161003420755 0.8727899099201823
0 0.8339117149372861 0.6058280558722918 0.8641308038768529 0.5416112964652223 0.8300095290763968 0.5231942428734321 0.7974032029646523 0.5880913192702394 0.8339117149372861 0.6058280558722918
0 0.6410536909920181 0.5977109828962373 0.685090992018244 0.6263979726339794 0.7096163318129989 0.582275527936146 0.6573299988597492 0.5498799464082098 0.6410536909920181 0.5977109828962373
0 0.6923077537058153 0.34912387913340936 0.6964382417331814 0.3165253762827822 0.6474044492588369 0.3020080319270239 0.6441232645381985 0.33689201824401366 0.6923077537058153 0.34912387913340936
0 0.27421466818700113 0.24856651995438997 0.29673696237172176 0.183024606613455 0.23244267274800456 0.15814247662485748 0.2112711265678449 0.23135288255416192 0.27421466818700113 0.24856651995438997
0 0 0.5722865222348917 0.03194548574686431 0.5876728004561004 0.0518236385404789 0.5375292725199544 0 0.5128468050171038 0 0.5722865222348917
0 0.1460591835803877 0.7862805461801596 0.1582731630558723 0.7330324732041048 0.11741430444697834 0.7263793124287343 0.10725618129988597 0.7809212736602053 0.1460591835803877 0.7862805461801596
0 0.2364213762827822 0.7807301744583809 0.2343266031927024 0.7646552303306727 0.17509541163055872 0.7558982953249715 0.17518363169897377 0.7678547810718358 0.2364213762827822 0.7807301744583809
0 0.16372894640820979 0.21634430900798177 0.16963161459521095 0.18437058038768528 0.1010987810718358 0.16416675256556443 0.09427055644241734 0.19813400684150512 0.16372894640820979 0.21634430900798177
0 0.12703790535917903 0.10700137058152794 0.14194755530216646 0.06924489281641961 0.08054902736602053 0.04857019156214367 0.07328285290763968 0.09061697035347775 0.12703790535917903 0.10700137058152794
0 0.06679320980615736 0.3263239851767389 0.003430859749144812 0.2990827605473204 0.002757115165336374 0.33768156784492587 0.052258535917901944 0.35951912542759407 0.06679320980615736 0.3263239851767389
0 0.8333763865450399 0.4323704196123147 0.8434657582668187 0.39868824857468643 0.8062517822120866 0.38734642303306727 0.7993882976054733 0.4233336818700114 0.8333763865450399 0.4323704196123147
0 0.9008092018244014 0.48166260433295327 0.9223232326111744 0.43986296009122006 0.8859102177879133 0.41665518129988593 0.8628677799315849 0.46096446978335237 0.9008092018244014 0.48166260433295327
0 1 0.39462430900798173 0.9661136214367161 0.3806322485746864 0.966739684150513 0.4298178540478906 0.9999173740022805 0.43765276510832385 1 0.43291912770809576 1 0.39462430900798173
0 0.873481416191562 0.516231558722919 0.891883582668187 0.48269448916761687 0.8730834161915622 0.47108023717217784 0.8581810045610034 0.5082430011402509 0.873481416191562 0.516231558722919
0 0.9924816909920182 0.843230078677309 0.9934598209806158 0.8076057856328392 0.9645844002280501 0.7744311630558722 0.9444961037628278 0.8025926761687572 0.9924816909920182 0.843230078677309
0 0.3617843557582668 0.7431201448118586 0.37007358608893953 0.7105942337514253 0.34171269213226907 0.702376141391106 0.3363813956670467 0.7355475233751426 0.3617843557582668 0.7431201448118586