0 0.919509889395667 0.1156612850627138 0.9343904435575827 0.06888144925883695 0.8645137160775371 0.0565602976054732 0.8557364207525656 0.09779064310148233 0.919509889395667 0.1156612850627138
0 0.5381788825541619 0.11046173204104903 0.6061106202964652 0.1218370205245154 0.6226416259977194 0.07596380729760548 0.5547632588369441 0.059147944127708095 0.5381788825541619 0.11046173204104903
0 0.311096322690992 0.07162518244013684 0.29776592246294187 0.11987147776510833 0.3653570809578107 0.13660655302166477 0.3819514367160775 0.08351752793614595 0.311096322690992 0.07162518244013684
0 0.3226774675028506 0.2658097651083238 0.331781362599772 0.23127535917901937 0.28587806499429874 0.224902834663626 0.2777561197263398 0.2572875952109464 0.3226774675028506 0.2658097651083238
0 0.24161955644241734 0.407519913340935 0.2531321242873432 0.37642159635119726 0.21674648232611177 0.3707800900798176 0.20887469897377423 0.4017461117445838 0.24161955644241734 0.407519913340935
0 0.5951649828962372 0.20784771379703534 0.6011092713797035 0.18781305701254275 0.5637199258836945 0.1776060228050171 0.5597026841505132 0.20038893500570126 0.5951649828962372 0.20784771379703534
0 1 0.16210401482326112 0.9623756362599771 0.15634796579247434 0.96117769327252 0.16998937514253135 1 0.17638200456100342 1 0.16210401482326112
0 1 0.18982511288483464 0.9611347137970354 0.18048194298745726 0.9627684618015964 0.19857964766248573 1 0.20614106385404787 1 0.18982511288483464
0 0.8831942542759408 0.5814820045610034 0.8932934846066135 0.5447130513112884 0.8459568757126568 0.5413403340935006 0.8446005632839225 0.5746768950969213 0.8831942542759408 0.5814820045610034
0 0.9350953204104903 0.3623513808437856 0.8750076795895098 0.3577790570125428 0.8646406590649943 0.4234118905359179 0.9252814903078677 0.4316944538198404 0.9350953204104903 0.3623513808437856
0 0.9294076750285063 0.42880931356898516 0.9878108814139112 0.436096 0.9939850171037629 0.3805651140250855 0.9318489007981756 0.3722235632839225 0.9294076750285063 0.42880931356898516
0 0.7790631265678449 0.2932776009122007 0.7926389224629418 0.2607359441277081 0.7388041858608895 0.25147507297605476 0.7323878608893957 0.284444582668187 0.7790631265678449 0.2932776009122007
0 0.1913074629418472 0.09447273318129988 0.19591249030786775 0.0820334070695553 0.16155116419612314 0.07175897035347777 0.1570474298745724 0.08361483580387685 0.1913074629418472 0.09447273318129988
0 0.09065585404789053 0.159244417331813 0.09409142189281641 0.14659888369441276 0.07375787343215508 0.14053208095781072 0.06981179589509692 0.15436322805017105 0.09065585404789053 0.159244417331813
0 0.08175483922462942 0.18237042075256557 0.0860841755986317 0.16807533979475484 0.06814218358038768 0.16212243215507413 0.06317967388825542 0.17487950969213226 0.08175483922462942 0.18237042075256557
0 0.07254478449258836 0.2072490741163056 0.07797382668187 0.19013652679589507 0.06206306955530217 0.18634099087799316 0.057408514253135694 0.1973515724059293 0.07254478449258836 0.2072490741163056