0 0.6566410935005701 0.5193859007981756 0.660843905359179 0.44527233751425316 0.6260213968072976 0.4410168939566705 0.619455976054732 0.5177132725199544 0.6566410935005701 0.5193859007981756
0 0.7147042303306728 0.5982543888255416 0.7143466659064994 0.5618346898517673 0.6391966453819841 0.5545331242873432 0.6358692052451539 0.5918868141391106 0.7147042303306728 0.5982543888255416
0 0.7676130638540478 0.6294636476624857 0.8422625838084378 0.6301516670467503 0.8419139817559863 0.6163976944127708 0.7675142690992018 0.6133478494868871 0.7676130638540478 0.6294636476624857
0 0.9069225302166476 0.15144431242873432 0.9003439475484606 0.11735114709236032 0.8446817502850626 0.12939414823261117 0.8506275781071836 0.16098716419612316 0.9069225302166476 0.15144431242873432
0 0.340769125427594 0.2601355895096921 0.3385781687571266 0.2241186419612315 0.25829364766248575 0.21448635803876853 0.25701126567844923 0.25511865108323833 0.340769125427594 0.2601355895096921
0 0.2268832063854048 0 0.22638625313568983 0.02325353363740023 0.26665170125427595 0.02689015393386545 0.2640533158494869 0 0.2268832063854048 0
0 0.2905822155074116 0.5101372884834664 0.2900637936145952 0.4581922884834663 0.25689192018244017 0.4553028050171038 0.2583744834663626 0.5065950091220068 0.2905822155074116 0.5101372884834664
0 0.2093990718358039 0.6739769954389966 0.20910220068415053 0.6256342633979475 0.17449984948688713 0.6249793694412771 0.17256534777651084 0.6746712508551882 0.2093990718358039 0.6739769954389966
0 0 0.6769912713797036 0.039599985176738885 0.6799876476624858 0.043568311288483465 0.6422315553021665 0 0.6410559144811859 0 0.6769912713797036
0 0.007085476624857468 0.4063823055872292 0.0009709099201824402 0.4844693648802737 0.037176774230330674 0.4869236031927024 0.041763080957810714 0.4034661265678449 0.007085476624857468 0.4063823055872292
0 0.20219547092360318 0.8676600307867731 0.20675412884834665 0.8299675564424173 0.15880133751425315 0.8255229646522235 0.15780081299885976 0.8663137115165336 0.20219547092360318 0.8676600307867731
0 0.264533496009122 0.8205320193842646 0.30131491448118586 0.823205432155074 0.30807333295324973 0.7589033751425314 0.26705773888255413 0.7510134811858609 0.264533496009122 0.8205320193842646
0 0.38173888027366015 0.9509461778791334 0.4185187457240593 0.9536194264538199 0.422114850627138 0.9194047662485747 0.3798268745724059 0.9179405096921323 0.38173888027366015 0.9509461778791334
0 0.7322620342075257 0.2207639338654504 0.6679411436716078 0.21280949486887116 0.6662049908779932 0.22932788141391106 0.7338536966932725 0.2340515370581528 0.7322620342075257 0.2207639338654504