0 0.7128724526795894 0.3069048015963512 0.728981685290764 0.3488963352337514 0.8100740193842646 0.3198268665906499 0.7893015028506271 0.28205688255416195 0.7128724526795894 0.3069048015963512
0 0.5720186841505132 0.05258206727480045 0.5673805792474345 0.06862825883694412 0.6460510353477765 0.10117272633979475 0.6484920912200685 0.08561018129988597 0.5720186841505132 0.05258206727480045
0 0.2005236282782212 0.37798656556442417 0.19708806157354616 0.3906321003420753 0.2701459122006842 0.4071284549600912 0.26852916647662484 0.3889433112884834 0.2005236282782212 0.37798656556442417
0 0.1966428392246294 0.3965763443557583 0.19413717445838083 0.4142059475484607 0.2367196031927024 0.4223157023945268 0.2421222269099202 0.4104818882554162 0.1966428392246294 0.3965763443557583
0 0.16813472862029646 0.524061181299886 0.1639779771949829 0.5407967445838084 0.2133045267958951 0.5585284709236032 0.221429574686431 0.5432224618015963 0.16813472862029646 0.524061181299886
0 0.16342965222348918 0.5473257183580388 0.1588928415051311 0.5627884481185861 0.20987201368301028 0.5814144857468643 0.21302821778791334 0.5652244025085519 0.16342965222348918 0.5473257183580388
0 0.4992179851767389 0.6535151961231471 0.5164936214367161 0.6854724549600912 0.5698322976054733 0.6599436556442417 0.5515384446978335 0.6303327297605472 0.4992179851767389 0.6535151961231471
0 0.3228601037628278 0.8193795735461801 0.34265029988597495 0.864430212086659 0.37710988597491446 0.8536407662485748 0.35612118700114026 0.8000094618015964 0.3228601037628278 0.8193795735461801
0 0.21380915849486887 0.7471456807297605 0.1656979110604333 0.7669721448118587 0.1864819236031927 0.7995480273660205 0.2316028244013683 0.7864228517673889 0.21380915849486887 0.7471456807297605
0 0.19556936488027366 0.93607044013683 0.20674717673888254 0.9547403979475484 0.25010574344355757 0.9601580900798176 0.2322280889395667 0.919647598631699 0.19556936488027366 0.93607044013683
0 0.07862344355758266 0.9154497183580388 0.06096720524515393 0.8822227023945267 0.03981897149372862 0.8893333774230331 0.0521911755986317 0.9234548574686431 0.07862344355758266 0.9154497183580388
0 0.07726863397947548 0.8718441790193843 0.09705577423033067 0.9066543375142532 0.12575195210946408 0.9011966499429874 0.10963164196123147 0.8661064754846066 0.07726863397947548 0.8718441790193843