0 0.6588313249714938 0.3554722782212087 0.7037077183580387 0.34515715735461805 0.7007473523375143 0.2939601550741163 0.6477340045610034 0.3025058472063854 0.6588313249714938 0.3554722782212087
0 0.30388349258836944 0.03294924287343216 0.3108685632839225 0.08785146408209805 0.3246888791334093 0.08298863511972633 0.31706897719498295 0.02925247092360319 0.30388349258836944 0.03294924287343216
0 0.31271744583808436 0.15386401368301025 0.3294824766248575 0.14969656670467502 0.3223715153933865 0.09835462143671607 0.30774506385404793 0.09814090992018244 0.31271744583808436 0.15386401368301025
0 0.34387493500570127 0.060486700114025085 0.35771759064994296 0.055028976054732046 0.35544512086659064 0.018114681870011404 0.33905298061573547 0.0172451984036488 0.34387493500570127 0.060486700114025085
0 0.6477311744583809 0.010498176738882554 0.6346269589509692 0.011822903078677309 0.6415514253135689 0.06850534435575827 0.6551134481185861 0.06571132383124287 0.6477311744583809 0.010498176738882554
0 0.6734187411630559 0.005751143671607753 0.658568566704675 0.00612373204104903 0.6701924503990878 0.06415850285062714 0.6856495427594071 0.05786755302166477 0.6734187411630559 0.005751143671607753
0 0.7204548449258836 0.20553156784492588 0.750406976054732 0.19766584150513114 0.7505049372862029 0.16083432383124288 0.7129402588369441 0.16843421436716077 0.7204548449258836 0.20553156784492588
0 0.8939769726339795 0.09752004332953249 0.927507031927024 0.08918514823261117 0.9221464150513112 0.055727684150513115 0.8859185222348918 0.057730192702394524 0.8939769726339795 0.09752004332953249
0 0.723787802736602 0.7219343409350057 0.7786595416191562 0.7143447137970353 0.7715728084378564 0.611314314709236 0.7185168244013683 0.6204541927023945 0.723787802736602 0.7219343409350057
0 0.839186762827822 0.5447584629418473 0.8529656909920182 0.5410808494868871 0.8534872371721778 0.4751510763968073 0.8420039794754847 0.47415752451539334 0.839186762827822 0.5447584629418473
0 0.8405009714937287 0.6600636316989738 0.8620084777651084 0.6560602314709236 0.8609096009122007 0.6025517856328392 0.8329907046750284 0.6048444515393386 0.8405009714937287 0.6600636316989738
0 0.8793122132269099 0.6364662497149373 0.9069337958950969 0.627330913340935 0.9061291060433295 0.5993795530216648 0.8760034766248574 0.5965436431014823 0.8793122132269099 0.6364662497149373
0 0.7858822816419612 0.8304487605473204 0.843612669327252 0.8259295188141391 0.8394062109464082 0.7779566168757127 0.7832443614595211 0.7869864720638541 0.7858822816419612 0.8304487605473204
0 0.8643518050171037 0.8438845553021666 0.8700364298745723 0.8850767890535918 0.9315105176738883 0.8753412725199544 0.9226979190421893 0.8387911402508552 0.8643518050171037 0.8438845553021666
0 0.752180362599772 1 0.7416453831242873 0.9584219361459521 0.7284582827822121 0.9621202155074117 0.7369083261117446 1 0.752180362599772 1
0 0.781327393386545 1 0.7774422656784492 0.9531367594070695 0.7600854093500571 0.9572835404789053 0.7665282109464082 1 0.781327393386545 1
0 0.5584450604332953 0.8676605461801596 0.5729002622576967 0.8616301026225769 0.5646455838084379 0.8090584310148233 0.5463916556442417 0.8087180456100342 0.5584450604332953 0.8676605461801596