0 0.701639062713797 0.7348374994298746 0.6986703124287343 0.7698359372862029 0.7497328129988597 0.7692421870011402 0.7598265621436716 0.7354312497149373 0.701639062713797 0.7348374994298746
0 0.7984203124287343 0.9418562497149373 0.7901078129988597 0.9649906248574687 0.8414671870011402 0.9676812497149373 0.8429531254275942 0.9466015621436716 0.7984203124287343 0.9418562497149373
0 0.7123265621436715 0.6861984378563284 0.7105453124287343 0.7194156248574687 0.7550765621436716 0.7230624994298746 0.7604203124287343 0.6885703124287343 0.7123265621436715 0.6861984378563284
0 0.7022312497149373 0.597814062713797 0.696889062713797 0.6523874994298745 0.747060937286203 0.6545687502850627 0.7503265621436715 0.5990015621436716 0.7022312497149373 0.597814062713797
0 0.8233578129988597 0.5610375005701255 0.8144515621436715 0.5918828129988598 0.8477015621436715 0.5972218745724059 0.8524531254275941 0.5645968745724059 0.8233578129988597 0.5610375005701255
0 0.7984203124287343 0.7004328129988597 0.7859515621436717 0.7431421870011402 0.8281078129988597 0.746189062713797 0.8310765621436716 0.7034 0.7984203124287343 0.7004328129988597
0 0.25335468757126567 0.8279656248574686 0.2420734378563284 0.8594046875712656 0.27651093728620296 0.865335937286203 0.2848234378563284 0.8315250000000001 0.25335468757126567 0.8279656248574686
0 0.09185468757126568 0.8161031254275941 0.08710312542759407 0.8511015621436716 0.1254 0.8520421870011402 0.12747812542759407 0.8184750000000001 0.09185468757126568 0.8161031254275941
0 0.1613234378563284 0.8232218745724059 0.15360312542759405 0.857625 0.18329218700114028 0.8609374994298746 0.18804218700114023 0.823814062713797 0.1613234378563284 0.8232218745724059
0 0.694514062713797 0.3279203124287343 0.6939203124287343 0.36113749942987455 0.7687328129988598 0.36232343785632837 0.7728890627137971 0.3273265621436716 0.694514062713797 0.3279203124287343
0 0.7414203124287343 0.2869906248574686 0.7348890627137971 0.32020937514253134 0.7719984378563284 0.32099843785632837 0.780014062713797 0.2858046875712657 0.7414203124287343 0.2869906248574686
0 0.6363249999999999 0.2597046875712657 0.6297937502850627 0.310125 0.6669046875712656 0.31299218700114023 0.6725453124287343 0.26207656214367164 0.6363249999999999 0.2597046875712657
0 0.658889062713797 0.18377812542759409 0.6487937502850627 0.24665468757126568 0.7212328129988597 0.255175 0.7277640627137971 0.18911718700114025 0.658889062713797 0.18377812542759409
0 0.8263265621436716 0.14581562485746863 0.8203890627137971 0.18259218700114027 0.87175 0.18401250057012541 0.8785765621436716 0.15234062485746866 0.8263265621436716 0.14581562485746863
0 0.8530468745724059 0.2899562497149373 0.8429531254275942 0.3391906248574686 0.8963906248574687 0.3445296875712657 0.9029218745724059 0.29114375028506273 0.8530468745724059 0.2899562497149373
0 0.957546874572406 0.35817187457240596 0.9545765621436716 0.3907968745724059 0.9804062497149373 0.39393906271379703 0.9890156248574686 0.36113749942987455 0.957546874572406 0.35817187457240596
0 0.9242968745724058 0.3575796875712656 0.920139062713797 0.3907968745724059 0.9450765621436715 0.3907968745724059 0.9498281254275941 0.36113749942987455 0.9242968745724058 0.3575796875712656
0 0.8672953124287343 0.46790937514253134 0.9029218745724059 0.47206093728620296 0.9088593751425313 0.4335062497149373 0.872639062713797 0.4293531254275941 0.8672953124287343 0.46790937514253134
0 0.937953125427594 0.43884375028506273 0.9308281254275941 0.47206093728620296 0.9634843751425313 0.47488593728620293 0.9670468745724059 0.43825000000000003 0.937953125427594 0.43884375028506273
0 0.6903578129988598 0.11615624971493729 0.6820453124287343 0.16894843785632838 0.7176703124287344 0.17191562485746864 0.7218265621436716 0.11675 0.6903578129988598 0.11615624971493729
0 0.9991093751425314 0.18496562485746865 1 0.1671687502850627 0.9225156248574686 0.16064531242873434 0.921625 0.1768968745724059 0.9991093751425314 0.18496562485746865
0 0.7420140627137971 0.0012453124287343214 0.6571078129988598 0.0012453124287343214 0.6493890627137971 0.04675468757126568 0.720639062713797 0.04734687457240593 0.7420140627137971 0.0012453124287343214
0 0.24266718700114023 0.1363234378563284 0.23316718700114025 0.17784687457240594 0.3213390627137971 0.1866812497149373 0.3299484378563284 0.14818750057012545 0.24266718700114023 0.1363234378563284
0 0.24801093728620296 0.021842187001140254 0.23910468757126566 0.056245312428734325 0.278589062713797 0.05859062485746864 0.2848234378563284 0.02540156214367161 0.24801093728620296 0.021842187001140254
0 0.3976375005701254 0.27631406271379705 0.3964484378563284 0.32376718700114027 0.4317781254275941 0.3236671870011403 0.43563749942987456 0.27631406271379705 0.3976375005701254 0.27631406271379705
0 0.0012468745724059293 0.031925 0.0012468745724059293 0.06870312542759406 0.030103125427594073 0.07104375028506271 0.035446874572405924 0.03607656214367161 0.0012468745724059293 0.031925
0 0.278885937286203 0.10844531242873431 0.27710468757126566 0.13929062485746863 0.3302453124287343 0.1484312497149373 0.3370734378563284 0.09005781299885975 0.278885937286203 0.10844531242873431
0 0.25335468757126567 0.6328124994298745 0.24801093728620296 0.671960937286203 0.2848234378563284 0.6723593751425314 0.2895734378563284 0.6339984378563284 0.25335468757126567 0.6328124994298745
0 0.13222968757126569 0.6019656248574686 0.1874468745724059 0.6013734378563284 0.18804218700114023 0.5782406248574686 0.13044687457240595 0.5729015621436716 0.13222968757126569 0.6019656248574686
0 0.002790624857468643 0.44299687457240594 0.0012468745724059293 0.45960468757126566 0.019415624857468644 0.46154218700114025 0.01882187457240593 0.4471484378563284 0.002790624857468643 0.44299687457240594
0 0.0012468745724059293 0.42579375028506267 0.022384375142531356 0.42579375028506267 0.024759375142531355 0.4103718745724059 0.0012468745724059293 0.4103718745724059 0.0012468745724059293 0.42579375028506267
0 0.39941718700114026 0.4299468745724059 0.39229375028506275 0.46612968757126566 0.4282156248574686 0.4651015621436716 0.4314812497149373 0.4323187502850627 0.39941718700114026 0.4299468745724059
0 0.3525109372862029 0.6476406248574686 0.35013749942987454 0.6832312497149373 0.40416875028506266 0.6883718745724059 0.41307499999999997 0.6476406248574686 0.3525109372862029 0.6476406248574686
0 0.36616875028506274 0.7152625005701254 0.3614171870011402 0.7484812497149372 0.4160437502850627 0.756785937286203 0.4160437502850627 0.7206015621436717 0.36616875028506274 0.7152625005701254