0 0.2930171870011402 0.669160937286203 0.2948 0.7082562497149373 0.35714375028506273 0.7141953124287344 0.3690171870011402 0.6797484378563283 0.2930171870011402 0.669160937286203
0 0.2992515621436716 0.8472875005701255 0.29420468757126567 0.9018734378563283 0.34051718700114025 0.9048421870011403 0.35001718700114026 0.8573296875712657 0.2992515621436716 0.8472875005701255
0 0.26689218700114026 0.998753125427594 0.3138 0.998753125427594 0.32211093728620294 0.9600765621436717 0.27461093728620295 0.9535437502850628 0.26689218700114026 0.998753125427594
0 0.8588656248574686 0.8561406248574687 0.9051765621436716 0.8852437502850627 0.915271874572406 0.8692062497149373 0.8683656248574686 0.8430749999999999 0.8588656248574686 0.8561406248574687
0 0.8550046875712657 0.8677703124287344 0.844614062713797 0.8798984378563284 0.8927078129988598 0.909 0.9004281254275941 0.8965281254275941 0.8550046875712657 0.8677703124287344
0 0.9354593751425314 0.8947453124287343 0.998753125427594 0.9297874994298746 0.998753125427594 0.8822734378563285 0.9592093751425314 0.8662375005701254 0.9354593751425314 0.8947453124287343
0 0.9615828129988597 0.8460453124287343 0.998753125427594 0.8633171870011402 0.998753125427594 0.8276328129988597 0.976428125427594 0.8133796875712657 0.9615828129988597 0.8460453124287343
0 0.8398640627137971 0 0.8564906248574686 0.08286406271379704 0.9301140627137969 0.07276718700114025 0.9146765621436715 0 0.8398640627137971 0
0 0.6234406248574687 0.013656249714937285 0.6172062497149373 0.05495 0.6706453124287343 0.05316875028506271 0.6819265621436715 0.01515781299885975 0.6234406248574687 0.013656249714937285
0 0.7917703124287343 0.05551562485746864 0.7959265621436716 0.09177343785632838 0.8345218745724059 0.08523906271379704 0.8262078129988597 0.05197968757126568 0.7917703124287343 0.05551562485746864
0 0.8089906248574686 0.15294687457240594 0.8428328129988597 0.1446312497149373 0.846396874572406 0.10662031242873432 0.8054265621436716 0.11018437514253136 0.8089906248574686 0.15294687457240594
0 0.18347031242873435 0.2282984378563284 0.18198437514253138 0.24322031242873432 0.21048593728620296 0.24203437514253137 0.21582968757126567 0.22896562485746863 0.18347031242873435 0.2282984378563284
0 0.17990781299885977 0.25056406271379705 0.17723593728620296 0.2604437502850627 0.2425484378563284 0.262225 0.2443296875712657 0.24678437514253138 0.17990781299885977 0.25056406271379705
0 0.17486093728620294 0.27945000000000003 0.25442343785632837 0.2812312497149373 0.25739218700114025 0.2675703124287343 0.1712984378563284 0.26994687457240596 0.17486093728620294 0.27945000000000003
0 0.17723593728620296 0.28797031242873433 0.17486093728620294 0.301425 0.25501718700114023 0.30201875028506275 0.253235937286203 0.2865765621436716 0.17723593728620296 0.28797031242873433
0 0.1784234378563284 0.32518124971493734 0.25086093728620296 0.3216171870011402 0.24670468757126565 0.3085515621436716 0.17723593728620296 0.3091453124287343 0.1784234378563284 0.32518124971493734
0 0.056999999999999995 0.24343906271379703 0.07867187457240593 0.20996093728620296 0.03889062485746864 0.18858124971493728 0.022265624857468642 0.2188703124287343 0.056999999999999995 0.24343906271379703