0 0.309939062713797 0.05633593728620296 0.3043 0.09729375028506271 0.382675 0.10678437514253135 0.390985937286203 0.06882031242873432 0.309939062713797 0.05633593728620296
0 0.23868906271379703 0.10081249942987457 0.23482968757126568 0.13881562485746865 0.2971734378563284 0.13940781299885974 0.2989546875712657 0.10856406271379704 0.23868906271379703 0.10081249942987457
0 0.3972203124287343 0 0.3856437502850627 0.05814375028506272 0.4438296875712657 0.06466875028506272 0.45214375028506276 0.0071312497149372866 0.3972203124287343 0
0 0.48094062485746863 0.005634375142531357 0.4770812497149373 0.0445 0.51805 0.050432812998859745 0.5269562497149373 0.01128281299885975 0.48094062485746863 0.005634375142531357
0 0.5272531254275941 0.022534375142531357 0.5233937502850627 0.05932968757126568 0.5673312497149373 0.0634812497149373 0.5697062497149373 0.027298437856328392 0.5272531254275941 0.022534375142531357
0 0.4381906248574687 0.2618156248574686 0.4319562497149373 0.30431093728620295 0.5138937502850627 0.30905781299885976 0.5186437502850627 0.27643281299885974 0.4381906248574687 0.2618156248574686
0 0.6982546875712657 0.25825781299885975 0.6866765621436716 0.32566562485746864 0.7323953124287343 0.33278281299885976 0.7413015621436717 0.2663484378563284 0.6982546875712657 0.25825781299885975
0 0.8835046875712657 0.3881281254275941 0.8808343751425314 0.4377765621436716 0.9550531254275941 0.44370781299885975 0.957428125427594 0.3915078129988597 0.8835046875712657 0.3881281254275941
0 0.18881406271379703 0.3285312497149373 0.18436093728620295 0.369560937286203 0.24136093728620298 0.37549218700114023 0.2496734378563284 0.33634218700114027 0.18881406271379703 0.3285312497149373
0 0.14606406271379704 0.1630781254275941 0.13745312542759408 0.20347187457240593 0.18554843785632838 0.2094031254275941 0.18970468757126568 0.16966093728620296 0.14606406271379704 0.1630781254275941
0 0.23156406271379704 0.24936250057012543 0.22651718700114026 0.2687203124287343 0.26748593728620296 0.27405937514253137 0.2757984378563284 0.25033281299885973 0.23156406271379704 0.24936250057012543
0 0.3491265621436716 0.21378281299885976 0.33398593728620296 0.29185468757126565 0.3915812497149373 0.2983796875712657 0.4034546875712657 0.22008124971493728 0.3491265621436716 0.21378281299885976
0 0.09975 0.5642531254275941 0.0929234378563284 0.5979328129988597 0.18673593728620297 0.6080171870011403 0.1926734378563284 0.5724265621436716 0.09975 0.5642531254275941
0 0.2867828129988597 0.5713703124287344 0.2728296875712657 0.6436078129988598 0.33101718700114025 0.6507265621436715 0.34111093728620295 0.5753921870011403 0.2867828129988597 0.5713703124287344
0 0.4542218745724059 0.8960453124287343 0.4456125005701254 0.9324843751425315 0.4806437502850627 0.9372296875712657 0.4830187502850627 0.9051984378563284 0.4542218745724059 0.8960453124287343
0 0.8879593751425313 0.9458578129988597 0.8648015621436717 0.9775656248574687 0.8968656248574687 0.9987546875712657 0.9212093751425313 0.9668875005701254 0.8879593751425313 0.9458578129988597
0 0.9503031254275941 0.9503046875712656 0.9336781254275941 0.9793453124287343 0.966928125427594 0.9935812497149373 0.9841468745724059 0.9639234378563284 0.9503031254275941 0.9503046875712656
0 0.7929578129988597 0.8607093751425314 0.830364062713797 0.8737593751425313 0.8368953124287343 0.8470671870011403 0.8036453124287343 0.836389062713797 0.7929578129988597 0.8607093751425314
0 0.7641609372862029 0.6692171870011402 0.761489062713797 0.6999593751425314 0.8357078129988598 0.7076703124287342 0.8309593751425313 0.6750453124287343 0.7641609372862029 0.6692171870011402
0 0.9440687502850628 0.6354140627137971 0.940803125427594 0.6685203124287343 0.993646874572406 0.6756390627137969 0.998396874572406 0.641235937286203 0.9440687502850628 0.6354140627137971
0 0.4907375005701254 0.9467203124287343 0.34378281299885977 0.9325156248574686 0.3328 0.9987546875712657 0.4836125005701254 0.9987546875712657 0.4907375005701254 0.9467203124287343
0 0.014249999999999999 0.6798906248574687 0.008015624857468642 0.7171625005701254 0.06264062485746864 0.7260578129988597 0.06976562485746864 0.6880953124287343 0.014249999999999999 0.6798906248574687
0 0.7133953124287343 0.04833124971493728 0.7110203124287343 0.06466875028506272 0.7870203124287343 0.06882031242873432 0.7911765621436716 0.05280624971493729 0.7133953124287343 0.04833124971493728