0 0.24410093956670467 0.10313831128848346 0.21188210604332952 0.14438251311288483 0.25441292816419614 0.17602221778791335 0.2889385644241733 0.13564329646522236 0.24410093956670467 0.10313831128848346
0 0.23084479703534777 0.1865315496009122 0.20421555530216645 0.21159195781071835 0.23085369783352339 0.24092995210946408 0.26022925313568984 0.21172908209806157 0.23084479703534777 0.1865315496009122
0 0.1002135142531357 0.323963 0.08513727251995439 0.3327668962371722 0.1040718905359179 0.37181261231470925 0.1249116465222349 0.36185038198403646 0.1002135142531357 0.323963
0 0.29369781185860894 0.42187071151653366 0.27108284378563285 0.44192286659064994 0.312418661345496 0.48379736602052453 0.35122136031927026 0.43881275142531356 0.29350467274800457 0.39684615165336373 0.2845213831242873 0.41094498289623715 0.29369781185860894 0.42187071151653366
0 0.4241482542759407 0.2320240433295325 0.46355910376282783 0.26524471493728624 0.47805446180159633 0.22899983352337513 0.4516274572405929 0.20406104332953248 0.4241482542759407 0.2320240433295325
0 0.5302531641961231 0.07517954161915621 0.5170502987457241 0.09665116761687571 0.5456949076396808 0.1166801755986317 0.5564505108323831 0.09593081870011402 0.5302531641961231 0.07517954161915621
0 0.5494514994298746 0.046492060433295325 0.536765574686431 0.06205500456100342 0.5692025781071836 0.08301809806157355 0.5817188608893956 0.06598790763968072 0.5494514994298746 0.046492060433295325
0 0.6928766180159635 0.23290800228050174 0.6706978950969213 0.25478637742303306 0.7137025860889396 0.29121058836944125 0.7308977628278222 0.2683880250855188 0.6928766180159635 0.23290800228050174
0 0.5908558700114025 0.11144472862029646 0.5687274754846067 0.13272992018244015 0.5971805165336374 0.15154229076396808 0.619469370581528 0.13181137286202965 0.5908558700114025 0.11144472862029646
0 0.8617949965792474 0.5162302098061574 0.905863220068415 0.5439044424173318 0.9196880832383124 0.515341291904219 0.8639137160775371 0.4954373078677309 0.8617949965792474 0.5162302098061574
0 0.7856551630558724 0.8960112428734321 0.7687194298745723 0.9260871436716077 0.8029924777651084 0.9499258882554162 0.8234603842645382 0.9169279669327253 0.7856551630558724 0.8960112428734321
0 0.4908784139110604 0.8862984218928165 0.5216313318129989 0.902684818700114 0.540706323831243 0.8787954709236032 0.508302275940707 0.8574556921322691 0.4908784139110604 0.8862984218928165
0 0.5422727833523375 0.8098148164196123 0.573592834663626 0.8197009087799316 0.5876214435575827 0.78877307981756 0.5484260490307868 0.7803577662485747 0.5422727833523375 0.8098148164196123
0 0.14456919726339795 0.5731646408209806 0.11953482668187002 0.5936027115165335 0.1399586590649943 0.6258633397947548 0.16502197605473207 0.6118710695553021 0.14456919726339795 0.5731646408209806
0 0.5448901915621437 1 0.5529727913340935 0.9804513956670468 0.5196451459521094 0.9662442006841505 0.5154716556442418 0.9866973489167616 0.5434697115165336 1 0.5448901915621437 1
0 0.19469680273660206 0.5656424241733181 0.16699409122006842 0.575722582668187 0.18043577080957812 0.6026151858608894 0.20857634207525655 0.5841239977194983 0.19469680273660206 0.5656424241733181
0 0.10457287229190422 0.5261984481185861 0.09240233523375144 0.5358525769669327 0.09982493044469784 0.5634184583808438 0.119294669327252 0.555472621436716 0.10457287229190422 0.5261984481185861
0 0.6522688996579247 0.7515564823261118 0.6890674777651083 0.7601353968072976 0.6920825564424173 0.7461104355758267 0.6547426807297606 0.7368881436716077 0.6522688996579247 0.7515564823261118
0 0.6978836020524515 0.7138667696693273 0.6653804321550741 0.7038787377423033 0.6627935632839225 0.7198217571265678 0.6966427217787913 0.7280500923603193 0.6978836020524515 0.7138667696693273
0 0.7912266111744585 0.3963281938426454 0.77437144013683 0.4186707514253135 0.8025207981755986 0.4409542383124287 0.8183484663625997 0.4201373078677309 0.7912266111744585 0.3963281938426454
0 0.647410748004561 0.4528165838084378 0.6376594777651083 0.46208635461801595 0.6659379144811859 0.48972490421892817 0.6749189281641962 0.4790404321550741 0.647410748004561 0.4528165838084378
0 0.658071298745724 0.42635909578107184 0.6498360296465222 0.43873845153933866 0.6718929407069555 0.4591274868871152 0.6792206624857469 0.46052771949828963 0.6863761368301026 0.4502717069555302 0.658071298745724 0.42635909578107184
0 0.6596936887115166 0.24429675598631698 0.6807655347776511 0.22827544811858608 0.6589611425313568 0.20159385062713797 0.6386951539338656 0.21864086088939566 0.6596936887115166 0.24429675598631698