0 0.7388211368301026 0.20873926795895095 0.641961338654504 0.2123947001140251 0.6518192542759407 0.2939463534777651 0.7456812303306728 0.2920201151653363 0.7388211368301026 0.20873926795895095
0 0.6547593055872293 0.3296374754846066 0.6590672690992018 0.38911390535917906 0.7327432565564423 0.38683531927023945 0.7286991630558722 0.329341921322691 0.6547593055872293 0.3296374754846066
0 0.39951493956670464 0.4255693329532497 0.49454192018244014 0.4248526727480046 0.4995820775370582 0.39126051995438993 0.4007082189281642 0.39113803990877993 0.39951493956670464 0.4255693329532497
0 0.4738843956670467 0.24747763397947548 0.37936812086659066 0.25295705701254273 0.3817336750285063 0.28745046978335237 0.477418078677309 0.2831806818700114 0.4738843956670467 0.24747763397947548
0 0.2363247149372862 0.11265017331812999 0.24071688141391104 0.20123406955530218 0.3007076123147092 0.20049812770809577 0.290430661345496 0.10884231014823262 0.2363247149372862 0.11265017331812999
0 0.23493861801596352 0.22608075940706956 0.2369947537058153 0.27839023603192703 0.3029428061573546 0.27657059863169897 0.2961270022805017 0.2247734446978335 0.23493861801596352 0.22608075940706956
0 0.5013339931584949 0.06975619156214367 0.47578593386545043 0.07049636602052452 0.46982106499429876 0.10603361459521095 0.5007431744583809 0.10360415963511974 0.5013339931584949 0.06975619156214367
0 0.7404842599771949 0.04541685632839224 0.7440594196123147 0.0787437023945268 0.8057689281641961 0.08160236716077537 0.8023340684150513 0.04023768301026226 0.7404842599771949 0.04541685632839224
0 0.8642613318129988 0.09866329874572406 0.8101657753705815 0.10187594070695553 0.8155765667046749 0.16612390649942987 0.8696306761687571 0.1652859030786773 0.8642613318129988 0.09866329874572406
0 0.6950372690992018 0.09749100342075256 0.6979254811858608 0.13615198517673888 0.7395231277080958 0.13450114937286203 0.7336769794754846 0.09519469669327252 0.6950372690992018 0.09749100342075256
0 0.6966950376282782 0.6148971755986317 0.7000317822120866 0.6618828779931585 0.7742910399087799 0.6602098768529077 0.7718893432155074 0.6106869817559863 0.6966950376282782 0.6148971755986317
0 0.4375384002280502 0.5266201984036488 0.49931011060433295 0.5259153443557583 0.4965576145952109 0.46246858152793613 0.43150127137970357 0.4641443842645382 0.4375384002280502 0.5266201984036488
0 0.11909591790193842 0.39869625313568985 0.12145267274800456 0.4337833534777651 0.18440131128848347 0.43369444583808436 0.18034494184720637 0.3938253911060433 0.11909591790193842 0.39869625313568985
0 0.17857689053591788 0.5292276579247435 0.10499262827822121 0.5261617172177879 0.1049851071835804 0.5606137092360319 0.17983961345496008 0.5589495347776511 0.17857689053591788 0.5292276579247435
0 0.2918695997719498 0.9790859030786773 0.29514887457240596 0.9952534093500569 0.3402670011402508 0.9960409498289624 0.335246661345496 0.9774661288483466 0.2918695997719498 0.9790859030786773
0 0.411644007981756 0.8873232166476624 0.41580402850627135 0.9212541117445837 0.4623064139110604 0.9107797194982896 0.45541349600912195 0.8804110467502851 0.411644007981756 0.8873232166476624
0 0.42456822120866594 0.9975124332953249 0.4714673283922463 0.9983310604332953 0.4671961117445838 0.9708601448118586 0.4207766510832383 0.9765836978335233 0.42456822120866594 0.9975124332953249
0 0.9671858335233752 0.7342626339794756 0.9960612212086659 0.7300159327251995 0.9971081470923603 0.6700375678449259 0.962869070695553 0.675379890535918 0.9671858335233752 0.7342626339794756
0 0.3390097970353478 0.6258813808437856 0.33990532611174457 0.6425292326111746 0.4053338164196123 0.6365436431014824 0.40639696807297604 0.6265778677309007 0.3390097970353478 0.6258813808437856
0 0.3397394732041049 0.6520309110604333 0.3377201060433296 0.6656571185860889 0.40190946522234894 0.6626191014823261 0.4041979030786773 0.6505884583808437 0.3397394732041049 0.6520309110604333
0 0.5950250399087799 0.6558915336374002 0.6727545302166477 0.6596252314709236 0.6691877137970353 0.6258203340935006 0.5926371721778791 0.6225869737742303 0.5950250399087799 0.6558915336374002
0 0.4084576043329532 0.6276874367160776 0.4147300250855188 0.6765043409350057 0.45208030102622576 0.6801270570125427 0.44464296921322694 0.6299161744583808 0.4084576043329532 0.6276874367160776
0 0.4896334754846067 0.6380150992018243 0.49114497833523374 0.6534844595210946 0.5577177491448119 0.6498957685290764 0.5584979863169898 0.6392171345496009 0.4896334754846067 0.6380150992018243
0 0.5961774025085519 0.4878094834663626 0.5951201402508551 0.5483799441277081 0.6349679224629418 0.5449154811858609 0.6369440604332952 0.48273424857468644 0.5961774025085519 0.4878094834663626
0 1 0.3852374948688711 0.9997022063854047 0.3683290775370582 0.9783304629418472 0.3679560319270239 0.9759379122006842 0.40296179475484606 1 0.40220713911060435 1 0.3852374948688711
0 0.0020105712656784494 0.4518953101482326 0.0009533101482326113 0.5124657708095781 0.029784441277080957 0.5141567001140251 0.024822180159635117 0.4582334549600912 0.0020105712656784494 0.4518953101482326
0 0.005804261117445838 0.2345549794754846 0.004975026225769669 0.28206180501710376 0.041023360319270244 0.2785325849486887 0.03819871151653364 0.2362299703534778 0.005804261117445838 0.2345549794754846