0 0.7441194697833523 0.04343465564424173 0.7839409407069555 0.12390770923603193 0.8140795678449259 0.11412497833523375 0.7742642428734321 0.02350339566704675 0.7441194697833523 0.04343465564424173
0 0.4632834196123147 0.0013023660205245154 0.3918176442417332 0.008759394526795895 0.41922844811858606 0.05637815165336374 0.4773662873432155 0.03283244469783352 0.4632834196123147 0.0013023660205245154
0 0.46732168072976055 0.2313978654503991 0.4375387628278221 0.17029077423033068 0.40442144013683007 0.18688403192702396 0.43762005815279365 0.25297018472063854 0.46732168072976055 0.2313978654503991
0 0.8663954606613454 0.3578474732041049 0.8875233774230331 0.38815262485746865 0.9200265473204106 0.378164590649943 0.9020870649942988 0.34002203876852904 0.8663954606613454 0.3578474732041049
0 0 0.22994653591790196 0.018968690992018245 0.270623669327252 0.05584181755986317 0.2560843261117446 0.03396751197263398 0.20702912770809578 0 0.22570604561003418 0 0.22994653591790196
0 0.03579195553021665 0.3947892884834664 0.051803314709236034 0.42792458380843784 0.10757674686431015 0.4045857343215507 0.09425676396807298 0.37498086773090084 0.03579195553021665 0.3947892884834664
0 0.29888066932725205 0.3771314652223489 0.3128073363740023 0.40687617673888254 0.3452587582668187 0.39629665336374004 0.3305388198403649 0.36770358722919044 0.29888066932725205 0.3771314652223489
0 0.5716719224629419 0.7224373204104904 0.5971594321550742 0.7821352953249714 0.6896781379703535 0.7496261767388825 0.6607405712656784 0.6879447856328392 0.5716719224629419 0.7224373204104904
0 0.8307982485746864 0.7003642930444698 0.8393436020524515 0.7162879224629419 0.9205968654503992 0.6776215974914481 0.9113648301026226 0.6606616841505132 0.8307982485746864 0.7003642930444698
0 0.9801974971493729 0.8820016624857469 0.9694077491448119 0.8472190672748005 0.9060498563283923 0.8724119384264538 0.9249320969213226 0.9077052314709236 0.9801974971493729 0.8820016624857469
0 0.8749744846066134 0.564906433295325 0.9052453956670468 0.624778795895097 0.9169185393386545 0.6219710421892817 0.8912581391106043 0.5534843797035348 0.8749744846066134 0.564906433295325
0 0.579636685290764 0.8747696921322691 0.5415212588369441 0.8751274070695553 0.5432350102622577 0.9696533683010262 0.582275023945268 0.9662566316989738 0.579636685290764 0.8747696921322691
0 0.6332706305587229 0.5544936259977195 0.5201286225769669 0.5965458745724059 0.5305808950969213 0.6206406476624857 0.6402463090079817 0.5763375290763968 0.6332706305587229 0.5544936259977195
0 0.07337049942987457 0.054481629418472066 0.06461564082098062 0.03618127708095781 0.02439427936145952 0.039700190421892816 0.03999470353477765 0.06812054618015964 0.07337049942987457 0.054481629418472066
0 0.28651403534777653 0.5014683648802737 0.3030652725199544 0.5339619783352337 0.33423021436716077 0.5223029703534777 0.32002128506271377 0.4927382326111745 0.28651403534777653 0.5014683648802737