0 0.39989218700114026 0.024065624857468642 0.4907375005701254 0.016345312428734323 0.487175 0.0032796875712656783 0.3981125005701254 0 0.39989218700114026 0.024065624857468642
0 0.4791593751425314 0.23364218700114026 0.4907375005701254 0.26519531242873434 0.5471453124287343 0.2521296875712657 0.5435812497149373 0.22184062485746864 0.4791593751425314 0.23364218700114026
0 0.31498593728620294 0.5633406248574686 0.33042343785632844 0.6362062497149373 0.36782968757126566 0.6268906248574687 0.35417499999999996 0.558589062713797 0.31498593728620294 0.5633406248574686
0 0 0.680935937286203 0.044234375142531354 0.6785593751425314 0.03889062485746864 0.644114062713797 0 0.6447062497149373 0 0.680935937286203
0 0.09886093728620296 0.683410937286203 0.12973593728620297 0.6755906248574687 0.12439218700114026 0.6245140627137971 0.0929234378563284 0.6251078129988598 0.09886093728620296 0.683410937286203
0 0.20098437514253134 0.5657171870011403 0.24136093728620298 0.5640656248574687 0.2425484378563284 0.5277062497149373 0.20276718700114024 0.5259234378563283 0.20098437514253134 0.5657171870011403
0 0.2903453124287343 0.7867234378563284 0.28886093728620293 0.7486421870011403 0.24848593728620297 0.746860937286203 0.25145468757126566 0.7878406248574686 0.2903453124287343 0.7867234378563284
0 0.1950484378563284 0.7902171870011403 0.2137515621436716 0.823239062713797 0.2449234378563284 0.8210999999999999 0.2449234378563284 0.7872468745724059 0.1950484378563284 0.7902171870011403
0 0.09707812542759407 0.7771515621436715 0.1784234378563284 0.7718062497149374 0.17723593728620296 0.7581453124287343 0.10064062485746864 0.7623031254275942 0.09707812542759407 0.7771515621436715
0 0.00029687457240592933 0.7848718745724059 0.0694687502850627 0.7840531254275941 0.07154687457240592 0.7664593751425314 0 0.7682421870011402 0.00029687457240592933 0.7848718745724059
0 0.13626718700114024 0.9927421870011403 0.19771875028506272 0.9844437502850627 0.19029843785632838 0.9476031254275941 0.1309234378563284 0.961264062713797 0.13626718700114024 0.9927421870011403
0 0.2164234378563284 0.9799906248574687 0.21464218700114024 0.998753125427594 0.255610937286203 0.998753125427594 0.24611093728620295 0.9731421870011402 0.2164234378563284 0.9799906248574687
0 0.5429875005701255 0.9660156248574686 0.5287374994298746 0.9285984378563283 0.4877687502850627 0.9499796875712657 0.5008312497149373 0.9826453124287343 0.5429875005701255 0.9660156248574686
0 0.6344265621436717 0.9072187502850627 0.6136453124287343 0.8537656248574685 0.5839562497149373 0.8680187502850627 0.5999875005701254 0.9155328129988598 0.6344265621436717 0.9072187502850627
0 0.5803937502850627 0.8098156248574686 0.5708937502850627 0.7706171870011402 0.5388312497149372 0.7848718745724059 0.5513 0.8205062497149372 0.5803937502850627 0.8098156248574686
0 0.6362062497149373 0.7925921870011402 0.6492687502850627 0.8276937502850628 0.6926140627137971 0.8062515621436717 0.675989062713797 0.7723984378563283 0.6362062497149373 0.7925921870011402
0 0.6397687502850626 0.5841281254275941 0.646596874572406 0.6237375005701254 0.6914265621436716 0.6132296875712656 0.683114062713797 0.5716562497149373 0.6397687502850626 0.5841281254275941
0 0.7597078129988597 0.8703953124287342 0.7983015621436715 0.854953125427594 0.7715828129988598 0.7866531254275941 0.7377390627137971 0.8003125005701254 0.7597078129988597 0.8703953124287342
0 0.18079843785632838 0.8276937502850628 0.18020468757126568 0.7914046875712657 0.1499234378563284 0.7931859372862029 0.14754687457240592 0.8288203124287343 0.18079843785632838 0.8276937502850628
0 0.3993 0.16779375028506274 0.4723312497149373 0.16838750057012541 0.4735187502850627 0.15413281299885975 0.40048593728620296 0.15116406271379704 0.3993 0.16779375028506274
0 0.730614062713797 0.1042437502850627 0.7395203124287343 0.12681406271379705 0.7567390627137971 0.12325 0.7508015621436717 0.0994937502850627 0.730614062713797 0.1042437502850627
0 0.732989062713797 0.10068124971493728 0.749910937286203 0.09648437514253136 0.7460515621436716 0.07276718700114025 0.7240828129988598 0.07573750057012543 0.732989062713797 0.10068124971493728
0 0.9651468745724059 0.04841718700114025 0.998753125427594 0.040375 0.998753125427594 0.025848437856328392 0.9657406248574686 0.032975 0.9651468745724059 0.04841718700114025
0 0.9253656248574686 0.644114062713797 0.8416453124287343 0.6821234378563285 0.8499593751425313 0.6934078129988598 0.9378343751425313 0.662525 0.9253656248574686 0.644114062713797
0 0.17426718700114024 0.42258281299885975 0.17545312542759406 0.4611875005701254 0.2164234378563284 0.4570296875712657 0.2116734378563284 0.41783124971493724 0.17426718700114024 0.42258281299885975
0 0.36961250057012546 0.3703187502850627 0.37228281299885974 0.40197187457240596 0.4046437502850627 0.3988265621436716 0.39989218700114026 0.3643796875712657 0.36961250057012546 0.3703187502850627
0 0.0008906248574686432 0.14725 0.041265624857468645 0.14403749942987457 0.04007812542759407 0.07632968757126568 0.003265624857468643 0.08048906271379704 0.0008906248574686432 0.14725
0 0.8327390627137969 0.7498296875712657 0.825614062713797 0.7359578129988598 0.7585203124287343 0.7593328129988598 0.7674265621436717 0.7765562497149373 0.8327390627137969 0.7498296875712657
0 0.7466453124287343 0.7902171870011403 0.7641609372862029 0.7840531254275941 0.7555515621436717 0.7706171870011402 0.740114062713797 0.7777437502850627 0.7466453124287343 0.7902171870011403
0 0.8300671870011402 0.3271578129988597 0.8368953124287343 0.33943593728620297 0.8523328129988597 0.33705937514253137 0.8481765621436717 0.3216171870011402 0.8300671870011402 0.3271578129988597
0 0.8285828129988598 0.31033281299885973 0.8487703124287344 0.31033281299885973 0.846396874572406 0.2931093751425313 0.8279906248574687 0.2931093751425313 0.8285828129988598 0.31033281299885973
0 0.4675812497149373 0.736764062713797 0.48005 0.7920671870011402 0.5198312497149372 0.7813078129988598 0.5103312497149373 0.7236984378563284 0.4675812497149373 0.736764062713797