0 0.870720055872292 0.5211633352337515 0.9021880935005702 0.5057943797035347 0.8842389475484607 0.45768553135689855 0.8505944332953249 0.46719371037628277 0.870720055872292 0.5211633352337515
0 0.9495917502850627 0.12784037856328392 0.9813170490307868 0.09664263283922463 0.959651062713797 0.06977013112884835 0.926530834663626 0.09829100114025084 0.9495917502850627 0.12784037856328392
0 0.8074080604332953 0.11965293956670467 0.8320385655644241 0.1468775541619156 0.9374107936145952 0.04228502736602053 0.9144943580387686 0.01714963055872292 0.8074080604332953 0.11965293956670467
0 0.1280271755986317 0.8877467274800457 0.1336376510832383 0.8463548164196123 0.0968850684150513 0.8426980672748005 0.09146234207525655 0.8787135678449259 0.1280271755986317 0.8877467274800457
0 0.03823876168757126 0.7760232234891676 0.0496952748004561 0.7460844994298745 0.0156713078677309 0.7324325142531356 0.0014403249714937288 0.7651729920182441 0.03823876168757126 0.7760232234891676
0 0.07212724971493728 0.7510219338654505 0.07084142189281642 0.7878432405929305 0.1042605598631699 0.7847889407069556 0.10539915621436716 0.7521838152793615 0.07212724971493728 0.7510219338654505
0 0.461174755986317 0.13748668529076397 0.4898936328392246 0.11568818015963513 0.48031108779931586 0.10051482326111745 0.4521321049030787 0.12386592816419613 0.461174755986317 0.13748668529076397
0 0.44775288597491447 0.11298615621436715 0.47353299771949825 0.0901876054732041 0.4638676214367161 0.07738624059293045 0.43808603648802735 0.10022695210946408 0.44775288597491447 0.11298615621436715
0 0.5903742417331812 0.031947015963511974 0.5452702565564425 0.06301683580387686 0.5543215792474344 0.07638930558722919 0.6039909692132268 0.05082279247434436 0.5903742417331812 0.031947015963511974
0 0.09795146864310147 0.16485517217787915 0.09685614823261117 0.12807891790193843 0.05975012086659065 0.13449878449258837 0.0651259361459521 0.16792394754846068 0.09795146864310147 0.16485517217787915
0 0.3125053318129989 0 0.3346909201824401 0.028931332953249716 0.35799156556442413 0.008993306727480046 0.3510050741163056 0 0.3125053318129989 0
0 0.21276017103762826 0.8461504025085519 0.2628878494868871 0.858634 0.27057856100342076 0.8428271482326112 0.21321561003420753 0.8331083523375142 0.21276017103762826 0.8461504025085519
0 0.36254969783352337 0.9942588301026226 0.3590188574686431 0.9675912348916761 0.28892531927023946 0.9817630136830103 0.2867974344355758 0.9916135028506271 0.36254969783352337 0.9942588301026226
0 0.9469038825541619 0.6902673135689852 0.9452238244013682 0.7043516351197263 0.9918625826681869 0.7059802964652223 0.9924215199543899 0.6899744287343216 0.9469038825541619 0.6902673135689852