0 0.8215818757126567 0.8652644663625998 0.815331550741163 0.789999550741163 0.7726829327251995 0.7934399418472063 0.7709054811858609 0.8666601425313568 0.8215818757126567 0.8652644663625998
0 0.9096732474344357 0.7934308916761688 0.9082805302166476 0.7528559954389966 0.8499995313568984 0.7653974572405929 0.8525003865450399 0.8003941641961232 0.9096732474344357 0.7934308916761688
0 0.7661090490307868 0.9396528198403649 0.7710892599771949 0.9704693363740023 0.8082166898517673 0.9659106613454961 0.806265905359179 0.930534716077537 0.7661090490307868 0.9396528198403649
0 1 0.6421430045610034 0.9605639977194983 0.6524923979475484 0.9716160969213227 0.705964370581528 1 0.6986259828962371 1 0.6421430045610034
0 1 0.5941385313568985 0.9888923831242873 0.5957593443557583 0.9925542850627138 0.6280191550741162 1 0.6271610171037628 1 0.5941385313568985
0 0.7795636510832383 0.33304467730900794 0.7419813637400229 0.3436428654503991 0.7575735017103763 0.4219104321550741 0.7947938004561004 0.408364070695553 0.7795636510832383 0.33304467730900794
0 0.5078532873432156 0.40756801368301027 0.5005841927023945 0.3702900923603193 0.45446192474344355 0.3795440216647663 0.4633640923603193 0.4179422109464082 0.5078532873432156 0.40756801368301027
0 0.46318753021664766 0.4749684811858609 0.4538938859749145 0.43825398859749143 0.4242001470923603 0.4448909669327252 0.43177932725199547 0.48225832725199547 0.46318753021664766 0.4749684811858609
0 0.48338216191562144 0.5614882166476625 0.42679522576966933 0.573223464082098 0.42971263397947546 0.5872269885974915 0.4871044241733181 0.5771875450399088 0.48338216191562144 0.5614882166476625
0 0.21542166362599774 0.3717945005701254 0.2056302873432155 0.33589832953249715 0.16856496351197262 0.34583483352337513 0.1748929441277081 0.38275603990877993 0.21542166362599774 0.3717945005701254
0 0.12179559407069555 0.49355598973774234 0.11710898859749144 0.47242589281641956 0.06376836716077537 0.48136813340935003 0.06880374344355758 0.5028898962371722 0.12179559407069555 0.49355598973774234
0 0.15782784378563283 0.2827481208665906 0.1547407970353478 0.26735018928164195 0.08178860775370582 0.28707692588369443 0.08161138312428734 0.3002624321550741 0.15782784378563283 0.2827481208665906
0 0.5962745917901938 0.7915323033067274 0.5908485256556443 0.7595205895096921 0.5335289053591791 0.7701478072976055 0.5378716431014824 0.8055165689851768 0.5962745917901938 0.7915323033067274
0 0.5352013819840366 0.8349252633979476 0.531585449258837 0.7835517537058153 0.47890651311288485 0.7930109578107183 0.489837070695553 0.8479162394526796 0.5352013819840366 0.8349252633979476
0 0.19664851083238313 0.8693142462941847 0.1945407126567845 0.8351083443557583 0.11424770011402509 0.843769094640821 0.11732917445838084 0.8834817582668186 0.19664851083238313 0.8693142462941847
0 0.711186961231471 0.828517754846066 0.6803624503990878 0.8332533671607754 0.6927327571265678 0.9169493500570125 0.7264068551881414 0.90862565336374 0.711186961231471 0.828517754846066
0 0.10704365792474343 0.7241838015963512 0.11082376966932726 0.6892108757126568 0.03641393614595211 0.7019380820980615 0.041273638540478906 0.7366451596351198 0.10704365792474343 0.7241838015963512
0 0.34778068072976054 0.12456965450399088 0.34401108551881415 0.11093366248574686 0.30462418244013684 0.12388651767388825 0.3093801824401368 0.1382609258836944 0.34778068072976054 0.12456965450399088
0 0.3374086841505131 0.08395753021664766 0.2916379612314709 0.10094658608893957 0.29521550285062714 0.11546726567844925 0.3439224025085519 0.1029033637400228 0.3374086841505131 0.08395753021664766