0 0.3369546875712657 0.6546265621436715 0.32448593728620295 0.616614062713797 0.2734234378563284 0.6326515621436716 0.2853 0.668285937286203 0.3369546875712657 0.6546265621436715
0 0.33339218700114026 0.986625 0.31439218700114024 0.9521765621436716 0.2823296875712657 0.9682124994298745 0.2995484378563284 1 0.33339218700114026 0.986625
0 0.14576718700114025 0.976528125427594 0.1594234378563284 1 0.20751718700114025 0.9990953124287343 0.18970468757126568 0.9563343751425314 0.14576718700114025 0.976528125427594
0 0.49905 0.96465 0.4794562497149373 0.9165421870011402 0.401675 0.9379234378563284 0.42572187457240596 0.9899062497149373 0.49905 0.96465
0 0.577425 0.9836546875712657 0.6552062497149372 0.9610859372862031 0.6356140627137971 0.9076328129988597 0.5596140627137971 0.9284203124287342 0.577425 0.9836546875712657
0 0.9734593751425313 0.9943453124287344 0.9568343751425313 0.9391109372862029 0.9235828129988597 0.9515828129988598 0.938725 1 0.9734593751425313 0.9943453124287344
0 0.7965218745724059 0.8577437502850627 0.7751453124287344 0.804885937286203 0.694989062713797 0.8238921870011403 0.7098328129988597 0.8797187502850626 0.7965218745724059 0.8577437502850627
0 0.08757812542759406 0.353510937286203 0.10598437514253135 0.405775 0.14101562485746866 0.3956781254275941 0.12201562485746865 0.34687031242873434 0.08757812542759406 0.353510937286203
0 0.052546874572405936 0.25135781299885973 0.02345312542759407 0.25551562485746865 0.031765624857468644 0.2976828129988598 0.07036093728620296 0.28521093728620295 0.052546874572405936 0.25135781299885973
0 0.029390624857468642 0.08921875028506271 0.04007812542759407 0.12247812542759406 0.0929234378563284 0.10941093728620296 0.0834234378563284 0.06902656214367162 0.029390624857468642 0.08921875028506271
0 0.20098437514253134 0.2543265621436716 0.2045484378563284 0.2715515621436716 0.2567984378563284 0.24601249942987458 0.24937656214367163 0.22752656214367162 0.20098437514253134 0.2543265621436716
0 0.22057968757126567 0.06605624971493729 0.21345312542759406 0.05061406271379704 0.16179843785632841 0.06071093728620297 0.16654687457240594 0.08146249942987457 0.22057968757126567 0.06605624971493729
0 0.3114234378563284 0.13613906271379703 0.29836093728620294 0.09753437514253137 0.26689218700114026 0.10703593728620298 0.27698593728620297 0.14558906271379704 0.3114234378563284 0.13613906271379703
0 0.6635203124287343 0.4022124994298746 0.6344265621436717 0.34222656214367164 0.5513 0.3642015621436716 0.5753484378563284 0.42791718700114023 0.6635203124287343 0.4022124994298746
0 0.7822703124287343 0.36479531242873436 0.7632703124287343 0.30896718700114023 0.6967703124287342 0.3303484378563284 0.7178484378563285 0.38427656214367156 0.7822703124287343 0.36479531242873436
0 0.8000828129988597 0.19790468757126567 0.8398640627137971 0.18246406271379703 0.8208640627137971 0.12960468757126567 0.7769265621436716 0.14504687457240592 0.8000828129988597 0.19790468757126567
0 0.934271874572406 0.2858046875712657 0.9241765621436716 0.24779375028506273 0.8535218745724059 0.26442343785632844 0.8656937502850628 0.3041203124287343 0.934271874572406 0.2858046875712657
0 0.949114062713797 0.15633124971493728 0.9277406248574686 0.09159531242873432 0.896271874572406 0.10347187457240592 0.9173484378563285 0.16072968757126568 0.949114062713797 0.15633124971493728
0 0.998753125427594 0.6635343751425314 0.9835531254275941 0.6053296875712657 0.9351625005701254 0.6229656248574686 0.9520828129988598 0.6766015621436715 0.998753125427594 0.6635343751425314
0 0.8137390627137971 0.687885937286203 0.7882078129988597 0.6083000000000001 0.7525828129988598 0.6213671870011402 0.7784109372862029 0.6977796875712656 0.8137390627137971 0.687885937286203
0 0.8683656248574686 0.6587828129988598 0.8511453124287343 0.602360937286203 0.8143328129988598 0.6106765621436716 0.8318484378563283 0.6719515621436716 0.8683656248574686 0.6587828129988598
0 0.8867703124287344 0.706296874572406 0.8725218745724059 0.6694734378563284 0.849364062713797 0.6819468745724059 0.8656937502850628 0.7191546875712657 0.8867703124287344 0.706296874572406
0 0.8380828129988598 0.7555906248574686 0.8541140627137971 0.8060734378563285 0.9069593751425313 0.7894437502850628 0.8888484378563284 0.7387484378563284 0.8380828129988598 0.7555906248574686
0 0.9817718745724059 0.7769718745724059 0.998753125427594 0.7751906248574686 0.998753125427594 0.6915453124287343 0.9550531254275941 0.7092656248574686 0.9817718745724059 0.7769718745724059
0 0.6504578129988597 0.534060937286203 0.6445203124287343 0.518025 0.5940515621436716 0.5322796875712656 0.6011765621436717 0.5499359372862029 0.6504578129988597 0.534060937286203
0 0.4468 0.16345781299885973 0.439675 0.1307937502850627 0.42215781299885974 0.1375718745724059 0.43432968757126567 0.172960937286203 0.4468 0.16345781299885973