0 0.1425015621436716 0.3267515621436716 0.11132968757126567 0.34524062485746865 0.13507812542759406 0.37549218700114023 0.160610937286203 0.35413750057012544 0.1425015621436716 0.3267515621436716
0 0.05610937514253136 0.39791250057012545 0.026421874572405926 0.4253187502850627 0.04779687457240593 0.45201250057012543 0.07926562485746864 0.4253187502850627 0.05610937514253136 0.39791250057012545
0 0.08906406271379703 0.535789062713797 0.05135937514253136 0.556410937286203 0.07807812542759407 0.590814062713797 0.11132968757126567 0.5664937502850628 0.08906406271379703 0.535789062713797
0 0.12617187457240592 0.5202265621436716 0.09975 0.5260031254275941 0.11904687457240594 0.5641218745724059 0.13745312542759408 0.5487 0.12617187457240592 0.5202265621436716
0 0.2692671870011403 0.3938796875712657 0.16120468757126566 0.4717437502850627 0.17604687457240595 0.5059906248574687 0.286485937286203 0.42413281299885974 0.2692671870011403 0.3938796875712657
0 0.21018750057012545 0.5731484378563284 0.26036093728620296 0.5427687502850627 0.24314218700114026 0.5137031254275941 0.1950484378563284 0.5362421870011402 0.21018750057012545 0.5731484378563284
0 0.3423 0.5451406248574686 0.295689062713797 0.5713703124287344 0.3114234378563284 0.5973406248574687 0.3547687502850627 0.5759843751425314 0.3423 0.5451406248574686
0 0.21731406271379702 0.8649109372862029 0.2324546875712657 0.8328312497149373 0.19445312542759408 0.8227468745724059 0.1825796875712657 0.8565578129988597 0.21731406271379702 0.8649109372862029
0 0.40761250057012544 0.0012 0.42661249942987456 0.02314687457240593 0.46223750057012547 0 0.40761250057012544 0.0012
0 0.41503437514253133 0.7830765621436716 0.4153296875712657 0.7960531254275941 0.4687687502850627 0.7960531254275941 0.46936250057012546 0.7824109372862029 0.41503437514253133 0.7830765621436716
0 0.3464546875712657 0.6256296875712657 0.34051718700114025 0.6685203124287343 0.38089218700114025 0.667928125427594 0.3832687502850627 0.628185937286203 0.3464546875712657 0.6256296875712657