0 0.2435977069555302 0.16580758152793615 0.2403791140250855 0.0517527046750285 0.19242366362599772 0.05153487685290764 0.1958045781071836 0.16260240364880274 0.2435977069555302 0.16580758152793615
0 0.9056900980615735 0 0.9096430923603193 0.08173555872291904 0.9524519566704676 0.0814204709236032 0.9531133443557582 0 0.9056900980615735 0
0 0.8934407001140251 0.47927322462941846 0.8841630889395666 0.3465972063854048 0.8408526636259976 0.34724340022805017 0.8519355758266819 0.4809851459521095 0.8934407001140251 0.47927322462941846
0 0.784803700114025 0.4053259144811858 0.7848338825541619 0.35473181413911065 0.7396329749144812 0.35343013683010266 0.7418577924743444 0.4119017514253136 0.784803700114025 0.4053259144811858
0 0.5760252633979476 0.3788563329532497 0.5419528916761688 0.38481010490307865 0.559545251995439 0.46631427594070696 0.5891845815279362 0.45650252793614593 0.5760252633979476 0.3788563329532497
0 0.3367288779931585 0.3241655815279361 0.2932014526795895 0.3224477160775371 0.2991548460661345 0.4160745621436716 0.34159284378563287 0.41072464082098065 0.3367288779931585 0.3241655815279361
0 0.33377566818700116 0.52852721322691 0.33257420752565564 0.4518304446978335 0.28198078221208667 0.45239228164196127 0.2877040216647663 0.5329392576966933 0.33377566818700116 0.52852721322691
0 0.23678968643101483 0.8507682029646522 0.2332690558722919 0.8004208335233751 0.18749822805017105 0.800645441277081 0.18949190535917904 0.8546692189281642 0.23678968643101483 0.8507682029646522
0 0.7384750889395667 0.9162757194982896 0.7391200467502851 0.9680130102622577 0.7691752234891677 0.9641257468643102 0.7636259475484607 0.9133266009122007 0.7384750889395667 0.9162757194982896
0 0.40397755188141393 0.8521701185860889 0.3956746830102622 0.7759699270239453 0.33798653591790195 0.7814918757126568 0.34272712770809577 0.8606195644241733 0.40397755188141393 0.8521701185860889
0 0.31896888597491446 0.6569369452679589 0.31627661231470927 0.6184356488027366 0.27383850513112884 0.6237840091220068 0.2732284720638541 0.6660858597491448 0.31896888597491446 0.6569369452679589
0 0.641327149372862 0.5814226704675028 0.5535432884834663 0.5845851163055873 0.5619993762827822 0.6714881915621437 0.6390459657924743 0.6747294013683011 0.641327149372862 0.5814226704675028
0 0.8231538255416191 0.8091704275940708 0.8315608700114024 0.8103665826681871 0.8325685689851767 0.7567281288483466 0.8196779498289624 0.7585223283922462 0.8231538255416191 0.8091704275940708
0 0.8509640410490308 0.8072257480045609 0.8655505142531357 0.8032297628278221 0.8609296704675028 0.7541497274800456 0.844461402508552 0.7558965005701255 0.8509640410490308 0.8072257480045609
0 0.8805925849486888 0.8057491185860889 0.8950422428734321 0.8083083329532497 0.8980308266818701 0.7575073603192701 0.8790053968072976 0.752588149372862 0.8805925849486888 0.8057491185860889
0 0.9225283762827822 0.5891367936145951 0.9344050649942988 0.5889030604332953 0.9301859475484606 0.5540797309007982 0.9183324025085519 0.5498509783352338 0.9225283762827822 0.5891367936145951