0 0.4222095484606614 0.053748915621436716 0.418654244013683 0.00645366590649943 0.38333867274800454 0.013318316989737742 0.38583647776510827 0.05517320638540479 0.4222095484606614 0.053748915621436716
0 0.07789659064994299 0.40718109578107187 0.08190621436716078 0.47132419954389965 0.13510749828962373 0.469451 0.1278883842645382 0.39605179703534776 0.07789659064994299 0.40718109578107187
0 0 0.46836998517673883 0.03825019954389966 0.46428578221208666 0.03457777194982896 0.38737500912200684 0 0.3903897913340935 0 0.46836998517673883
0 0.08826968301026226 0.6055781790193844 0.09703760661345495 0.6942006123147092 0.16540672405929305 0.6978471664766249 0.15667455530216648 0.6021615792474344 0.08826968301026226 0.6055781790193844
0 0.03184167160775371 0.4965816408209806 0.030501502850627138 0.5984591334093501 0.07528776510832384 0.5968097696693272 0.06527093842645382 0.48725989395667046 0.03184167160775371 0.4965816408209806
0 0.5232066533637401 0.8851641368301026 0.4599330342075256 0.8932292417331813 0.46454430330672747 0.9459651516533638 0.526989118586089 0.940883314709236 0.5232066533637401 0.8851641368301026
0 0.5435442633979475 0.8882671106043329 0.5548937936145952 0.9974178631698973 0.5915683055872292 0.9902890604332953 0.5780655496009122 0.8773244025085519 0.5435442633979475 0.8882671106043329
0 0.6861355838084379 0.918416457240593 0.7643144184720639 0.9145118688711517 0.7640040604332954 0.8694080285062713 0.6909937673888256 0.8708976681870011 0.6861355838084379 0.918416457240593
0 0.9055117274800456 0.7416950205245154 0.9058676955530216 0.83054069327252 0.9728424139110605 0.8415160889395666 0.9790509179019384 0.7429263283922463 0.9055117274800456 0.7416950205245154
0 0.8670536077537059 0.46407787913340937 0.8277370307867731 0.4576062462941847 0.8325769942987458 0.5187657856328391 0.8678568095781072 0.5189642884834664 0.8670536077537059 0.46407787913340937
0 0.7922954184720639 0.38404702166476623 0.7927228996579248 0.45876638540478903 0.8158126111744584 0.45427819954389964 0.8186319099201825 0.3817514811858609 0.7922954184720639 0.38404702166476623
0 0.8788615872291904 0.22749690193842645 0.8316215963511973 0.23103350627137972 0.8211109429874572 0.3219930296465222 0.8756696339794755 0.31985597605473204 0.8788615872291904 0.22749690193842645
0 0.6554283774230331 0.296332165336374 0.6604970353477765 0.3659153340935006 0.6795129942987458 0.3622190068415051 0.6793481299885975 0.2888588814139111 0.6554283774230331 0.296332165336374
0 0.4994888859749145 0.5383473876852908 0.5131994275940707 0.6161291117445838 0.5395359179019384 0.6138335712656785 0.5326167115165337 0.5347301539338655 0.4994888859749145 0.5383473876852908
0 0.46662674572405927 0.5433232622576967 0.4768263557582668 0.6175534013683011 0.49097427708095787 0.6105708745724059 0.4856427035347777 0.5396269350057012 0.46662674572405927 0.5433232622576967
0 0.5302548004561003 0.6241041288483467 0.5335829464082098 0.6629754526795896 0.5623697993158495 0.658791732041049 0.5587787388825541 0.6185596374002281 0.5302548004561003 0.6241041288483467
0 0.4973556670467503 0.636144992018244 0.4982673740022805 0.6698401049030788 0.5151313432155075 0.6623280399087799 0.5087869441277081 0.6296889361459521 0.4973556670467503 0.636144992018244
0 0.8769078175598631 0.6362626898517674 0.884761221208666 0.7139732006841505 0.9244696647662486 0.7068611163055872 0.9256088882554162 0.6301213158494869 0.8769078175598631 0.6362626898517674
0 0.11531914025085518 0.2217731322690992 0.070984086659065 0.22373750057012545 0.07467889623717218 0.2956044583808438 0.12703791904218928 0.2944998403648803 0.11531914025085518 0.2217731322690992