0 0.08906406271379703 0.4610687502850627 0.059078125427594066 0.497685937286203 0.2140484378563284 0.609203125427594 0.24611093728620295 0.5682734378563284 0.08906406271379703 0.4610687502850627
0 0.07510937514253135 0.13940781299885974 0.04245312542759407 0.16906718700114023 0.11726718700114025 0.2254203124287343 0.14339218700114026 0.19042187457240595 0.07510937514253135 0.13940781299885974
0 0.20751718700114025 0.02164531242873432 0.18436093728620295 0.04983906271379703 0.21286093728620298 0.07356718700114025 0.23542343785632838 0.04627968757126568 0.20751718700114025 0.02164531242873432
0 0.4646124994298746 0.051618750285062714 0.5165656248574686 0.09814375028506271 0.5447687502850628 0.06466875028506272 0.491925 0.02433281299885975 0.4646124994298746 0.051618750285062714
0 0.4907375005701254 0.23868906271379703 0.4557062497149373 0.2841437502850627 0.5002374994298745 0.3179546875712657 0.5346765621436715 0.27168593728620294 0.4907375005701254 0.23868906271379703
0 0.6109718745724059 0.21911875028506272 0.5821765621436716 0.25033281299885973 0.6130515621436716 0.2705 0.6391765621436717 0.24084218700114024 0.6109718745724059 0.21911875028506272
0 0.8024578129988598 0.07501562485746864 0.7745515621436716 0.10381875028506271 0.806614062713797 0.12813749942987457 0.8315531254275941 0.10085156214367161 0.8024578129988598 0.07501562485746864
0 0.4185953124287343 0.042993750285062714 0.45214375028506276 0.01128281299885975 0.4289875005701254 0 0.38505 0.01484218700114025 0.4185953124287343 0.042993750285062714
0 0.06412656214367161 0.6834500000000001 0.0929234378563284 0.6341171870011403 0.057296874572405926 0.609203125427594 0.027015624857468647 0.6536906248574686 0.06412656214367161 0.6834500000000001
0 0.1427984378563284 0.7296171870011403 0.07570312542759408 0.8195453124287343 0.1879234378563284 0.8868093751425313 0.24551718700114022 0.8085109372862029 0.1427984378563284 0.7296171870011403
0 0.1997984378563284 0.8725734378563283 0.2324546875712657 0.895114062713797 0.25739218700114025 0.8642687502850628 0.22651718700114026 0.8429140627137971 0.1997984378563284 0.8725734378563283
0 0.03532812542759407 0.9651078129988597 0.0008906248574686432 0.9965609372862029 0.07926562485746864 0.9987546875712657 0.07807812542759407 0.9983265621436715 0.03532812542759407 0.9651078129988597
0 0 0.7812968745724059 0.04304687457240593 0.7272453124287342 0.00504687457240593 0.7023328129988597 0 0.7047046875712657 0 0.7812968745724059
0 0.38386093728620296 0.5386156248574686 0.36842343785632836 0.567089062713797 0.40998749942987456 0.6008984378563283 0.43255 0.5724265621436716 0.38386093728620296 0.5386156248574686
0 0.4595640627137971 0.46551718700114025 0.4414562497149373 0.49887343785632837 0.48598749942987457 0.5297187502850627 0.5073624994298745 0.5012453124287343 0.4595640627137971 0.46551718700114025
0 0.3132046875712657 0.7076703124287342 0.36842343785632836 0.7503781254275941 0.39039218700114026 0.718346874572406 0.34111093728620295 0.678010937286203 0.3132046875712657 0.7076703124287342
0 0.3491265621436716 0.9787703124287344 0.2953921870011402 0.9401953124287343 0.2704546875712657 0.9722265621436716 0.32211093728620294 0.9987546875712657 0.3491265621436716 0.9787703124287344
0 0.5076593751425313 0.9609796875712656 0.458675 0.9307046875712657 0.40998749942987456 0.9987546875712657 0.4842062497149373 0.997139062713797 0.5076593751425313 0.9609796875712656
0 0.6617375005701255 0.8489000000000001 0.6255203124287343 0.8986718745724059 0.666489062713797 0.9295187502850627 0.7056765621436716 0.8838437502850628 0.6617375005701255 0.8489000000000001
0 0.4319562497149373 0.7290249999999999 0.46936250057012546 0.754610937286203 0.5043937502850627 0.7070765621436715 0.46936250057012546 0.6809781254275941 0.4319562497149373 0.7290249999999999
0 0.749614062713797 0.8369828129988597 0.7911765621436716 0.8838437502850628 0.8226453124287343 0.8583375005701254 0.7810828129988597 0.8120703124287343 0.749614062713797 0.8369828129988597
0 0.7730671870011402 0.6914546875712657 0.8089906248574686 0.7195343751425314 0.8469906248574687 0.6809781254275941 0.8173015621436716 0.651910937286203 0.7730671870011402 0.6914546875712657
0 0.7846453124287344 0.5464625005701255 0.8101765621436716 0.5178546875712657 0.7698015621436716 0.47929687457240594 0.7413015621436717 0.5071765621436716 0.7846453124287344 0.5464625005701255
0 0.747239062713797 0.4454875005701254 0.6843015621436717 0.39684687457240597 0.6397687502850626 0.44252187457240594 0.7116140627137971 0.4905671870011402 0.747239062713797 0.4454875005701254
0 0.6647062497149372 0.4698062497149373 0.6362062497149373 0.4454875005701254 0.6118624994298746 0.47633281299885977 0.6421453124287343 0.4959062497149373 0.6647062497149372 0.4698062497149373
0 0.5382375005701254 0.5813234378563283 0.5726765621436716 0.6026781254275941 0.616614062713797 0.5398015621436716 0.5898937502850627 0.5113296875712656 0.5382375005701254 0.5813234378563283
0 0.5507062497149373 0.6394562497149373 0.5762374994298746 0.654285937286203 0.5999875005701254 0.6269984378563284 0.5685187502850627 0.610389062713797 0.5507062497149373 0.6394562497149373
0 0.7027062497149372 0.9087578129988597 0.6777687502850627 0.9336703124287342 0.7199265621436716 0.9763781254275942 0.7519890627137971 0.9467203124287343 0.7027062497149372 0.9087578129988597
0 0.6587687502850627 0.981125 0.6813328129988597 0.9987546875712657 0.7454578129988597 0.9977328129988597 0.6884578129988598 0.955025 0.6587687502850627 0.981125
0 0.8867703124287344 0.17321875028506273 0.9330828129988598 0.20584375028506272 0.941396874572406 0.18982812542759406 0.8998343751425314 0.1595765621436716 0.8867703124287344 0.17321875028506273
0 0.3108296875712657 0.5753921870011403 0.28114218700114024 0.5481062497149373 0.25976718700114027 0.5819171870011403 0.2876734378563284 0.5997124994298746 0.3108296875712657 0.5753921870011403
0 0.3820812497149373 0.6958062497149373 0.42482968757126566 0.6452000000000001 0.37911250057012547 0.615728125427594 0.3322062497149373 0.6631812497149373 0.3820812497149373 0.6958062497149373
0 0.33576875028506276 0.8790984378563285 0.30964218700114027 0.9111296875712657 0.3387375005701254 0.9271453124287343 0.35892343785632835 0.8968921870011403 0.33576875028506276 0.8790984378563285