0 0.7264010193842645 0 0.6835278483466363 0.025717949828962375 0.7081855997719498 0.07003170581527936 0.7514189486887115 0.04398867274800456 0.7294380102622576 0 0.7264010193842645 0
0 0.6819193318129989 0.10981867274800455 0.7007170535917903 0.1466602850627138 0.7497630091220068 0.11343752793614595 0.7378634435575826 0.0854247890535918 0.6819193318129989 0.10981867274800455
0 0.670582109464082 0.2348433204104903 0.6821789566704675 0.2656561664766249 0.7145957046750285 0.25030547548460663 0.7052444846066135 0.22381752793614595 0.670582109464082 0.2348433204104903
0 0.6103039817559863 0.4225065142531357 0.6211147571265678 0.45720091562143667 0.6731132964652224 0.4350143603192702 0.6609975621436716 0.3992646453819841 0.6103039817559863 0.4225065142531357
0 0.02813863055872292 0.19465649030786772 0.09201651425313569 0.1917698700114025 0.09129737172177879 0.13666033295324972 0.03029150513112885 0.14128124629418473 0.02813863055872292 0.19465649030786772
0 0.17712267388825542 0.30282755302166475 0.18087242531356898 0.3356639144811859 0.23485610490307868 0.33237965564424177 0.232530244013683 0.2932097594070695 0.17712267388825542 0.30282755302166475
0 0.19162280957810718 0.5771285872291905 0.1951306237172178 0.630369204104903 0.26654758950969215 0.6395842656784493 0.26994196807297605 0.5866755553021664 0.19162280957810718 0.5771285872291905
0 0.33395821664766245 0.5084366841505131 0.33732956898517674 0.5234571915621437 0.4067280798175599 0.5191482166476624 0.40812864538198407 0.504072354618016 0.33395821664766245 0.5084366841505131
0 0.23016468415051314 0.7933028392246294 0.2654082702394527 0.7991524891676168 0.2733995872291904 0.7672596442417332 0.24191849144811858 0.7574308472063853 0.23016468415051314 0.7933028392246294
0 0.30175365450399083 0.6848537844925884 0.3388930228050171 0.6916997913340935 0.3424359099201824 0.6799808859749146 0.305236031927024 0.6725442189281642 0.30175365450399083 0.6848537844925884
0 0.3420096545039909 0.5935614025085519 0.3369135131128848 0.604717709236032 0.3674317297605473 0.6110655860889396 0.3732776499429875 0.5985076020524516 0.3420096545039909 0.5935614025085519
0 0.27762164196123146 0.05763403990877994 0.2818693215507412 0.1548507251995439 0.38803627594070694 0.1424980889395667 0.3771071014823261 0.04988942873432155 0.27762164196123146 0.05763403990877994
0 0.7362044355758267 0.6291470820980616 0.747237290763968 0.6631142862029646 0.8013781505131129 0.6442846864310149 0.7895725724059294 0.611485905359179 0.7362044355758267 0.6291470820980616
0 0.7006544298745724 0.6345677651083239 0.7607002645381984 0.6151175267958952 0.7506661778791335 0.5821325553021665 0.6940072770809578 0.6054059555302166 0.7006544298745724 0.6345677651083239
0 0.8882750262257697 0.6104772269099201 0.904342905359179 0.6412270638540479 0.9528589703534778 0.6200035530216648 0.9428869486887115 0.5876090775370582 0.8882750262257697 0.6104772269099201
0 0.752216889395667 0.7814954047890537 0.7651194697833523 0.8105307765108324 0.8131071014823261 0.7899598255416191 0.8090705188141392 0.762914858608894 0.752216889395667 0.7814954047890537
0 1 0.8106576054732041 0.9695413124287343 0.8213424150513113 0.9769477046750286 0.8378320057012543 1 0.8279846978335234 1 0.8106576054732041
0 1 0.7573717263397948 0.9790148095781073 0.7666148620296466 0.9868375541619157 0.7842405929304447 1 0.7779901562143672 1 0.7573717263397948
0 0.9585990376282782 0.9359091163055872 0.8838366248574687 0.9602023090079818 0.8824596830102622 0.9613022645381984 0.9639483215507412 0.952737464082098 0.9585990376282782 0.9359091163055872
0 0.9600996499429875 0.38215938540478905 0.9868827012542759 0.4324933409350057 0.9927088209806157 0.4163537434435576 0.9867673124287344 0.36323223261117443 0.9600996499429875 0.38215938540478905
0 0.5590951083238312 0.09431926795895096 0.5638213124287343 0.11088474116305587 0.594434645381984 0.10109678335233752 0.5927585963511972 0.08515024629418472 0.5590951083238312 0.09431926795895096
0 0.5706846989737742 0.13643855986316988 0.608261590649943 0.12472623147092361 0.6049380136830103 0.11014532611174459 0.568604181299886 0.12232402508551882 0.5706846989737742 0.13643855986316988