0 0.03924372063854047 0.2638858745724059 0.11900953705815279 0.2226660205245154 0.10870230444697833 0.19270271493728622 0.018789396807297604 0.23409354161915621 0.03924372063854047 0.2638858745724059
0 0.0020191128848346634 0.5454144618015964 0.010722255416191562 0.6167392098061573 0.05785537514253136 0.588501518814139 0.033298610034207525 0.5307834640820981 0.0020191128848346634 0.5454144618015964
0 0.23200909007981754 0.5373610957810718 0.17143109007981755 0.5682059429874573 0.18859979703534777 0.601028630558723 0.2540964891676169 0.5666817058152793 0.23200909007981754 0.5373610957810718
0 0.3514746408209806 0.13614124629418473 0.3814064435575827 0.11448765108323831 0.3708526727480046 0.08216374686431016 0.3330290171037628 0.1007661755986317 0.3514746408209806 0.13614124629418473
0 0.248220677309008 1 0.27905375826681866 0.9849612143671608 0.26387310490307864 0.9483474503990877 0.21520713683010262 0.9710745564424174 0.23177560547320408 1 0.248220677309008 1
0 0.4029068597491448 0.9659735233751425 0.4357576716077537 0.9493863124287344 0.41144899657924744 0.89402869327252 0.38208110490307867 0.9078633238312429 0.4029068597491448 0.9659735233751425
0 0.38066019498289627 0.7032330513112884 0.41015732155074114 0.6887893876852909 0.399013054732041 0.6565275473204105 0.3706812417331813 0.6717442611174459 0.38066019498289627 0.7032330513112884
0 0.7211525952109464 0.4244569270239452 0.7803966590649943 0.397931425313569 0.7462778175598631 0.30599417445838084 0.685110850627138 0.3360038209806157 0.7211525952109464 0.4244569270239452
0 0.6945605507411631 0.1657552953249715 0.7103326180159636 0.15693333751425315 0.6702541174458381 0.07636726909920183 0.6534579087799316 0.08589388939566704 0.6945605507411631 0.1657552953249715
0 0.8735628791334094 0.013208791334093502 0.838973889395667 0.02460393614595211 0.8652686704675029 0.08751250285062713 0.9002270490307869 0.06801718472063854 0.8735628791334094 0.013208791334093502
0 0.5583523409350057 0.12394985290763967 0.6176872839224629 0.09263863511972634 0.6146762337514253 0.08101627023945268 0.5466478380843786 0.1078680205245154 0.5583523409350057 0.12394985290763967
0 0.8733227616875712 0.41383481071835804 0.8743456271379704 0.4519381892816419 0.9688272827822121 0.44857499315849486 0.9647497217787914 0.4096002063854048 0.8733227616875712 0.41383481071835804
0 0.552159433295325 0.36579862257696694 0.5961798768529076 0.4781894857468643 0.6200885632839225 0.4673182930444698 0.5738782668187001 0.35844277765108323 0.552159433295325 0.36579862257696694
0 0.06199519498289623 0.9343398905359178 0.04385042417331813 0.9434128015963512 0.04807076054732041 0.9835666225769669 0.07621452337514253 0.9674725712656784 0.06199519498289623 0.9343398905359178
0 0.5051939851767389 0.7134278232611174 0.5373937901938426 0.6963120148232611 0.5251926556442417 0.6653552976054733 0.4958804002280502 0.6800780387685291 0.5051939851767389 0.7134278232611174