0 0.8849252189281642 0.5226168232611175 0.8923084070695554 0.43519340364880277 0.8107479270239453 0.42474023831242874 0.8074581812998859 0.5085291641961232 0.8849252189281642 0.5226168232611175
0 0.7566559087799316 0.42271521550741165 0.8066928095781072 0.43074942531356897 0.8123191231470923 0.3240568574686431 0.7649497297605473 0.3192406465222349 0.7566559087799316 0.42271521550741165
0 0.6249283580387686 0.3626597194982896 0.6571285245153935 0.3698191516533637 0.6621417730900798 0.29371850627137974 0.6278404914481186 0.29134803420752564 0.6249283580387686 0.3626597194982896
0 0.8527490900798176 0.24466572862029645 0.9116908836944128 0.2525445017103763 0.9149565028506271 0.18241432839224628 0.8550675644241734 0.17336440592930444 0.8527490900798176 0.24466572862029645
0 0.8886640182440136 0.0902325929304447 0.9302725735461802 0.09188167502850628 0.9282045518814139 0.022735360319270242 0.8933674925883694 0.019483480045610038 0.8886640182440136 0.0902325929304447
0 0.9381013432155074 0.029985616875712655 0.939130221208666 0.0549089566704675 0.9694250330672748 0.05497399885974915 0.9692603238312428 0.027363293044469782 0.9381013432155074 0.029985616875712655
0 0.6444842314709236 0.12181298973774231 0.6938533454960091 0.12570040935005702 0.6963448358038768 0.05884987115165336 0.642709236031927 0.05414459977194983 0.6444842314709236 0.12181298973774231
0 0.5536291083238313 0.22553942873432156 0.6054174618015963 0.23176154503990878 0.6054338061573546 0.16465572633979478 0.5519577616875713 0.16380919498289623 0.5536291083238313 0.22553942873432156
0 0.4462582383124287 0.16565418814139113 0.44281606271379703 0.20668926225769668 0.47848645952109464 0.20844199429874571 0.48010078221208663 0.17307874686431016 0.4462582383124287 0.16565418814139113
0 0.4792342063854048 0.115195992018244 0.5137084561003421 0.11637420068415051 0.5168501242873432 0.058123 0.47588547890535915 0.059431881413911064 0.4792342063854048 0.115195992018244
0 0.34209059521094637 0.3575029464082098 0.3387936795895097 0.30470713226909923 0.31025912200684147 0.3034236818700114 0.30763860433295326 0.3575104675028506 0.34209059521094637 0.3575029464082098
0 0.7054431197263399 0.7555675096921323 0.7435192428734322 0.759059771949829 0.7395628015963512 0.6976663454960091 0.7049383694412771 0.6926292326111745 0.7054431197263399 0.7555675096921323
0 0.6521681014823261 0.9364326453819841 0.6497653797035348 0.9008441584948689 0.6266374675028507 0.9030278164196123 0.625447172177879 0.9368990615735462 0.6521681014823261 0.9364326453819841
0 0.4139024925883694 1 0.4140449988597491 0.9405891003420753 0.3724571687571266 0.9401273375142531 0.3740248905359179 0.9959209749144812 0.4109007411630559 1 0.4139024925883694 1
0 0.2328081755986317 0.4603633534777651 0.2315098472063854 0.42000330330672747 0.218413590649943 0.4184519407069555 0.21670214367160773 0.45648760205245154 0.2328081755986317 0.4603633534777651
0 0.24698659293044473 0.4559589851767389 0.26076823603192706 0.4628445108323831 0.2626419007981756 0.4218368152793615 0.2475314458380844 0.41913136716077537 0.24698659293044473 0.4559589851767389
0 0.1548753261117446 0.0792888677309008 0.17277267160775373 0.08372562941847207 0.1762562976054732 0.04506519270239453 0.15900439566704674 0.04358480501710377 0.1548753261117446 0.0792888677309008
0 0.37441749942987457 0.8141973831242874 0.3732360022805017 0.848662314709236 0.4099889669327252 0.8512869122006842 0.40946317673888255 0.814181062713797 0.37441749942987457 0.8141973831242874
0 0.71971917331813 0.9949938871151653 0.7529672656784493 0.9940572348916762 0.7489581254275941 0.9807658050171038 0.7188706009122007 0.9804002234891677 0.71971917331813 0.9949938871151653