0 0.8014698905359179 0.4346452234891676 0.7641267753705815 0.37532886088939565 0.6693980889395668 0.4223592873432155 0.7107526351197263 0.4866872884834664 0.8014698905359179 0.4346452234891676
0 0.9067915974914481 0.18881004218928166 0.8620324789053592 0.22848703990877994 0.888161489167617 0.2685183272519954 0.9336552485746864 0.23354520182440136 0.9067915974914481 0.18881004218928166
0 0.8083994971493729 0.12589607183580387 0.7796587103762828 0.1445030513112885 0.7937028209806157 0.16890312656784492 0.8255253808437857 0.15092055302166477 0.8083994971493729 0.12589607183580387
0 0.18017751083238315 0.26847302394526795 0.13297274344355758 0.3006157537058153 0.16180628164196123 0.3511403181299886 0.20823163968072975 0.3211502725199544 0.18017751083238315 0.26847302394526795
0 0.11369939566704676 0.3797842964652224 0.0923804401368301 0.347080417331813 0.03112689851767389 0.3887965085518814 0.04573868871151654 0.41970311516533637 0.11369939566704676 0.3797842964652224
0 0.805148842645382 0.8875982041049031 0.8194786624857469 0.973959157354618 0.9317513614595211 0.9641365689851767 0.9286609395667047 0.867554015963512 0.805148842645382 0.8875982041049031
0 0.9802440832383125 0.5995995381984036 0.9632812086659066 0.5486324435575827 0.9283507434435575 0.5713570581527936 0.9461328015963512 0.6180803580387685 0.9802440832383125 0.5995995381984036
0 0.7340490216647663 0.6849127457240594 0.7031228859749145 0.6989427742303307 0.7178397309007981 0.7310322269099202 0.748287417331813 0.7173420649942986 0.7340490216647663 0.6849127457240594
0 0.5665081391106043 0.9886409851767388 0.5671549977194983 0.9960346180159636 0.6327481927023946 0.9902959566704675 0.6196309794754846 0.95121234663626 0.5665081391106043 0.9886409851767388
0 0.08503688141391105 0.4401072588369441 0.03647305245153934 0.4771354663625998 0.06957690421892816 0.5356306795895097 0.12281520410490308 0.5083242474344356 0.08503688141391105 0.4401072588369441
0 0.5740554241733181 0.2650061094640821 0.5537626465222348 0.23042439680729762 0.5001627628278221 0.2643186636259977 0.5171375393386545 0.29502010490307873 0.5740554241733181 0.2650061094640821
0 0.20173966476624858 1 0.19112978449258838 0.9517466590649943 0.1569907001140251 0.9630792611174458 0.16172834891676166 1 0.20173966476624858 1
0 0.7647225940706955 0.8449420763968073 0.7799777616875713 0.8763899828962372 0.8296706556442418 0.851478228050171 0.8105168244013683 0.8170964481185861 0.7647225940706955 0.8449420763968073