0 0.33768822120866593 0.9729994344355759 0.3564016134549601 0.9963949817559863 0.38827696465222344 0.9796970718358039 0.35744710718358036 0.9448451984036488 0.33768822120866593 0.9729994344355759
0 0.8567612485746864 0.6508317309007983 0.827523181299886 0.665906109464082 0.8339517651083239 0.6917692383124286 0.8712197753705816 0.6732098677309007 0.8567612485746864 0.6508317309007983
0 0.8345242041049031 0.5554286556442417 0.7831105279361459 0.5710519156214366 0.785738244013683 0.6487027548460662 0.8470423112884834 0.6349935233751425 0.8345242041049031 0.5554286556442417
0 0.13393757924743444 0.4540075530216648 0.10433557810718358 0.46494007525655645 0.1328616282782212 0.5528430513112885 0.1559316180159635 0.5466509942987458 0.13393757924743444 0.4540075530216648
0 0.4257920535917902 0.3130437229190422 0.39643319498289625 0.3267374378563284 0.4149765518814139 0.3640554720638541 0.43971816875712655 0.34520235689851764 0.4257920535917902 0.3130437229190422
0 0.5235191288483466 0.2711167035347777 0.4948847514253136 0.29309128620296465 0.5172016328392246 0.32590705245153934 0.5429601151653364 0.30279284606613455 0.5235191288483466 0.2711167035347777
0 0.329371740022805 0.1476397708095781 0.30649212770809575 0.17189177194982896 0.34481511972633977 0.21304266932725202 0.3713490205245154 0.18290760205245155 0.329371740022805 0.1476397708095781
0 0.40091807639680727 0.02873287001140251 0.3761270809578107 0.06288757924743443 0.39975165450399086 0.07890043329532496 0.42514633979475486 0.05164592930444698 0.40091807639680727 0.02873287001140251
0 0.6050371128848347 0.09153482896237172 0.6537450649942987 0.06085101482326112 0.6370637137970354 0.028931866590649943 0.5854784469783353 0.05847775028506271 0.6050371128848347 0.09153482896237172
0 0.3078241584948689 0.9491866442417332 0.2882640718358039 0.9161312576966932 0.2596296955530217 0.9381058403648803 0.27481270581527933 0.9687648449258837 0.3078241584948689 0.9491866442417332
0 0.2605832976054732 0.8378898141391107 0.2687054070695553 0.8830741778791334 0.29968326339794754 0.8720197137970354 0.29108137058152794 0.821315535917902 0.2605832976054732 0.8378898141391107
0 0 0.16087580729760548 0.01996718358038769 0.2150407605473204 0.053100986316989736 0.19684308665906497 0.03023121550741163 0.14182382896237172 0 0.15494213683010263 0 0.16087580729760548
0 0.8172488677309008 0.43733648574686435 0.8476245929304447 0.41938168072976056 0.8336984777651083 0.3872230478905359 0.7958266408209806 0.3988806579247434 0.8172488677309008 0.43733648574686435
0 0.5024938118586089 0.7610980820980616 0.51555417331813 0.7516111961231471 0.4714034469783352 0.6915007594070695 0.4573277753705815 0.7052485997719499 0.5024938118586089 0.7610980820980616
0 0.5105032782212087 0.725629102622577 0.5290769543899658 0.7156598654503991 0.5031073432155074 0.6887270285062713 0.4889108791334093 0.7010942052451539 0.5105032782212087 0.725629102622577