0 0 0.2518328129988598 0.04156250057012543 0.25598437514253136 0.04849062485746864 0.2227765621436716 0 0.22000937514253135 0 0.2518328129988598
0 0.0665 0.2961125005701254 0.06927187457240594 0.2615187502850627 0.03186562485746864 0.25045 0.02909375028506271 0.2891937502850627 0.0665 0.2961125005701254
0 0.2853984378563284 0.19095 0.24799062485746864 0.18126562485746864 0.24106406271379704 0.20063593728620296 0.2784703124287343 0.21724062485746864 0.2853984378563284 0.19095
0 0.34081406271379705 0.20478749942987456 0.29371093728620296 0.19095 0.2881687502850627 0.21724062485746864 0.3366578129988597 0.22830937514253133 0.34081406271379705 0.20478749942987456
0 0.6899406248574687 0.655875 0.6109718745724059 0.637885937286203 0.6026593751425314 0.7043031254275941 0.6705468745724059 0.7098375005701254 0.6899406248574687 0.655875
0 0.8506515621436717 0.6641750000000001 0.7786078129988598 0.6641750000000001 0.7786078129988598 0.7043031254275941 0.840953125427594 0.7098375005701254 0.8506515621436717 0.6641750000000001
0 0.34407968757126567 0.2877031254275941 0.3384406248574687 0.3045125005701254 0.373175 0.30965 0.37911250057012547 0.2983796875712657 0.34407968757126567 0.2877031254275941
0 0.3544718745724059 0.26359531242873435 0.3482375005701254 0.27880468757126564 0.37792343785632837 0.2877031254275941 0.381485937286203 0.27643281299885974 0.3544718745724059 0.26359531242873435
0 0.43017500000000003 0.31874531242873433 0.42601875028506275 0.3339703124287343 0.458675 0.33990156214367157 0.4652062497149373 0.3262593751425314 0.43017500000000003 0.31874531242873433
0 0.43255 0.3066843751425314 0.4663937502850627 0.31380156214367166 0.46936250057012546 0.2989718745724059 0.4384875005701254 0.2906687502850627 0.43255 0.3066843751425314
0 0.44353437514253136 0.26448437514253137 0.44026875028506274 0.2805843751425314 0.468175 0.2877031254275941 0.4753 0.2728734378563284 0.44353437514253136 0.26448437514253137
0 0.4462062497149373 0.2377984378563284 0.4450187502850627 0.25626406271379704 0.4794562497149373 0.26219531242873434 0.48005 0.24973906271379706 0.4462062497149373 0.2377984378563284
0 0.4551125005701254 0.2075546875712657 0.45036093728620297 0.22897812542759408 0.4853937502850627 0.2337234378563284 0.4853937502850627 0.21770781299885975 0.4551125005701254 0.2075546875712657
0 0.46164375028506266 0.18626875028506273 0.4580812497149373 0.19872656214367163 0.4877687502850627 0.2117765621436716 0.48955 0.19457343785632839 0.46164375028506266 0.18626875028506273