0 0.8500678643101481 0.7204325210946407 0.7758612303306728 0.755238897377423 0.8115104093500569 0.8461242816419612 0.8797648255416192 0.8157902371721779 0.8500678643101481 0.7204325210946407
0 1 0.8538574002280502 0.954733377423033 0.8701302189281642 0.9646089612314709 0.9112322006841505 1 0.8995486408209806 1 0.8538574002280502
0 0.9225279703534778 0.32362456556442415 0.8704280615735461 0.33824630330672745 0.881303070695553 0.3757285165336374 0.9358010330672748 0.3553343021664766 0.9225279703534778 0.32362456556442415
0 0.7805230877993158 0.47019646180159635 0.7305438072976055 0.49124727366020526 0.7574090102622577 0.5504849407069555 0.8074862428734322 0.5243767582668187 0.7805230877993158 0.47019646180159635
0 0.5260857309007981 0.5001787730900799 0.4913828928164196 0.5180507229190422 0.5070538164196123 0.5790641870011403 0.5408016168757127 0.5686743489167617 0.5260857309007981 0.5001787730900799
0 0.46581116647662485 0.9141850570125427 0.44911218129988595 0.8448999988597492 0.42223817331813 0.853444748004561 0.439030299885975 0.9245070547320411 0.46581116647662485 0.9141850570125427
0 0.37954172862029645 0.9341649315849487 0.3438771413911061 0.9336557742303306 0.34446155302166476 0.9788120729760548 0.38156156898517674 0.9727057901938427 0.37954172862029645 0.9341649315849487
0 0.22094916077537058 0.3788242622576967 0.1846900763968073 0.3783462611174458 0.17067228050171038 0.4962117388825542 0.20559914937286203 0.49527314709236037 0.22094916077537058 0.3788242622576967
0 0.08646333979475485 0.6801835222348916 0.04393843557582668 0.6847919817559864 0.051216827822120864 0.7783517810718358 0.09451920296465223 0.7722177274800457 0.08646333979475485 0.6801835222348916
0 0.30515245381984035 0.5914306476624857 0.27107710832383125 0.5872708129988597 0.2668899931584949 0.6320810478905359 0.30277366134549605 0.636740677309008 0.30515245381984035 0.5914306476624857
0 0.4954508540478905 0.24433614367160778 0.40662538198403647 0.27217931698973774 0.4223249418472064 0.34508414139110605 0.5139602371721779 0.3114437810718358 0.4954508540478905 0.24433614367160778
0 0.8906597765108324 0.16892415735461802 0.8326367468643102 0.18385631128848345 0.8412891071835804 0.217590338654504 0.8984473671607754 0.20418991676168757 0.8906597765108324 0.16892415735461802
0 0.9692315450399088 0.31939480501710377 0.9696424766248575 0.281915685290764 0.9323543717217788 0.28446287115165336 0.9337517628278221 0.3224417867730901 0.9692315450399088 0.31939480501710377
0 0.05268774458380844 0.024361794754846063 0.015350001140250855 0.025961842645381986 0.022842009122006842 0.07824764766248575 0.057975376282782216 0.07491997377423033 0.05268774458380844 0.024361794754846063
0 0.39711452451539336 0.6460676031927023 0.36219512428734324 0.6484922155074117 0.3700137080957811 0.6843493511972635 0.40286606157354615 0.6731145952109464 0.39711452451539336 0.6460676031927023
0 0.27566001140250856 0.04002629418472064 0.2457320992018244 0.035649102622576964 0.24166783352337515 0.061725670467502845 0.27578082668187 0.06499168643101483 0.27566001140250856 0.04002629418472064
0 0.5534093911060434 0.4208588084378563 0.5357306465222349 0.4348641744583808 0.5549571117445838 0.48439613226909917 0.5715797103762827 0.4760929179019384 0.5534093911060434 0.4208588084378563
0 0.7319554002280502 0.8015377023945268 0.6825379817559863 0.8219645039908781 0.686336993158495 0.8378186567844926 0.7401616944127708 0.8204309851767388 0.7319554002280502 0.8015377023945268