0 0.8042643523375143 0.7598407012542759 0.8096515644241734 0.7938542177879133 0.8650306966932726 0.7832795724059294 0.860150787913341 0.7482839794754846 0.8042643523375143 0.7598407012542759
0 0.6098683500570126 0.9733815404789053 0.6563105176738883 0.9708350330672748 0.6432280193842644 0.9109885267958951 0.5958781619156215 0.9163839783352338 0.6098683500570126 0.9733815404789053
0 0.6519015758266818 0.7268632337514254 0.683137794754846 0.7231182052451539 0.6734433671607754 0.6543189646522234 0.6407493397947549 0.659497189281642 0.6519015758266818 0.7268632337514254
0 0.8928710695553022 0 0.8991392645381984 0.03184396009122007 0.9295877001140251 0.026720825541619156 0.925503441277081 0 0.8928710695553022 0
0 0.5419514960091221 0.49539945039908784 0.5779966282782213 0.487887007981756 0.5667866875712657 0.413314708095781 0.5348250216647662 0.42288715393386545 0.5419514960091221 0.49539945039908784
0 0.10171152565564424 0.5597162508551882 0.11940163055872292 0.5917811812998859 0.16296955872291904 0.5656438620296464 0.1444368323831243 0.5337123899657925 0.10171152565564424 0.5597162508551882
0 0.30769761345496005 1 0.2836968677309008 0.9162320843785633 0.23771785974914483 0.9352368928164196 0.25841282554161915 1 0.30769761345496005 1
0 0.4145027525655644 0.703144511972634 0.4230190877993158 0.760710054732041 0.482692259977195 0.7476518449258837 0.4746327605473204 0.6960270410490308 0.4145027525655644 0.703144511972634
0 0.34568313340935003 0.42789651311288485 0.34368324857468646 0.48351917103762826 0.4141193192702394 0.4852879441277081 0.41966720068415053 0.432409669327252 0.34568313340935003 0.42789651311288485
0 0.40364908779931585 0.2630158722919042 0.41410896579247436 0.321475889395667 0.491834338654504 0.31066669669327257 0.48980702280501714 0.25718476168757126 0.40364908779931585 0.2630158722919042
0 0.06158519612314709 0.257076771949829 0.006577840364880274 0.26999872063854047 0.010974493728620298 0.31108236716077536 0.06525101824401369 0.29917947776510834 0.06158519612314709 0.257076771949829
0 0.8232332713797036 0.19716141847206384 0.8378722383124287 0.23271535689851766 0.8944777616875713 0.21443208095781072 0.8848060193842645 0.18019543899657925 0.8232332713797036 0.19716141847206384
0 0.7009347331812998 0.11132856670467503 0.692054353477765 0.06284111516533637 0.6424378084378564 0.07310262713797035 0.6525869509692133 0.12079113911060434 0.7009347331812998 0.11132856670467503
0 0.6791946704675028 0.9750255051311288 0.7145886111744584 0.9709826488027365 0.7105901972633979 0.9267700581527936 0.6749080547320411 0.925207740022805 0.6791946704675028 0.9750255051311288