0 0.6213581117445838 0 0.6228606077537058 0.07457461231470923 0.698158992018244 0.07586426681870011 0.693856212086659 0.005842281641961232 0.6319801698973775 0 0.6213581117445838 0
0 0.2219826647662486 0.7331176214367161 0.1701479669327252 0.7325711584948689 0.1652592371721779 0.7698623945267958 0.2186706670467503 0.7708938015963511 0.2219826647662486 0.7331176214367161
0 0.28223630672748007 0.6752689361459522 0.24763619840364878 0.6657687502850627 0.24490960319270239 0.737474244013683 0.28083193044469784 0.7403253740022805 0.28223630672748007 0.6752689361459522
0 0.7615716442417332 0.8294734526795895 0.7281875381984035 0.8288287651083238 0.7323052805017103 0.8991612896237172 0.7600312155074116 0.9010960022805018 0.7615716442417332 0.8294734526795895
0 0.900529755986317 0.8328681812998859 0.8998116567844926 0.9503200057012543 0.9266506944127707 0.9424834059293045 0.9226999521094641 0.8348922234891676 0.900529755986317 0.8328681812998859
0 0.8247611391106043 0.285723842645382 0.7925616408209806 0.28499631927023944 0.7885094903078678 0.32401465450399086 0.8220414458380844 0.32345860433295326 0.8247611391106043 0.285723842645382
0 0.32954159977194986 0.14276098517673888 0.27563962941847203 0.1381864150513113 0.28103616875712656 0.2039592542759407 0.33203596579247435 0.20396733295324973 0.32954159977194986 0.14276098517673888
0 0.15388344697833523 0.7724434663625998 0.11808715051311289 0.7713722554161916 0.11677840935005701 0.8170545153933866 0.15754615849486886 0.8162885233751426 0.15388344697833523 0.7724434663625998
0 0.19075465450399087 0.5249325997719498 0.17467472633979478 0.5248634857468643 0.17280118244013684 0.5968069270239452 0.19005525427594072 0.600070669327252 0.19075465450399087 0.5249325997719498
0 0.0790793694412771 0.5881642018244014 0.06414429874572407 0.5874213979475486 0.06639862143671608 0.6328529395667046 0.08176322234891675 0.6350568403648802 0.0790793694412771 0.5881642018244014
0 0.7772312884834663 0.8575792428734321 0.7767744846066135 0.9106513272519954 0.8158657468643102 0.9162615610034207 0.8148461322690992 0.8591216214367161 0.7772312884834663 0.8575792428734321
0 0.4779539954389966 0.34096294526795895 0.4719825313568985 0.3747539942987457 0.5634476875712656 0.38862155074116306 0.565490464082098 0.3497405917901939 0.4779539954389966 0.34096294526795895
0 0.678801047890536 0.3269183511972634 0.6327650228050171 0.32417923945267957 0.6376329452679589 0.40071517103762827 0.6788598415051311 0.4043873352337514 0.678801047890536 0.3269183511972634
0 0.6764441676168758 0.13995701710376282 0.6341293044469783 0.13934006271379704 0.6315261801596351 0.18570803648802736 0.67320186659065 0.18726405245153932 0.6764441676168758 0.13995701710376282
0 0.721357 0 0.7186639395667047 0.04016413683010262 0.7598640045610033 0.03877114709236032 0.758231668187001 0 0.721357 0
0 0.7771249623717218 0 0.7765379076396807 0.0379043614595211 0.8163558551881414 0.03780155188141391 0.81718586659065 0 0.7771249623717218 0