0 0.7854398266818701 0.9769816590649942 0.8177822508551881 0.9945292542759406 0.8510861550741163 0.9280316431014822 0.821623109464082 0.9086507046750285 0.7854398266818701 0.9769816590649942
0 0.9572224070695553 0.7578236989737743 0.9204913318129988 0.760840204104903 0.9255849019384265 0.8127123340935006 0.9604540239452679 0.8070576100342075 0.9572224070695553 0.7578236989737743
0 0.8419264789053591 0.7123289612314709 0.8218348985176739 0.716836543899658 0.826912014823261 0.7663336009122007 0.8540137012542759 0.7590313728620297 0.8419264789053591 0.7123289612314709
0 0.48167630330672745 0.8403560057012542 0.45808948004561006 0.8146371733181299 0.4313465416191562 0.8459836761687571 0.457991771949829 0.8769921242873432 0.48167630330672745 0.8403560057012542
0 0.4039345222348917 0.9408827856328393 0.4172089714937286 0.9537171311288484 0.4527453694412771 0.9162787331812999 0.4378830353477765 0.9049582668187002 0.4039345222348917 0.9408827856328393
0 0.42674996351197264 0.9565197936145952 0.4575150364880273 0.985674810718358 0.4731360136830103 0.9628362075256557 0.44560533751425313 0.9395631402508552 0.42674996351197264 0.9565197936145952
0 0.034464629418472066 0.778681220068415 0.023089405929304446 0.806790275940707 0.05435487685290764 0.8305919931584949 0.07205566020524515 0.7910895553021664 0.034464629418472066 0.778681220068415
0 0.40384444127708097 0.15404264196123146 0.4209220125427594 0.11276799885974916 0.3480270045610034 0.0831606818700114 0.3316627137970353 0.12026599315849487 0.40384444127708097 0.15404264196123146
0 0.9552875952109464 0.44312047320410486 0.9915286339794754 0.4460509247434436 0.9911778072976054 0.3911252462941847 0.9520544435575826 0.3938881505131129 0.9552875952109464 0.44312047320410486
0 0.6189011698973774 0.0689311094640821 0.6016888871151653 0.10248817901938426 0.6363163067274801 0.11494824401368302 0.6468036248574686 0.08091471949828963 0.6189011698973774 0.0689311094640821
0 0.8439281539338654 0.07925698289623717 0.7946287137970353 0.07595906157354618 0.7922866659064994 0.10777040592930445 0.839836393386545 0.11674035233751424 0.8439281539338654 0.07925698289623717
0 0.006641775370581527 0.8848704675028506 0.010939941847206385 0.8925169315849487 0.0487741094640821 0.835144771949829 0.014796372862029646 0.8075304344355758 0.00552263968072976 0.8207552348916761 0.006641775370581527 0.8848704675028506
0 0.4755981470923603 0.1521963363740023 0.4183713614595211 0.13656770125427595 0.39732779361459525 0.18859913683010263 0.4571436750285063 0.2166516647662486 0.4755981470923603 0.1521963363740023