0 0.6176513876852907 1 0.6046096522234892 0.954680929304447 0.5469530581527936 0.9704736761687571 0.5514735188141391 1 0.6176513876852907 1
0 0.4334526909920183 0.7967598722919043 0.4300572998859749 0.7236358928164196 0.38703186316989735 0.729254937286203 0.39102064196123143 0.8023996396807297 0.4334526909920183 0.7967598722919043
0 0.7256295222348916 0.5468341368301026 0.7157363671607754 0.497977858608894 0.6521795256556443 0.5123763409350057 0.6616653101482326 0.5643468608893957 0.7256295222348916 0.5468341368301026
0 0.48237219156214367 0.5116371995438996 0.47540255530216646 0.4812754675028506 0.4340139030786773 0.49110732611174457 0.44410168301026226 0.5258836944127708 0.48237219156214367 0.5116371995438996
0 0.5527120456100342 0.43932766362599773 0.5446152725199543 0.40712703648802734 0.4875313454960091 0.4235338939566705 0.49778478905359175 0.45356627822120865 0.5527120456100342 0.43932766362599773
0 0.27068445838084376 0.5434078209806158 0.2644304868871152 0.5095204789053592 0.2271811322690992 0.5200894344355758 0.23329673204104903 0.5493879007981757 0.27068445838084376 0.5434078209806158
0 0.6708824458380844 0.32596707069555303 0.6675608939566705 0.2933062542759407 0.6268293010262257 0.3013802850627138 0.6376155302166476 0.3332136100342075 0.6708824458380844 0.32596707069555303
0 0.5661001812998859 0.20073237058152796 0.561421251995439 0.16436411060433295 0.503023259977195 0.18428505929304448 0.515572054732041 0.21677404903078676 0.5661001812998859 0.20073237058152796
0 0.5747971493728621 0.2923495131128848 0.5571538289623716 0.23543816305587228 0.5198215883694413 0.24838067046750284 0.5316028859749145 0.30280311060433296 0.5747971493728621 0.2923495131128848
0 0.762462802736602 0.41194055188141393 0.7622619863169898 0.39217150057012545 0.7301975233751425 0.39045923489167617 0.725625070695553 0.4021708563283923 0.762462802736602 0.41194055188141393
0 0.6796649954389965 0.43219141049030785 0.6737844389965792 0.4217266830102623 0.6057777491448118 0.4442810855188141 0.6070228221208666 0.4597558392246294 0.6796649954389965 0.43219141049030785
0 0.9060402223489167 0.23538127594070696 0.8886647297605473 0.17935168643101482 0.8454099578107184 0.1914932622576967 0.8613097765108324 0.24724774686431014 0.9060402223489167 0.23538127594070696
0 0.777522110604333 0.2277023181299886 0.743201377423033 0.23956176624857467 0.7580147970353478 0.2923108814139111 0.7918249726339796 0.27805871949828964 0.777522110604333 0.2277023181299886
0 0.43306642189281647 0.10938703876852908 0.4323956670467503 0.09456866476624858 0.3753531824401368 0.10978874458380844 0.3772935792474344 0.12232034891676169 0.43306642189281647 0.10938703876852908
0 0.42941848460661347 0.0861174275940707 0.4206848323831243 0.07219946180159635 0.37015675940706955 0.08823957696693273 0.37672623489167617 0.10449593956670468 0.42941848460661347 0.0861174275940707
0 0.15490051767388827 0.15396728278221208 0.14480197491448119 0.11954387913340936 0.07148998631698973 0.14072479361459522 0.07993936716077538 0.17128985404789054 0.15490051767388827 0.15396728278221208
0 0.12759420980615735 0.1183019543899658 0.1092485370581528 0.08150334663625998 0.05732507525655644 0.1034311630558723 0.07706439338654503 0.13439204218928164 0.12759420980615735 0.1183019543899658
0 0.07816503420752566 0.15395799771949828 0.06751629874572405 0.1352452748004561 0.02135513454960091 0.14550458608893957 0.03425274572405929 0.16791523261117447 0.07816503420752566 0.15395799771949828
0 0.07101413797035347 0.12878685176738883 0.05484484492588369 0.10631354846066134 0.014209814139110604 0.12863556670467502 0.014223543899657924 0.14525554503990878 0.07101413797035347 0.12878685176738883
0 0.0555679543899658 0.44333002394526794 0.04503236031927024 0.3873063340935006 0.009218168757126569 0.39080387913340936 0.017353182440136828 0.4474738711516534 0.0555679543899658 0.44333002394526794
0 0.8408602086659065 0.057763952109464084 0.8380051197263397 0.045816407069555296 0.807435677309008 0.05246610034207526 0.8081064663625999 0.06732825085518813 0.8408602086659065 0.057763952109464084