0 0.9126025610034207 0.7636960091220069 0.8579472748004561 0.6303865815279361 0.823652897377423 0.6531466031927023 0.8750808278221208 0.7796722177879133 0.9126025610034207 0.7636960091220069
0 0.8413962839224629 0.7927828677309008 0.8225684743443558 0.7466271128848346 0.7972894446978336 0.7551148688711516 0.8223003192702394 0.8029074230330673 0.8413962839224629 0.7927828677309008
0 0.14779651083238313 0.8806963979475484 0.14622792588369443 0.8362531630558723 0.08317874116305587 0.8392058095781071 0.08029480501710376 0.8790542976054732 0.14779651083238313 0.8806963979475484
0 0.06967632497149373 0.8510379726339795 0.07789513454960091 0.7961742805017104 0.0424735724059293 0.795138046750285 0.04103516419612315 0.8545546647662485 0.06967632497149373 0.8510379726339795
0 0.3041315142531357 0.5169309395667047 0.3080817833523375 0.5028319304446979 0.2692792497149373 0.49862 0.26813175370581527 0.5185065131128849 0.3041315142531357 0.5169309395667047
0 0.30704600342075256 0.49683218928164197 0.3058496704675029 0.47976797947548466 0.2673352155074116 0.477915086659065 0.27061287343215507 0.49486542417331814 0.30704600342075256 0.49683218928164197
0 0.307759913340935 0.47341438312428735 0.3047932930444698 0.45656123945267957 0.2688547662485747 0.45618668985176736 0.26668378563283923 0.4726096180159635 0.307759913340935 0.47341438312428735
0 0.7079447787913341 0.444018755986317 0.7075430444697834 0.43343885404789056 0.6700520729760547 0.4350495473204105 0.6695058962371722 0.45007655530216645 0.7079447787913341 0.444018755986317
0 0.6909772177879133 0.4227703865450399 0.6917653660205245 0.407252417331813 0.660539882554162 0.40629917787913344 0.6577811288483466 0.42279427594070695 0.6909772177879133 0.4227703865450399
0 0.681767605473204 0.39159947548460666 0.6821790729760546 0.3779113637400228 0.6474917445838085 0.37798296807297604 0.6465717730900798 0.39485050057012544 0.681767605473204 0.39159947548460666
0 0.6713450638540479 0.34812687457240593 0.6359958620296465 0.34767996579247434 0.6321292690992019 0.36490929760547325 0.6721930649942988 0.36477732725199546 0.6713450638540479 0.34812687457240593
0 0.5183366670467503 0.26638650171037626 0.44668597605473204 0.296725921322691 0.45815245724059295 0.34139269783352333 0.529429542759407 0.3128953534777651 0.5183366670467503 0.26638650171037626
0 0.9689684732041048 0.5017004196123147 0.964966511972634 0.4885951391106043 0.8482063933865451 0.5023332690992018 0.8514132428734322 0.5186940912200684 0.9689684732041048 0.5017004196123147
0 0.8472699509692132 0.5848389407069556 0.844817496009122 0.572160503990878 0.8124961687571265 0.567154354618016 0.8098082246294185 0.5842389669327251 0.8472699509692132 0.5848389407069556
0 0.8499542462941847 0.5458005085518814 0.8255141254275942 0.5416197217787914 0.8239309179019384 0.55797048004561 0.850584976054732 0.5606814367160775 0.8499542462941847 0.5458005085518814
0 0.9561471562143672 0.4801035267958951 0.9558884811858609 0.4633807149372862 0.875149503990878 0.4732942143671608 0.8708487502850628 0.48698760091220067 0.9561471562143672 0.4801035267958951
0 0.9095892371721779 0.3761888848346636 0.9089776020524516 0.35904028848346636 0.8085235450399088 0.3594071676168757 0.8064972827822121 0.3770087445838084 0.9095892371721779 0.3761888848346636
0 0.8217701904218928 0.4331754789053592 0.8179016579247435 0.4162976921322691 0.8058980935005702 0.4159769179019384 0.7979164834663626 0.42892426339794754 0.8217701904218928 0.4331754789053592
0 0.8886846465222349 0.3374792269099202 0.8885781984036488 0.3244450456100342 0.8209092200684149 0.3189917958950969 0.8168979064994298 0.33504247890535915 0.8886846465222349 0.3374792269099202
0 0.8011513797035348 0.32859783580387686 0.7506142120866591 0.3359994378563284 0.7536850444697832 0.3463932964652224 0.8003140216647663 0.3412661870011402 0.8011513797035348 0.32859783580387686
0 0.8660118928164197 0.29898509920182437 0.8648703728620296 0.2872649794754846 0.8335740809578108 0.2857222257696693 0.8283117594070695 0.3013283055872292 0.8660118928164197 0.29898509920182437
0 0.7979547194982897 0.504752 0.7961699863169898 0.48778050057012545 0.7644910045610035 0.49286503420752564 0.7639432770809578 0.5078922337514253 0.7979547194982897 0.504752
0 0.7154012189281642 0.47795046636259975 0.6869482337514253 0.4898205530216648 0.7085781368301027 0.5344374104903079 0.7365037115165337 0.5280159623717218 0.7154012189281642 0.47795046636259975
0 0.7912095803876853 0.4571252736602052 0.7883940376282782 0.4049623990877993 0.7620189749144812 0.40939569441277085 0.7585975644241734 0.4594828757126568 0.7912095803876853 0.4571252736602052
0 0.939872054732041 0.6228226453819841 0.927033842645382 0.593780126567845 0.885686724059293 0.6078331972633979 0.8951799566704675 0.646160385404789 0.939872054732041 0.6228226453819841
0 0.9660622143671608 0.7192086898517674 0.9578866955530217 0.6988958129988598 0.9057765735461801 0.7178596681870012 0.9128089988597492 0.7361451790193843 0.9660622143671608 0.7192086898517674
0 0.11124496009122006 0.7218733181299886 0.11753541163055874 0.6853957457240594 0.07393411858608893 0.6859620638540479 0.07054328164196123 0.721682180159635 0.11124496009122006 0.7218733181299886
0 0.06892002850627138 0.7230779099201824 0.06318137172177879 0.6860843432155074 0.021204882554161916 0.6852547457240592 0.02503905131128848 0.7242767787913341 0.06892002850627138 0.7230779099201824