0 0.45214375028506276 0.6471671870011402 0.5183468745724059 0.711914062713797 0.5898937502850627 0.641235937286203 0.5216124994298745 0.5736125005701254 0.45214375028506276 0.6471671870011402
0 0.8906312497149373 0.8302203124287343 0.9123031254275941 0.85715 0.9402093751425313 0.8340171870011402 0.9241765621436716 0.8114750000000001 0.8906312497149373 0.8302203124287343
0 0.44175312542759404 0.4824171870011403 0.47054999999999997 0.5142953124287343 0.5305187502850627 0.462689062713797 0.5020187502850627 0.4330296875712657 0.44175312542759404 0.4824171870011403
0 0.6427374994298746 0.3808312497149373 0.6789578129988598 0.36185 0.656989062713797 0.3339703124287343 0.6278937502850628 0.3559171870011402 0.6427374994298746 0.3808312497149373
0 0.3918781254275941 0.08124218700114025 0.37911250057012547 0.116275 0.439675 0.13466406271379702 0.45155 0.10025937514253135 0.3918781254275941 0.08124218700114025
0 0.5771281254275941 0.27693750057012545 0.6059249999999999 0.2527046875712657 0.577425 0.224825 0.548925 0.24202812542759408 0.5771281254275941 0.27693750057012545
0 0 0.09636562485746865 0.04720312542759407 0.11508906271379704 0.05848437514253135 0.07356718700114025 0.004453125427594071 0.05814375028506272 0 0.09636562485746865
0 0.10598437514253135 0.14973593728620296 0.08164062485746865 0.19991249942987457 0.11786093728620296 0.21592812542759407 0.14042343785632838 0.16610156214367158 0.10598437514253135 0.14973593728620296
0 0.33992343785632845 0.10619062485746864 0.3562515621436716 0.07145781299885974 0.3013296875712657 0.05577031242873432 0.286485937286203 0.0925484378563284 0.33992343785632845 0.10619062485746864
0 0.8279906248574687 0 0.8262078129988597 0.014248437856328391 0.8796453124287343 0.02314687457240593 0.8799421870011402 0 0.8279906248574687 0
0 0.44442499999999996 0.634525 0.45155 0.6186953124287343 0.43492499999999995 0.615728125427594 0.43136093728620295 0.628778125427594 0.44442499999999996 0.634525
0 0.42394062485746864 0.6033921870011402 0.43432968757126567 0.5872562497149373 0.4034546875712657 0.5635296875712656 0.39455 0.5783593751425313 0.42394062485746864 0.6033921870011402
0 0.4462062497149373 0.5713703124287344 0.4545187502850627 0.556410937286203 0.42423749942987454 0.5392093751425313 0.4183 0.5528515621436716 0.4462062497149373 0.5713703124287344
0 0.3900953124287343 0.5660328129988598 0.401675 0.556410937286203 0.3862375005701254 0.5463281254275941 0.3797062497149373 0.5558187502850627 0.3900953124287343 0.5660328129988598
0 0.4663937502850627 0.5415812497149373 0.4758937502850627 0.5309046875712656 0.46104999999999996 0.5202265621436716 0.4545187502850627 0.5326843751425313 0.4663937502850627 0.5415812497149373
0 0.309939062713797 0.4148125005701255 0.31201718700114023 0.4288781254275941 0.3464546875712657 0.42769218700114026 0.34348593728620297 0.41286250057012547 0.309939062713797 0.4148125005701255
0 0.7873171870011403 0.25114218700114027 0.7899890627137971 0.2663484378563284 0.8505531254275941 0.26160312542759406 0.8511453124287343 0.2467734378563284 0.7873171870011403 0.25114218700114027
0 0.4462062497149373 0.2742687502850627 0.44086093728620296 0.2859234378563284 0.4545187502850627 0.2936343751425313 0.46104999999999996 0.27880468757126564 0.4462062497149373 0.2742687502850627
0 0.43640937514253136 0.2973968745724059 0.43432968757126567 0.31142968757126566 0.4450187502850627 0.31617500000000004 0.45214375028506276 0.303125 0.43640937514253136 0.2973968745724059
0 0.4355187502850627 0.3231937502850627 0.4319562497149373 0.33456250057012543 0.4462062497149373 0.33930937514253134 0.4485812497149373 0.3274453124287343 0.4355187502850627 0.3231937502850627
0 0.7980046875712656 0.26804218700114024 0.7935531254275942 0.2799906248574687 0.8214593751425314 0.2871093751425314 0.8273953124287343 0.27880468757126564 0.7980046875712656 0.26804218700114024
0 0.4414562497149373 0 0.42601875028506275 0.04034843785632839 0.4604562497149373 0.05280624971493729 0.47648750057012546 0 0.4414562497149373 0