0 0.13031403762827823 0.18486244925883694 0.08763821094640821 0.19982498631698972 0.10771116989737742 0.23618179931584948 0.14470629418472064 0.2218172930444698 0.13031403762827823 0.18486244925883694
0 0.3725475564424173 0.13367039110604334 0.35952598517673884 0.09690976282782213 0.30645320752565564 0.10621716305587228 0.3153829703534778 0.152187007981756 0.3725475564424173 0.13367039110604334
0 0.1189259771949829 0.33556762713797034 0.0988528015963512 0.2992123614595211 0.0579591881413911 0.32141053933865454 0.07528879475484607 0.35738179931584946 0.1189259771949829 0.33556762713797034
0 0.435674 0.5505551755986317 0.45731229418472064 0.5857324241733181 0.4903838494868871 0.5694216727480046 0.46147707525655646 0.526234582668187 0.435674 0.5505551755986317
0 0.738294511972634 0.6769234937286204 0.7695842896237173 0.6533740057012543 0.7338183614595212 0.6092229270239452 0.7003614697833523 0.6282754823261117 0.738294511972634 0.6769234937286204
0 0.9142959042189281 0.1413418472063854 0.8831990114025086 0.16351888369441275 0.8961957206385405 0.19049804789053593 0.9282801630558724 0.17125260547320412 0.9142959042189281 0.1413418472063854
0 0.25914637058152795 0.7912310809578108 0.26899040022805015 0.8107788437856328 0.30990844127708095 0.7983652246294184 0.2910396921322691 0.7733567605473204 0.25914637058152795 0.7912310809578108
0 0.8119277822120866 0.26249273888255414 0.7997013090079818 0.23003306043329533 0.7734902360319271 0.2473095678449259 0.7857169270239454 0.2797677001140251 0.8119277822120866 0.26249273888255414
0 0.9386959429874573 0.664565590649943 0.9408142006841506 0.649493401368301 0.8789076054732041 0.6519705256556442 0.8873791858608894 0.6713254025085519 0.9386959429874573 0.664565590649943
0 0.5061466681870012 0.6862161311288484 0.4850145188141391 0.6972181128848347 0.5070361653363741 0.7296564321550741 0.518975354618016 0.7243492098061575 0.5061466681870012 0.6862161311288484
0 0.4761807023945268 0.6903878358038769 0.4638561767388826 0.6984368631698974 0.49100693158494874 0.7441715416191563 0.5050874766248575 0.7335749258836943 0.4761807023945268 0.6903878358038769
0 0.4490051778791334 0.7145155427594071 0.4824619464082098 0.775108385404789 0.4934140216647662 0.7668664720638539 0.4630859407069555 0.703917378563284 0.4490051778791334 0.7145155427594071