0 0.8925330011402508 0.9202208164196123 0.8969970695553021 0.9625180011402509 0.9281017012542759 0.956481109464082 0.9281177103762829 0.9134898540478905 0.8925330011402508 0.9202208164196123
0 0.7705763409350056 0.9248642930444698 0.7796702337514253 0.9536726522234892 0.8127014789053592 0.9435489475484606 0.8040857525655645 0.9180608608893956 0.7705763409350056 0.9248642930444698
0 0.6360772554161915 0.9314446647662487 0.6090212257696693 0.9405919327251996 0.6123070718358038 0.9656343614595212 0.6468606898517674 0.9544037366020525 0.6360772554161915 0.9314446647662487
0 0.6041376989737742 0.46796483808437855 0.5956371402508552 0.43917876282782214 0.5615464606613455 0.44570392702394523 0.5672455370581528 0.478110062713797 0.6041376989737742 0.46796483808437855
0 0.8994203329532497 0.5358489064994298 0.912624992018244 0.5659874766248575 0.9379820182440137 0.5544091220068414 0.925848590649943 0.5191141698973775 0.8994203329532497 0.5358489064994298
0 0.4626072326111745 0.6078450832383124 0.4326479874572406 0.6151086328392247 0.4397961060433295 0.6485972485746865 0.4733777913340935 0.639679425313569 0.4626072326111745 0.6078450832383124
0 0.4458344982896237 0 0.41535891676168757 0.004348818700114025 0.41818363169897377 0.051013326111744584 0.4549777822120867 0.043719543899657924 0.45124925769669333 0 0.4458344982896237 0
0 0.7976542234891676 0.04737631927023945 0.8042366681870011 0.06303745838084378 0.8398054606613455 0.04825572405929304 0.8343684595210946 0.0338196818700114 0.7976542234891676 0.04737631927023945
0 0.8448975689851768 0.05555507069555302 0.8045195051311289 0.07195119726339795 0.8109512884834664 0.08342014937286203 0.8467551356898517 0.07045866476624857 0.8448975689851768 0.05555507069555302
0 0.8510659623717218 0.08307304446978335 0.8103222303306727 0.09292742417331812 0.8136439635119725 0.1084356111744584 0.8510796921322691 0.09969302394526795 0.8510659623717218 0.08307304446978335
0 0.3631315872291904 0.6833131562143672 0.36668497947548456 0.7006492907639681 0.40323360433295324 0.6918350741163056 0.3982657229190422 0.6724717765108323 0.3631315872291904 0.6833131562143672
0 0.30553002508551885 0.6824867616875713 0.3152188677309008 0.7113158962371722 0.3405345051311288 0.7009227559863169 0.3322754549600912 0.6737273272519955 0.30553002508551885 0.6824867616875713