0 0.5073302976054732 0.8053640410490308 0.542693441277081 0.8150589179019385 0.5653064059293044 0.7020661311288483 0.5286381391106043 0.6934281197263399 0.5073302976054732 0.8053640410490308
0 0.5143022428734322 0.43398491562143676 0.5910018768529076 0.451909779931585 0.5965016191562144 0.4052635017103763 0.5274177046750285 0.3872435518814139 0.5143022428734322 0.43398491562143676
0 0.6695607970353479 0.38544639338654507 0.6787231527936145 0.3379894583808438 0.6097652462941848 0.31878556898517674 0.6013783534777651 0.3645298038768529 0.6695607970353479 0.38544639338654507
0 0.1243961527936146 0.48446296921322696 0.17851230216647662 0.5006128050171037 0.18242721892816421 0.4633648517673888 0.13256420638540478 0.4497547525655644 0.1243961527936146 0.48446296921322696
0 0.8096291402508552 0.7211704036488028 0.8493091778791334 0.7295248004561002 0.8631620615735461 0.6544663306727481 0.8257491277080958 0.6415677662485747 0.8096291402508552 0.7211704036488028
0 0.7211742702394527 0.8825348848346637 0.7785972497149373 0.897238078677309 0.7912100193842645 0.8226478597491448 0.7381474925883695 0.8110927023945268 0.7211742702394527 0.8825348848346637
0 0.5691190011402508 0.7849578061573547 0.5759191539338655 0.7327702269099202 0.5607401676168757 0.7284851174458381 0.550830677309008 0.7830356259977196 0.5691190011402508 0.7849578061573547
0 0.4471599578107184 0.9111226351197262 0.47934684606613454 0.91839096009122 0.48580592132269096 0.8909737343215507 0.4552862223489168 0.8805938836944128 0.4471599578107184 0.9111226351197262
0 0.09018725313568986 0.8099389064994299 0.0737308802736602 0.8052210262257697 0.06792173432155074 0.8434655005701255 0.08130438768529077 0.8466647058152793 0.09018725313568986 0.8099389064994299
0 0.06988786431014823 0.798839047890536 0.05662323717217788 0.7920654104903078 0.0462826818700114 0.8280409817559864 0.06196059863169897 0.8320784492588369 0.06988786431014823 0.798839047890536
0 0.2051014275940707 0.7753911402508551 0.1659465473204105 0.7614123876852907 0.16011064766248573 0.789193621436716 0.1961576237172178 0.8037428209806158 0.2051014275940707 0.7753911402508551
0 0.2443463637400228 0.7878852337514254 0.2265565929304447 0.7812345758266819 0.20835463283922462 0.863605062713797 0.22630087913340935 0.8631016351197263 0.2443463637400228 0.7878852337514254
0 0.2227682976054732 0.7832260638540479 0.2051975575826682 0.7709188757126568 0.1932990969213227 0.8309398871151653 0.2095690661345496 0.835039582668187 0.2227682976054732 0.7832260638540479
0 0.6905133295324972 0.8784167594070695 0.7145755393386545 0.7410670285062714 0.688226590649943 0.729929929304447 0.6631592428734321 0.8719548916761687 0.6905133295324972 0.8784167594070695
0 0.8045184036488027 0.5484745142531358 0.8131851505131128 0.5057479384264538 0.7976906431014823 0.49993554275940705 0.7919748301026226 0.5429722736602053 0.8045184036488027 0.5484745142531358
0 0.7427940957810718 0.5342163340935006 0.7628508061573547 0.5363243797035347 0.772634763968073 0.49431381755986314 0.7563649600912201 0.49021256898517673 0.7427940957810718 0.5342163340935006