0 0.8592203078677308 0.6733124971493728 0.8063309692132269 0.6732478962371722 0.8057479087799315 0.7258064412770809 0.858438535917902 0.7297258289623717 0.8592203078677308 0.6733124971493728
0 0.6751618859749146 0.7025317514253137 0.6621927525655645 0.7335667901938426 0.6941546659064994 0.7542886191562144 0.7097433340935005 0.7188892155074116 0.6751618859749146 0.7025317514253137
0 0.9538321915621437 0.3124226864310148 0.9340177548460661 0.3182659817559863 0.9511156351197264 0.36550083808437855 0.9676279669327252 0.3598392862029646 0.9538321915621437 0.3124226864310148
0 0.8233747947548461 0.35539753021664766 0.78317013340935 0.3664699019384265 0.8135703911060432 0.44892483466362604 0.8461452348916763 0.4366932919042189 0.8233747947548461 0.35539753021664766
0 0.7411549076396807 0.3103428380843785 0.7496691755986318 0.3557942326111745 0.8005771163055873 0.3379647206385405 0.7909573899657925 0.29663506955530217 0.7411549076396807 0.3103428380843785
0 0.6518820364880274 0.484272275940707 0.6656439076396807 0.5156466704675028 0.7184973090079817 0.4937278745724059 0.6997253979475485 0.45861385518814135 0.6518820364880274 0.484272275940707
0 0.5337276932725199 0.3280520205245154 0.517548937286203 0.3488750752565564 0.5494279646522234 0.37197045724059297 0.5741215678449259 0.3407522953249715 0.5337276932725199 0.3280520205245154
0 0.017155612314709235 0 0.016164989737742302 0.02836772063854048 0.044604763968072975 0.05669157126567845 0.0853059110604333 0 0.017155612314709235 0
0 0.06319818814139111 0.08585824059293044 0.015937052451539337 0.03489499201824401 0.012227835803876853 0.14111306043329533 0.06319818814139111 0.08585824059293044
0 0.13820507753705816 0.38850562029646524 0.15778754503990877 0.35532351197263395 0.11934852907639681 0.32308737286202965 0.09313087001140252 0.3518789908779931 0.13820507753705816 0.38850562029646524
0 0.2558489726339795 0.542330038768529 0.2230314982896237 0.5631661676168757 0.2515407753705815 0.6146612462941847 0.28829198403648804 0.5892111539338655 0.2558489726339795 0.542330038768529
0 0.5427800649942988 0.46026254618015966 0.5095823945267959 0.45791503306727477 0.5099677947548461 0.4935752063854048 0.5414331619156214 0.4988327844925884 0.5427800649942988 0.46026254618015966
0 0.12226539338654503 0 0.07867246750285063 0.08520882668187 0.13169022120866591 0.11557761915621437 0.18100072748004561 0.013924107183580387 0.15279570353477767 0 0.12226539338654503 0
0 0.7167620216647662 0.8727138072976055 0.7689226522234891 0.9446405028506271 0.8294849236031926 0.9137821721778792 0.7841580296465223 0.8316955940706955 0.7167620216647662 0.8727138072976055