0 0.5833624994298745 0.5344625005701255 0.5803937502850627 0.5682734378563284 0.6160203124287343 0.5641218745724059 0.6195828129988598 0.53565 0.5833624994298745 0.5344625005701255
0 0.7187390627137971 0.5073234378563284 0.7151765621436715 0.5398015621436716 0.7798953124287343 0.5451406248574686 0.7822703124287343 0.5119234378563284 0.7187390627137971 0.5073234378563284
0 0.9318968745724059 0.5077703124287344 0.9283343751425313 0.5641218745724059 0.998753125427594 0.5682734378563284 0.998753125427594 0.5125156248574686 0.9318968745724059 0.5077703124287344
0 0.7116140627137971 0.1666953124287343 0.7585203124287343 0.1666953124287343 0.759114062713797 0.12279999999999999 0.7175515621436717 0.12220624971493728 0.7116140627137971 0.1666953124287343
0 0.7757390627137971 0.16610156214367158 0.8570828129988597 0.1678812497149373 0.8606453124287343 0.12754531242873432 0.7769265621436716 0.1269515621436716 0.7757390627137971 0.16610156214367158
0 0.8674734378563285 0.11415624971493729 0.8642078129988597 0.1494937502850627 0.9081453124287343 0.15364531242873433 0.9069593751425313 0.11568124971493729 0.8674734378563285 0.11415624971493729
0 0.9182406248574686 0.07857343785632839 0.9128968745724059 0.13110468757126567 0.998753125427594 0.13644375028506273 0.998753125427594 0.08483750057012543 0.9182406248574686 0.07857343785632839
0 0.11667187457240594 0.07679531242873433 0.11192343785632838 0.11983437514253135 0.16714218700114025 0.12161406271379704 0.17367343785632838 0.07653124971493729 0.11667187457240594 0.07679531242873433
0 0.44739375028506273 0.2580437502850627 0.4462062497149373 0.22000937514253135 0.4052374994298746 0.21770781299885975 0.4028609372862029 0.25685781299885974 0.44739375028506273 0.2580437502850627
0 0.6047375005701254 0.31518750057012546 0.5970203124287343 0.3499859372862029 0.6326453124287342 0.3499859372862029 0.6403625005701253 0.3179546875712657 0.6047375005701254 0.31518750057012546
0 0.0855 0.7919703124287343 0.08223437514253136 0.8251203124287343 0.12557812542759406 0.8257125005701254 0.13151562485746865 0.7913093751425314 0.0855 0.7919703124287343
0 0.07986093728620297 0.895114062713797 0.12557812542759406 0.8957078129988597 0.12854687457240593 0.8624890627137971 0.08045312542759407 0.8642687502850628 0.07986093728620297 0.895114062713797
0 0.27253281299885973 0.7884125005701255 0.2704546875712657 0.8452875005701255 0.30786093728620295 0.8452875005701255 0.3084546875712657 0.7919015621436716 0.27253281299885973 0.7884125005701255
0 0.8986453124287344 0.9449687502850627 0.8944906248574687 0.9787515621436716 0.9538656248574687 0.9834968745724059 0.957428125427594 0.944346874572406 0.8986453124287344 0.9449687502850627
0 0.2989546875712657 0.5973406248574687 0.33398593728620296 0.5973406248574687 0.336360937286203 0.5801375005701255 0.2977687502850627 0.5813234378563283 0.2989546875712657 0.5973406248574687
0 0.7160671870011402 0.21200312542759406 0.713989062713797 0.2295718745724059 0.7484265621436716 0.2295718745724059 0.7490203124287343 0.21474218700114026 0.7160671870011402 0.21200312542759406
0 0.7151765621436715 0.1922015621436716 0.7508015621436717 0.1922015621436716 0.754364062713797 0.17618593728620294 0.7151765621436715 0.1749984378563284 0.7151765621436715 0.1922015621436716
0 0.8291765621436716 0.3440531254275941 0.8279906248574687 0.3594765621436716 0.8772703124287344 0.3642218745724059 0.883803125427594 0.3499859372862029 0.8291765621436716 0.3440531254275941