0 0.43640937514253136 0.589003125427594 0.43432968757126567 0.6197625005701254 0.5732687502850627 0.6280765621436716 0.5738625005701254 0.5971937502850627 0.43640937514253136 0.589003125427594
0 0.8178953124287343 0.7634906248574687 0.8677703124287344 0.7623031254275942 0.8772703124287344 0.7171640627137971 0.8250218745724059 0.7165703124287343 0.8178953124287343 0.7634906248574687
0 0.9458484378563284 0.711910937286203 0.941396874572406 0.7385468745724059 0.998753125427594 0.739139062713797 0.998753125427594 0.7141953124287344 0.9458484378563284 0.711910937286203
0 0.998753125427594 0.7581453124287343 0.9351625005701254 0.7484265621436716 0.9336781254275941 0.7866531254275941 0.998753125427594 0.789621874572406 0.998753125427594 0.7581453124287343
0 0.7110203124287343 0.9006843751425314 0.7674265621436717 0.9042484378563285 0.7674265621436717 0.8703953124287342 0.7157703124287342 0.8668312497149373 0.7110203124287343 0.9006843751425314
0 0.22622031242873433 0.8936 0.22711093728620296 0.9315687502850628 0.28411093728620296 0.9339437502850627 0.2894546875712657 0.8989031254275941 0.22622031242873433 0.8936
0 0.10242343785632839 0.8347609372862029 0.10420312542759406 0.8000828129988597 0 0.7973421870011402 0.00029687457240592933 0.8341656248574687 0.10242343785632839 0.8347609372862029
0 0.4058296875712657 0.26578906271379704 0.51805 0.2717296875712657 0.5210187502850627 0.2556937502850627 0.4034546875712657 0.2521296875712657 0.4058296875712657 0.26578906271379704
0 0.5192375005701254 0.4055343751425313 0.5192375005701254 0.41605000000000003 0.5833624994298745 0.42020624971493725 0.5857375005701254 0.40773593728620294 0.5192375005701254 0.4055343751425313
0 0.5043937502850627 0.08642812542759407 0.5043937502850627 0.10068124971493728 0.57505 0.11137187457240594 0.5958312497149373 0.09889843785632839 0.5043937502850627 0.08642812542759407
0 0.8137390627137971 0.19927187457240594 0.8060218745724059 0.24500312542759406 0.8618328129988597 0.24381562485746863 0.8683656248574686 0.21055624971493728 0.8137390627137971 0.19927187457240594
0 0.7389265621436716 0.05197968757126568 0.7775203124287343 0.052575 0.778114062713797 0.013970312428734321 0.7413015621436717 0.014564062713797036 0.7389265621436716 0.05197968757126568
0 0.8469906248574687 0.44574531242873433 0.825614062713797 0.4456125005701254 0.8155218745724059 0.4825687502850627 0.8487703124287344 0.4825687502850627 0.8469906248574687 0.44574531242873433
0 0.8567875005701254 0.569410937286203 0.8511453124287343 0.6007578129988598 0.8867703124287344 0.6031328129988598 0.8873656248574686 0.5740312497149372 0.8567875005701254 0.569410937286203
0 0.8980531254275941 0.9262234378563284 0.8938968745724059 0.9493859372862029 0.9277406248574686 0.9523546875712656 0.9324906248574686 0.9321624994298746 0.8980531254275941 0.9262234378563284
0 0.26095468757126566 0.6257015621436716 0.1781265621436716 0.6201765621436717 0.19029843785632838 0.68925 0.25739218700114025 0.6916265621436717 0.26095468757126566 0.6257015621436716