0 0.5543680581527937 0.9067281619156214 0.5402205553021665 0.9429247069555302 0.6183166214367161 0.9679339030786772 0.6302934720638541 0.9283624925883694 0.5543680581527937 0.9067281619156214
0 0.6439203842645381 0.8878817639680731 0.63733603990878 0.9180671277080957 0.6956470832383125 0.9351508768529077 0.7054039418472065 0.8982193717217788 0.6439203842645381 0.8878817639680731
0 0.5269597149372862 1 0.5438267879133409 0.9543055245153933 0.4873779509692132 0.9387585724059292 0.4701654002280502 0.9942870843785633 0.48957886431014824 1 0.5269597149372862 1
0 0.4118444230330673 0.9412086271379704 0.3969234150513113 0.9784833808437856 0.4414889007981756 0.9912607069555303 0.45138068415051313 0.9534773215507412 0.4118444230330673 0.9412086271379704
0 0.36521113226909924 0.920611551881414 0.35720513340935006 0.9559773614595212 0.3983903261117446 0.9673239030786773 0.40795824059293045 0.9315853409350058 0.36521113226909924 0.920611551881414
0 0.4564073660205245 0.6864179099201825 0.44661217217787913 0.7178981790193844 0.5237881539338655 0.744921046750285 0.5365935051311289 0.7039241938426454 0.4564073660205245 0.6864179099201825
0 0.2443073283922463 0.6288038301026225 0.22511810376282781 0.6930270433295325 0.26636934663626 0.7077520729760548 0.28834983124287344 0.6429853819840365 0.2443073283922463 0.6288038301026225
0 0.041743295324971494 0.4844131448118586 0.03123165678449259 0.5355989441277081 0.1037162748004561 0.5505011949828963 0.11412043785632839 0.5018817423033067 0.041743295324971494 0.4844131448118586
0 0.7359774732041049 0.6634349783352338 0.7216429042189281 0.7008026157354618 0.7805311003420752 0.7180378905359179 0.7913478574686431 0.6782099692132268 0.7359774732041049 0.6634349783352338
0 0.7651207753705815 0.8362102063854048 0.7547986476624857 0.874812921322691 0.796872205245154 0.8881415860889396 0.811696102622577 0.8495921984036487 0.7651207753705815 0.8362102063854048
0 0.694306527936146 0.7595321334093501 0.6823847160775371 0.7816662212086658 0.7259227023945268 0.7895443683010263 0.7339356716077536 0.7712143888255416 0.694306527936146 0.7595321334093501
0 0.5755435701254276 0.7160984606613455 0.5515677400228051 0.7915755005701255 0.6042417023945268 0.8062951835803877 0.6314090535917901 0.7315530193842645 0.5755435701254276 0.7160984606613455
0 0.826304873432155 0.4423179794754846 0.8148728722919042 0.4765415952109464 0.905373661345496 0.4991508312428734 0.9173848415051311 0.4669537069555302 0.826304873432155 0.4423179794754846
0 0.6904811835803877 0.3775638677309008 0.668726810718358 0.45039174116305586 0.7217569064994299 0.46286289167616873 0.7468386807297606 0.393697503990878 0.6904811835803877 0.3775638677309008
0 0.5875157343215508 0.0711813204104903 0.5801591835803876 0.10244667958950969 0.6071696567844926 0.11599193956670467 0.621373361459521 0.08134830444697833 0.5875157343215508 0.0711813204104903
0 0.22154569783352338 0.10450374800456101 0.2527159087799316 0.12025185290763968 0.26707636145952107 0.09790285746864309 0.23217211516533637 0.07916189737742303 0.22154569783352338 0.10450374800456101
0 0.20091210148232613 0.24237018129988597 0.20049840364880273 0.2753363329532497 0.2655627217787913 0.29154228278221206 0.27301083922462943 0.26159655530216647 0.20091210148232613 0.24237018129988597
0 0.03990674002280502 0.2492999612314709 0.02983338654503991 0.2825364629418472 0.08258189965792474 0.29678545153933866 0.09098627708095781 0.2645976510832383 0.03990674002280502 0.2492999612314709
0 0.743163913340935 0.03354165336374002 0.594208165336374 0.009949379703534779 0.5790309156214367 0.06022853021664767 0.7219542451539338 0.09724711174458381 0.743163913340935 0.03354165336374002
0 1 0.3559131265678449 0.9673379885974914 0.3451434139110604 0.9543620661345497 0.381523937286203 1 0.3958320547320411 1 0.3559131265678449
0 0.1490620205245154 0.8809712816419613 0.1424517890535918 0.8961380034207527 0.21857537856328393 0.9127255769669327 0.22347688711516533 0.8969607502850627 0.1490620205245154 0.8809712816419613