0 0.948890748004561 0.35520155644241735 0.9792963010262258 0.33836118472063853 0.9685260353477765 0.2817569464082098 0.9274335712656785 0.30119010376282784 0.948890748004561 0.35520155644241735
0 0.8172827286202964 0.534148976054732 0.845741897377423 0.5164161619156215 0.8303238358038768 0.491205189281642 0.8015929087799316 0.5086804709236032 0.8172827286202964 0.534148976054732
0 0.9213176921322691 0.7088391106043329 0.9695669122006842 0.6831626499429875 0.9436080729760546 0.6331705210946408 0.8962254857468642 0.6605131744583808 0.9213176921322691 0.7088391106043329
0 0.9083272748004562 0.9381333147092361 0.884216725199544 0.8770277240592931 0.8348411037628278 0.9064894960091221 0.8541073044469784 0.9488850581527936 0.9083272748004562 0.9381333147092361
0 0.5759706795895096 0.9240456476624856 0.6243710661345496 0.8917325815279362 0.6013582098061574 0.8442796100342075 0.5489622850627138 0.8712124139110604 0.5759706795895096 0.9240456476624856
0 0.45347912998859746 0.41262517673888255 0.4864221539338654 0.40801024629418475 0.4819250148232611 0.36062884720638544 0.44634368643101485 0.3665649521094641 0.45347912998859746 0.41262517673888255
0 0.45630983124287344 0.4608716636259977 0.4881726134549601 0.4570273968072976 0.4864221539338654 0.40801024629418475 0.4487288164196123 0.41578373888255415 0.45630983124287344 0.4608716636259977
0 0.09939911174458381 0.13987467046750285 0.12598136031927024 0.20900489851767387 0.14988595781071837 0.19710482326111745 0.12261337628278221 0.13078753135689852 0.09939911174458381 0.13987467046750285
0 0 0.19455584948688712 0.035485132269099204 0.2792467331812999 0.051301173318129986 0.2749382645381984 0.008265477765108324 0.16813687913340936 0 0.17498520980615737 0 0.19455584948688712
0 0.34259806271379706 0.6123373979475485 0.369666283922463 0.6579473420752565 0.39466485176738886 0.6335472360319271 0.3686479749144812 0.5907796955530217 0.34259806271379706 0.6123373979475485
0 0.5030642941847207 0.6915239281641962 0.529701945267959 0.6698715553021665 0.5139399509692133 0.6387035438996579 0.48074609464082096 0.6577858301026225 0.5030642941847207 0.6915239281641962
0 0.693811771949829 0.4683413888255416 0.7170606351197263 0.4670637354618016 0.7116929509692133 0.4065948916761688 0.6936291641961231 0.4064501584948689 0.693811771949829 0.4683413888255416
0 0.47467468757126563 0.30346552451539344 0.5121247639680729 0.29693286316989737 0.5153275689851767 0.2555473090079818 0.4688813454960091 0.2592967605473204 0.47467468757126563 0.30346552451539344