0 0.45919394412770814 0.6261237229190422 0.48782246750285063 0.6241880809578108 0.4820769874572406 0.5884066510832383 0.4483207879133409 0.5919438768529076 0.45919394412770814 0.6261237229190422
0 0.5090952793614595 0.7833660843785634 0.5421553443557583 0.7793593112884835 0.5345484948688711 0.7161175883694413 0.5019873283922462 0.7188176590649943 0.5090952793614595 0.7833660843785634
0 0.5416098494868871 1 0.582880905359179 0.9919777194982896 0.5747822588369441 0.9254443580387685 0.5187862770809578 0.9326996966932725 0.5277971539338655 1 0.5416098494868871 1
0 0.9197110672748005 0.6823802542759407 0.9123634104903078 0.6414680809578107 0.8675588084378563 0.6441285838084378 0.8765089429874573 0.6901730330672747 0.9197110672748005 0.6823802542759407
0 0.934426015963512 0.7829515370581528 0.9190345667046751 0.7006576431014824 0.8803772770809578 0.706962134549601 0.8941514059293045 0.7871509509692132 0.934426015963512 0.7829515370581528
0 0.9178689737742304 0.8345589429874573 0.9549092417331814 0.8261509110604334 0.9488719509692133 0.7870994572405928 0.9135605895096921 0.7906365438996579 0.9178689737742304 0.8345589429874573
0 1 0.8868501596351198 0.993487842645382 0.8301443876852908 0.9409021049030787 0.834922251995439 0.9520432805017104 0.9202198232611174 1 0.9108979806157355 1 0.8868501596351198
0 0.8079216567844926 0.10105828164196123 0.8534223933865451 0.09886732953249715 0.8422867708095781 0.04296343101482326 0.7991324127708095 0.04651447662485747 0.8079216567844926 0.10105828164196123
0 0.7590241470923603 0.3531146647662486 0.7201399737742303 0.3582519395667047 0.727473086659065 0.40219284606613454 0.7645820775370582 0.3937698620296465 0.7590241470923603 0.3531146647662486
0 0.6725678004561003 0.601584212086659 0.705483054732041 0.6030477628278221 0.7014018301026226 0.5675492907639681 0.6657702303306727 0.5666137434435576 0.6725678004561003 0.601584212086659
0 0.10882869327251996 0.19460618472063854 0.14373266476624857 0.1938701698973774 0.13430367616875713 0.148826094640821 0.10113962371721778 0.15194578677309006 0.10882869327251996 0.19460618472063854
0 0.0732942850627138 0.2045376887115165 0.062370574686431014 0.15766713797035348 0.03197898289623717 0.1629713922462942 0.04011939224629419 0.2079619201824401 0.0732942850627138 0.2045376887115165
0 0.12439454161915622 0.3772750342075257 0.17691292360319272 0.36767135803876855 0.1734836636259977 0.3317437251995439 0.11725709236031927 0.34055604218928165 0.12439454161915622 0.3772750342075257
0 0.14415462029646522 1 0.13927169099201825 0.9762251151653363 0.10531681185860889 0.9785928255416192 0.10772957924743444 1 0.14415462029646522 1
0 0.3901110456100342 0.35465840364880274 0.3815831607753706 0.3170015518814139 0.3660865427594071 0.32122192360319274 0.37277081984036486 0.3556095496009122 0.3901110456100342 0.35465840364880274
0 0.812861621436716 0.6922621470923603 0.8275321391106043 0.6900153511972634 0.8239331231470923 0.6571450296465222 0.8062906374002281 0.658457361459521 0.812861621436716 0.6922621470923603
0 0.8663996374002281 0.6879040421892816 0.860087992018244 0.6492099407069556 0.8432009372862029 0.6524924515393385 0.8499985074116306 0.6874629201824402 0.8663996374002281 0.6879040421892816
0 0.7052700684150512 0.8444311060433296 0.7204909703534778 0.8481275484606614 0.7158915404789054 0.7933725952109465 0.7005251881413911 0.7951513774230331 0.7052700684150512 0.8444311060433296