0 0.06903567844925883 0.09475062713797035 0.09547710034207527 0.1008913181299886 0.12040105245153934 0.03382257126567845 0.10299345952109465 0.024883653363740023 0.06903567844925883 0.09475062713797035
0 0.03269278905359179 0.06192704104903079 0.057198386545039906 0.07094066818700114 0.07763404675028507 0.021473645381984038 0.05192073204104903 0.012396724059293044 0.03269278905359179 0.06192704104903079
0 0.05877352223489168 0 0.0577451197263398 0.003783496009122007 0.08296795210946409 0.010456451539338656 0.08468779475484607 0 0.05877352223489168 0
0 0.8456605267958951 0.9476320638540479 0.9141491151653364 0.9571670467502851 0.9214407947548461 0.9087933055872291 0.8519700763968073 0.8962340273660205 0.8456605267958951 0.9476320638540479
0 0.9485823774230331 0.9696737844925883 0.9729922303306727 0.9691693557582669 0.9770817388825541 0.9265750102622576 0.961090850627138 0.924250550741163 0.9485823774230331 0.9696737844925883
0 0.4204496431014823 0.8450798882554161 0.44648285062713794 0.8476349258836944 0.46354081870011404 0.7718284675028506 0.43860426339794756 0.7684406214367161 0.4204496431014823 0.8450798882554161
0 0.2367811721778791 0.7296216921322691 0.2855738848346636 0.7405027172177879 0.29671093272519955 0.709574449258837 0.24095334435575827 0.69386917331813 0.2367811721778791 0.7296216921322691
0 0 0.9732336978335233 0.010478561003420752 0.9737828563283922 0.0217880661345496 0.939534062713797 0 0.9334435062713797 0 0.9732336978335233
0 0.17061504903078678 0.9821752531356899 0.2145048164196123 0.9844754184720639 0.22291431128848346 0.9601822451539339 0.18839529418472062 0.9479682953249715 0.17061504903078678 0.9821752531356899
0 0.04219043329532497 0.7545029486887115 0.07437624857468643 0.7645136431014824 0.09625141847206385 0.7329590068415052 0.05666618472063854 0.721668677309008 0.04219043329532497 0.7545029486887115
0 0.12130153135689853 0.5386584332953249 0.1591646305587229 0.5311297172177879 0.1569391345496009 0.4941500649942987 0.11634859293044471 0.5018331242873432 0.12130153135689853 0.5386584332953249
0 0.1166060228050171 0.4807395632839224 0.11979482782212086 0.49933819270239455 0.14894565108323832 0.48778549486887113 0.1474750638540479 0.47046604446978335 0.1166060228050171 0.4807395632839224
0 0.6357249395667046 0.6411279555302167 0.6860142702394526 0.6461417662485747 0.6938692075256556 0.5983952405929305 0.6428904002280502 0.5802648677309008 0.6357249395667046 0.6411279555302167
0 0.49939770923603194 0 0.47922232497149375 0.03003413340935006 0.5265193819840365 0.05807915507411631 0.544866449258837 0.025745053591790194 0.5010436271379703 0 0.49939770923603194 0
0 0.5596067753705816 0.9700982063854048 0.6174193899657925 0.9790736841505131 0.623746717217788 0.9377857480045609 0.5649337286202964 0.9275671482326112 0.5596067753705816 0.9700982063854048