0 0.5391176145952109 0 0.4954818985176739 0.003134689851767389 0.4923775518814139 0.016316685290763966 0.58343696009122 0.020861839224629416 0.5842491128848347 0 0.5391176145952109 0
0 0.44673767616875715 0.22353103534777652 0.44423285860889394 0.2539260307867731 0.5010622919042189 0.2650150923603193 0.5115321755986317 0.2330771174458381 0.44673767616875715 0.22353103534777652
0 0.6477808962371722 0.5534641527936146 0.6365182166476625 0.6222006488027366 0.6742267901938426 0.6302051402508552 0.6871119133409349 0.5568451413911061 0.6477808962371722 0.5534641527936146
0 1 0.6272617594070695 0.9658579874572406 0.6279337867730901 0.9617196168757126 0.6625446111744583 1 0.663263157354618 1 0.6272617594070695
0 0.9111947822120867 0.6108248335233752 0.8797244811858609 0.6113296887115165 0.8761665324971494 0.662561630558723 0.9072956488027365 0.6692996567844927 0.9111947822120867 0.6108248335233752
0 0.7979564618015964 0.515534370581528 0.7582616636259978 0.5187044424173318 0.7607173648802736 0.5550002246294186 0.8011269692132269 0.5552416590649943 0.7979564618015964 0.515534370581528
0 0.7584393979475484 0.77899117331813 0.7599761698973774 0.7379328415051312 0.719687929304447 0.7411220741163056 0.7195334754846066 0.7792319304446979 0.7584393979475484 0.77899117331813
0 0.7649459475484606 0.7781698483466363 0.7661274047890536 0.8120023511972635 0.7973549441277081 0.813052228050171 0.8148942280501711 0.7793977388825543 0.7649459475484606 0.7781698483466363
0 0.9082703432155074 0.7482058962371722 0.8315765849486888 0.7467237537058152 0.8308665678449259 0.7604178129988598 0.9123488757126568 0.7629209578107183 0.9082703432155074 0.7482058962371722
0 1 0.7507195473204105 0.9374914218928164 0.7513442565564423 0.9401822930444698 0.768854763968073 1 0.7674744834663626 1 0.7507195473204105
0 0.8849496145952109 0.9481024868871151 0.825134023945268 0.9365220285062714 0.8190039509692133 0.9735991767388826 0.8807076909920182 0.979747929304447 0.8849496145952109 0.9481024868871151
0 0.7702468244013684 0.9639933614595211 0.7616464207525656 0.989920242873432 0.8025902132269099 0.9884904549600911 0.8001552462941847 0.9698015484606612 0.7702468244013684 0.9639933614595211
0 0.5160133352337515 0.982380307867731 0.5279278631698974 0.9492787080957811 0.4862378768529076 0.9293402713797035 0.47330239680729763 0.9672319828962371 0.5160133352337515 0.982380307867731
0 0.4145752953249715 0.9187691949828962 0.4289385632839225 0.8707245940706955 0.39877015963511975 0.8575162850627138 0.3798670558722919 0.911662102622577 0.4145752953249715 0.9187691949828962
0 0.4599167571265678 0.8221013500570126 0.47113429076396807 0.7860535290763969 0.43859384036488025 0.7729264903078678 0.4304676328392246 0.8124325952109464 0.4599167571265678 0.8221013500570126
0 0.33362471379703534 0.7783744298745724 0.3181912976054732 0.8127871356898517 0.36225852679589515 0.8327035324971493 0.3740880433295325 0.7971674777651083 0.33362471379703534 0.7783744298745724
0 0.319498251995439 0.5780031870011403 0.3126417092360319 0.619841401368301 0.3578108050171038 0.6287782805017104 0.3632524218928164 0.5889547354618015 0.319498251995439 0.5780031870011403
0 0.2728865165336374 0.8084265324971494 0.238586677309008 0.7959566077537058 0.21426784036488025 0.865147472063854 0.2533770034207526 0.8792333500570125 0.2728865165336374 0.8084265324971494
0 0.8637140843785633 0.8163195678449259 0.86009534663626 0.7807898403648803 0.829770378563284 0.7800664766248574 0.8304434606613454 0.8163541539338655 0.8637140843785633 0.8163195678449259
0 0.5872792428734321 0.14790357354618017 0.5143945267958951 0.15341932383124288 0.5160787856328392 0.16762388483466362 0.5890448255416192 0.16448174230330673 0.5872792428734321 0.14790357354618017
0 0.23537375256556442 0.10849057582668188 0.23026895096921324 0.1324395701254276 0.2476015952109464 0.13540053591790194 0.25571472748004564 0.11253314937286202 0.23537375256556442 0.10849057582668188
0 0.2612471448118586 0.08381632725199543 0.23918811516533636 0.08161452109464082 0.2361588095781072 0.10545195210946409 0.2532168449258837 0.10905570467502851 0.2612471448118586 0.08381632725199543
0 0 0.06099822234891676 0.01937646750285063 0.06492567046750285 0.01824415393386545 0.049513612314709236 0 0.04623696237172178 0 0.06099822234891676
0 0.06810438198403648 0.6777061938426454 0.1570036465222349 0.7055034002280502 0.16491882554161916 0.6939357423033067 0.07992300456100342 0.6588713181299886 0.06810438198403648 0.6777061938426454
0 0.7852832736602052 0.40781885290763964 0.7819041721778791 0.4471591847206386 0.8229946328392247 0.4498846214367161 0.8228325644241733 0.411262062713797 0.7852832736602052 0.40781885290763964
0 0.5953137491448118 0.36096859179019386 0.591767258836944 0.3955603090079817 0.6242182531356898 0.39757432497149375 0.625782259977195 0.36584729076396805 0.5953137491448118 0.36096859179019386
0 0.9817910570125428 0.06340883808437857 0.9448558221208666 0.06053673432155074 0.9460320148232612 0.12824474344355757 0.9864945336374003 0.13004622006841504 0.9817910570125428 0.06340883808437857
0 0.2423880205245154 0.7857208312428735 0.250687755986317 0.7681970627137971 0.1828191014823261 0.7471778403648802 0.17618256328392248 0.7612899236031927 0.2423880205245154 0.7857208312428735
0 0.26972532497149376 0.7859544161915621 0.2540485165336374 0.7793709555302166 0.24591329304446977 0.7930991721778791 0.26363337058152797 0.7986481915621436 0.26972532497149376 0.7859544161915621
0 0.14581006727480045 0.3338770399087799 0.1421952725199544 0.34945487229190425 0.1577063101482326 0.3512912257696693 0.16410177537058154 0.33878228278221206 0.14581006727480045 0.3338770399087799
0 0.16498879931584948 0.30468211516533633 0.1465937628278221 0.3053244834663626 0.1448228597491448 0.32262026111744585 0.16499806157354618 0.3219157274800456 0.16498879931584948 0.30468211516533633
0 0.4974820068415051 0.7239227217787914 0.4899983318129989 0.7818285484606613 0.5301308449258837 0.791193022805017 0.5406619486887115 0.7354884344355759 0.4974820068415051 0.7239227217787914