0 0.7819734378563284 0 0.780489062713797 0.04212812542759407 0.846396874572406 0.04865312542759407 0.8529281254275941 0 0.7819734378563284 0
0 0.5471453124287343 0.061109375142531355 0.47737812542759406 0.05633593728620296 0.4699562497149373 0.10975 0.5388312497149372 0.10915624971493729 0.5471453124287343 0.061109375142531355
0 0.3043 0.16550781299885975 0.3114234378563284 0.11034375028506271 0.2395796875712657 0.11093593728620296 0.23482968757126568 0.16076406271379703 0.3043 0.16550781299885975
0 0.24136093728620298 0.26626406271379705 0.23898593728620296 0.2995671870011402 0.2847046875712657 0.3001593751425314 0.2876734378563284 0.2645687502850627 0.24136093728620298 0.26626406271379705
0 0.19861093728620297 0.42192968757126564 0.19623593728620298 0.45379218700114027 0.22948593728620295 0.45379218700114027 0.23542343785632838 0.42116718700114025 0.19861093728620297 0.42192968757126564
0 0.5067687502850627 0.17143906271379702 0.5067687502850627 0.19457343785632839 0.5429875005701255 0.19576093728620297 0.5453625005701255 0.1749984378563284 0.5067687502850627 0.17143906271379702
0 0.8956765621436715 0.08127812542759408 0.8968656248574687 0.09492031242873432 0.949114062713797 0.09432812542759406 0.9479281254275941 0.08009062485746865 0.8956765621436715 0.08127812542759408
0 0.971678125427594 0.10975 0.8986453124287344 0.10526093728620296 0.9033968745724059 0.12279999999999999 0.9722718745724058 0.12457968757126568 0.971678125427594 0.10975
0 0.8478796875712657 0.48063750057012544 0.8523328129988597 0.5137031254275941 0.891521874572406 0.5137031254275941 0.8950828129988597 0.47573906271379707 0.8478796875712657 0.48063750057012544
0 0.8458015621436716 0.3612562497149373 0.9069593751425313 0.35888281299885977 0.9045828129988597 0.28888906271379705 0.844614062713797 0.2948203124287343 0.8458015621436716 0.3612562497149373
0 0.9657406248574686 0.2966 0.9031 0.299175 0.910521874572406 0.355325 0.9693031254275941 0.3523593751425314 0.9657406248574686 0.2966
0 0.6920203124287343 0.21378281299885976 0.6914265621436716 0.24736562485746863 0.7389265621436716 0.24795937514253136 0.7466453124287343 0.2135546875712657 0.6920203124287343 0.21378281299885976
0 0.09232968757126568 0.13703593728620295 0.08995312542759407 0.1494937502850627 0.12557812542759406 0.15423750057012542 0.12795312542759407 0.14118750057012544 0.09232968757126568 0.13703593728620295
0 0.017812500570125428 0.22000937514253135 0.01632812542759407 0.23431562485746862 0.03770312542759407 0.23550312542759405 0.03889062485746864 0.22245312542759405 0.017812500570125428 0.22000937514253135
0 0.016031249714937284 0.24224687457240593 0.013359375142531358 0.2556718745724059 0.03295312542759407 0.2598234378563284 0.03473437514253135 0.24499375028506273 0.016031249714937284 0.24224687457240593
0 0.014249999999999999 0.26715312542759406 0.011578125427594071 0.27880468757126564 0.02820312542759407 0.2859234378563284 0.03057812542759407 0.26812812542759407 0.014249999999999999 0.26715312542759406