0 0 0.9229287309007982 0.021376929304446977 0.9241140285062713 0.02773611288483466 0.8650061071835804 0 0.8650976898517673 0 0.9229287309007982
0 0.17878412884834663 0.9123746579247434 0.17634042873432154 0.8747162417331813 0.1525622907639681 0.8769600843785632 0.1516759589509692 0.9128903546180159 0.17878412884834663 0.9123746579247434
0 0.5671884196123147 0.7731057822120867 0.552320944127708 0.7797682736602052 0.5470693580387685 0.8432596784492588 0.5590278517673888 0.8424485381984036 0.5671884196123147 0.7731057822120867
0 0.855531472063854 0.7195833101482326 0.7883982018244013 0.7149619566704675 0.7810532029646522 0.7727130205245154 0.8486606864310149 0.7765077548460662 0.855531472063854 0.7195833101482326
0 0.7708586191562143 0.8029593683010263 0.7809105792474343 0.7546558950969213 0.7410075028506271 0.7525439270239453 0.7373710684150514 0.7982566123147092 0.7708586191562143 0.8029593683010263
0 0.7995147137970353 0.8381567571265679 0.7727520205245154 0.8327156602052452 0.7625416499429875 0.8858048358038768 0.7895777810718357 0.8879813272519955 0.7995147137970353 0.8381567571265679
0 0.8535385883694413 0.652539889395667 0.8477796009122006 0.688900709236032 0.8631336316989738 0.6943383055872292 0.8688634766248575 0.6543659623717218 0.8535385883694413 0.652539889395667
0 0.8469079122006842 0.6526935769669328 0.8331537343215508 0.6523170011402508 0.8286024686431014 0.681052558722919 0.8403070490307868 0.681405086659065 0.8469079122006842 0.6526935769669328
0 0.6783931459521094 1 0.6798914686431015 0.9905399612314709 0.6408788916761687 0.9852627035347776 0.6377912805017103 1 0.6783931459521094 1
0 0.15823778107183578 0 0.15646627822120865 0.014320591790193841 0.17141939110604332 0.018493968072976055 0.17434854732041047 0 0.15823778107183578 0
0 0.1597583797035348 0.023859275940706956 0.15752918928164195 0.037933834663625994 0.16983362485746864 0.03988266704675029 0.17289876282782213 0.020530149372862027 0.1597583797035348 0.023859275940706956
0 0.15050638084378565 0.025401241733181302 0.13360948232611175 0.022123884834663626 0.13128765222348915 0.036783339794754843 0.14761060091220068 0.03966921778791334 0.15050638084378565 0.025401241733181302