0 1 0.15093294526795895 0.9547500444697834 0.121635496009122 0.9454327263397947 0.1471314652223489 1 0.17539950513112884 1 0.15093294526795895
0 1 0.09398603762827822 0.9917580524515393 0.08956368985176738 0.9798251299885975 0.11278814139110604 1 0.12417760547320411 1 0.09398603762827822
0 0 0.8565266841505131 0.04289306385404789 0.8684800672748004 0.06382507867730901 0.8010577639680729 0.013579095781071837 0.7885313990877993 0 0.8394731596351197 0 0.8565266841505131
0 0 0.9174514275940707 0.018462977194982896 0.9215392269099202 0.02271890992018244 0.9059508129988597 0 0.8965884789053592 0 0.9174514275940707
0 0.16718703420752565 0.3789879407069556 0.16147839224629418 0.4045157194982896 0.23464095667046753 0.4306850228050171 0.24104255302166477 0.40634721550741165 0.16718703420752565 0.3789879407069556
0 0.30416817901938425 0.2107593204104903 0.2874219236031927 0.257862275940707 0.31676239224629416 0.2726855188141391 0.3391457434435576 0.21925753021664765 0.30416817901938425 0.2107593204104903
0 0.061560735461801595 0.11430785290763967 0.05392889851767389 0.15759015279361457 0.0770161345496009 0.16889755758266817 0.09334585290763968 0.13612434663625997 0.061560735461801595 0.11430785290763967
0 0.3031870285062713 0.014586769669327253 0.2893284891676169 0.04531267958950969 0.31798200912200686 0.07087033865450398 0.33401240820980616 0.03295611060433295 0.3031870285062713 0.014586769669327253
0 0.5077814538198404 0.11941301368301026 0.5106397012542759 0.15791140820980615 0.5476149327251996 0.1602091858608894 0.5449358848346636 0.11898487115165336 0.5077814538198404 0.11941301368301026
0 0.5658408437856328 0.12181103990877994 0.5469922291904219 0.12270947434435575 0.5549062223489167 0.1530509304446978 0.5722757958950969 0.15370201482326112 0.5658408437856328 0.12181103990877994
0 0.3433832816419612 0.6175140957810717 0.3322781151653364 0.6668175461801596 0.3787114697833523 0.680432771949829 0.40291945496009124 0.6320434903078678 0.3433832816419612 0.6175140957810717
0 0.9652520775370581 0.6023291607753706 0.9969778779931585 0.5608836374002281 0.9689949737742303 0.5366516305587229 0.9353949350057013 0.5801783135689852 0.9652520775370581 0.6023291607753706
0 0.026141596351197262 0.5018719156214367 0.010187434435575828 0.5581597673888256 0.05039650969213227 0.5694716670467502 0.06770644241733181 0.5123423945267959 0.026141596351197262 0.5018719156214367