0 0.7480315541619157 0.4743952964652223 0.7595647776510833 0.40898713568985173 0.6703992451539339 0.39607472291904217 0.6609515438996579 0.45763659635119724 0.7480315541619157 0.4743952964652223
0 0.8580999623717218 0.5921569144811858 0.924472503990878 0.6066700592930444 0.9318359509692132 0.5489562816419612 0.8588024538198404 0.5402941128848346 0.8580999623717218 0.5921569144811858
0 0.9656286282782213 0.5647502006841505 0.9939030353477765 0.5711414732041049 0.998468354618016 0.5452502622576967 0.9699535530216647 0.5402223329532497 0.9656286282782213 0.5647502006841505
0 0.1668324378563284 0.443571598631699 0.16266942759407071 0.47515349942987456 0.19926699885974916 0.4830123694412771 0.20784017901938426 0.44237274116305586 0.1668324378563284 0.443571598631699
0 1 0.4991534150513113 0.9683316670467502 0.4935694321550741 0.9630454367160776 0.5235491356898518 0.9941865564424174 0.5304458871151654 1 0.5042028757126568 1 0.4991534150513113
0 0.7551536362599771 0.38442455074116305 0.777305882554162 0.28272780843785633 0.6832657092360319 0.26554466590649944 0.6634829703534777 0.35722253477765104 0.7551536362599771 0.38442455074116305
0 0.27032829418472065 0.819150921322691 0.30427442303306723 0.8215222554161915 0.3050966488027366 0.8066103637400228 0.26967075598631696 0.8057836624857468 0.27032829418472065 0.819150921322691
0 0.27138929418472063 0.8302300410490309 0.27109018244013683 0.8421751995438997 0.3030777251995439 0.8454054161915622 0.3039684378563284 0.8335153876852907 0.27138929418472063 0.8302300410490309
0 0.27263416647662486 0.8539344595210947 0.2691379794754846 0.8635135051311288 0.3023647354618016 0.8699736009122007 0.3016038209806157 0.8571926100342075 0.27263416647662486 0.8539344595210947
0 0.26877266476624856 0.8758341220068415 0.2675294104903079 0.8897325062713797 0.2997228871151653 0.8917948004561004 0.3017827890535918 0.8801125188141392 0.26877266476624856 0.8758341220068415
0 1 0.40636935917901934 0.9760713979475485 0.40350609692132267 0.976970598631699 0.41551182212086657 1 0.4208845929304447 1 0.40636935917901934