0 0.6563211174458381 0.47818364424173315 0.6411987206385404 0.4055076716077537 0.6064613705815279 0.4104099578107184 0.6199701448118585 0.4861922257696693 0.6563211174458381 0.47818364424173315
0 0.7328184675028506 0.5393369076396808 0.7230469749144812 0.504250724059293 0.6485678460661345 0.5166482109464082 0.6550216328392247 0.5535903090079818 0.7328184675028506 0.5393369076396808
0 0.7920020273660205 0.5557889224629419 0.8642859988597492 0.5371327810718358 0.8603894846066135 0.5239376887115166 0.7877355233751425 0.5402478278221209 0.7920020273660205 0.5557889224629419
0 0.8028441299885974 0.05800175940706955 0.787665748004561 0.026772952109464083 0.7370171516533638 0.052812035347776516 0.7509372542759407 0.08178965222348916 0.8028441299885974 0.05800175940706955
0 0.2841133078677309 0.3095207537058153 0.2726751345496009 0.27529811630558726 0.19263322348916762 0.28677320638540477 0.20191094868871154 0.3263528928164196 0.2841133078677309 0.3095207537058153
0 0.11231835005701254 0.11031472405929305 0.1521530125427594 0.1034059646522235 0.1396330558722919 0.06995423261117446 0.10381392132269099 0.07562742645381984 0.11231835005701254 0.11031472405929305
0 0.3003416761687571 0.5639931801596352 0.2863965644241733 0.5139523409350056 0.2536071413911061 0.51974682668187 0.26831458722919044 0.568907574686431 0.3003416761687571 0.5639931801596352
0 0.2643296180159635 0.7432619281641962 0.25153084264538195 0.6966432702394527 0.2179380387685291 0.7049664389965793 0.22893066020524516 0.7534657970353478 0.2643296180159635 0.7432619281641962
0 0.095933078677309 0.75551834663626 0.036489939566704675 0.7697392611174458 0.04196465678449259 0.8043052668187001 0.1018719669327252 0.7930150091220068 0.095933078677309 0.75551834663626
0 0 0.5390263329532498 0.013955289623717218 0.6141567913340935 0.04956267274800456 0.6071566362599772 0.03239232041049031 0.5253558802736602 0 0.5370222531356899 0 0.5390263329532498
0 0.30750033181299885 0.932209802736602 0.30214812770809574 0.8946218004561003 0.25467894298745725 0.9027397502850627 0.26426993272519955 0.9423995416191563 0.30750033181299885 0.932209802736602
0 0.3555166134549601 0.870553370581528 0.39173666590649947 0.8636159578107184 0.38162219954389964 0.7997557331812999 0.33996212314709234 0.8027502976054732 0.3555166134549601 0.870553370581528
0 0.5024819885974914 0.9661887890535918 0.5387004982896237 0.9592516202964653 0.5333186647662486 0.925272054732041 0.4920926374002281 0.9348026248574687 0.5024819885974914 0.9661887890535918
0 0.6520762862029647 0.17016483466362597 0.5878883158494869 0.1791289076396807 0.5904865940706956 0.19553379361459522 0.6570527981755987 0.18258772063854048 0.6520762862029647 0.17016483466362597