0 0 0.334897732041049 0.05235060205245154 0.3418931664766249 0.05507152451539339 0.25989569099201826 0 0.26085696807297604 0 0.334897732041049
0 0.7370052736602052 0.10546922348916762 0.6745438620296466 0.09587036374002281 0.671982921322691 0.14728226339794756 0.7366469703534778 0.15298427594070696 0.7370052736602052 0.10546922348916762
0 0.9119429464082098 0 0.9147891060433295 0.026354418472063854 0.9845146989737743 0.010291342075256556 0.984335062713797 0 0.9119429464082098 0
0 0.9140474218928164 0.22174243329532498 0.9148424139110604 0.16531371493728622 0.8518870900798176 0.1583957582668187 0.8445838939566704 0.2187980410490308 0.9140474218928164 0.22174243329532498
0 0.5719111242873433 0.06203296123147092 0.5446516020524516 0.06369489509692132 0.5449461003420752 0.1486089384264538 0.5746838848346636 0.15284215051311287 0.5719111242873433 0.06203296123147092
0 0.6734690729760547 0.44210122805017105 0.658089433295325 0.4447450433295325 0.6579432850627138 0.566189527936146 0.6762579908779932 0.5679467217787914 0.6734690729760547 0.44210122805017105
0 0.6494767012542759 0.427080165336374 0.6341281231470923 0.4315033968072976 0.6304775233751426 0.5622135781071835 0.6311976750285062 0.5630933318129988 0.6483841117445839 0.5684332622576966 0.6494767012542759 0.427080165336374
0 0.5871810877993159 0.426979858608894 0.5628852041049031 0.42859162599771955 0.5617521915621437 0.5090767833523375 0.5957287605473204 0.5087806396807297 0.5871810877993159 0.426979858608894
0 0.6188699749144811 0.5089705496009121 0.6228077149372861 0.42873179247434434 0.6061905347776511 0.42842956898517676 0.6033970741163055 0.5062714275940707 0.6188699749144811 0.5089705496009121
0 0.603687220068415 0.5228938950969213 0.5955569806157355 0.5669815655644241 0.6134428175598632 0.5720123671607754 0.6161830239452679 0.5250511425313569 0.603687220068415 0.5228938950969213
0 0.3174260581527936 0.5053246647662486 0.31968956898517675 0.4310535370581528 0.30371785974914484 0.4337092497149373 0.29922734777651083 0.5047515644241733 0.3174260581527936 0.5053246647662486
0 0.3325139897377423 0.48605841163055874 0.34734141847206385 0.48579959749144813 0.34883369327251995 0.4352971117445838 0.33455847434435576 0.43317092474344354 0.3325139897377423 0.48605841163055874
0 0.3901582736602053 0.4915844709236032 0.40436095667046745 0.4895550399087799 0.4073470501710376 0.4298219532497149 0.39096360091220067 0.4357478494868871 0.3901582736602053 0.4915844709236032
0 0.3625048905359179 0.43684000114025084 0.3640933363740023 0.4938209566704675 0.3805965575826682 0.487594488027366 0.3796950045610034 0.4359445427594071 0.3625048905359179 0.43684000114025084
0 0.8610678848346636 0.34737525085518817 0.8099994196123148 0.3447036111744584 0.8119249589509692 0.4174154549600912 0.8628516556442417 0.4156357662485747 0.8610678848346636 0.34737525085518817