0 0.5354227708095781 0.07746422576966933 0.5289681858608895 0.08785271835803878 0.6052016339794755 0.11133770809578107 0.6113686214367161 0.10086727936145952 0.5354227708095781 0.07746422576966933
0 0.5203496180159635 0.10810854732041049 0.5160552713797035 0.12003990763968073 0.5953484766248576 0.13560289281641963 0.5960596328392246 0.12730732269099201 0.5203496180159635 0.10810854732041049
0 0.4432097924743444 0.3066907844925884 0.3153459441277081 0.24860300228050172 0.28967225883694414 0.3196078152793615 0.40435472405929307 0.3774081607753706 0.4432097924743444 0.3066907844925884
0 0.5477927730900798 0.38271053477765105 0.5355255598631699 0.42220748004561004 0.614999244013683 0.4480075450399088 0.6248943751425314 0.4083152428734321 0.5477927730900798 0.38271053477765105
0 0.8230242531356898 0.3188012690992018 0.7689826408209807 0.2994322713797035 0.752885251995439 0.347929921322691 0.8162800273660205 0.36517815393386543 0.8230242531356898 0.3188012690992018
0 0.6737009646522235 0.28614300798175596 0.6673317708095781 0.3187654709236032 0.740417622576967 0.33935049030786774 0.74965638654504 0.30379234663626 0.6737009646522235 0.28614300798175596
0 0.12249313112884834 0.7033184139110604 0.1007184070695553 0.7497161436716077 0.1225040353477765 0.7639778757126567 0.14573621436716078 0.7178869213226909 0.12249313112884834 0.7033184139110604
0 0 0.6585602132269099 0.03323174572405929 0.6861782075256556 0.0621472086659065 0.6174887149372862 0.007803752565564424 0.573446858608894 0 0.5877480615735462 0 0.6585602132269099
0 0.2105307445838084 0.8800159714937286 0.17328073774230332 0.86090348004561 0.1523431858608894 0.8906189726339795 0.1993771505131129 0.912481810718358 0.2105307445838084 0.8800159714937286
0 0.48723157240592935 0.9472638255416191 0.47830146750285063 0.9770776567844927 0.5140424709236032 0.9905455313568985 0.5253309908779932 0.957227810718358 0.48723157240592935 0.9472638255416191
0 0.9201601094640821 1 0.9210549543899658 0.9694709099201825 0.8535594583808438 0.9572382462941846 0.8458612508551882 0.994456259977195 0.8872044982896238 1 0.9201601094640821 1
0 0.18332246636259975 0.26612982782212086 0.15873497035347775 0.31508464766248573 0.1986106841505131 0.33281113797035344 0.21869016989737744 0.2800368985176739 0.18332246636259975 0.26612982782212086
0 0.14530049828962371 0.24809578905359178 0.10777054389965793 0.23074083010262258 0.10409226795895098 0.24637351083238312 0.13748751197263398 0.2594698529076397 0.14530049828962371 0.24809578905359178
0 0.6272886852907639 0.3400509122006842 0.6125833169897378 0.37975967844925884 0.639095385404789 0.38696295096921324 0.6513484036488026 0.3494633762827822 0.6272886852907639 0.3400509122006842