0 0 0.19065312542759405 0.09945312542759407 0.1417812497149373 0.07273437514253135 0.07178750057012544 0 0.10737656214367161 0 0.19065312542759405
0 0.1469531254275941 0 0.16536093728620296 0.043314062713797036 0.2187984378563284 0.017807812998859748 0.21048593728620296 0 0.1469531254275941 0
0 0.19950156214367162 0.36589062485746865 0.1950484378563284 0.37964531242873434 0.27757968757126567 0.39091562485746867 0.27817343785632836 0.37964531242873434 0.19950156214367162 0.36589062485746865
0 0.22711093728620296 0.43896249942987453 0.15318750057012542 0.48063750057012544 0.16120468757126566 0.4959062497149373 0.23482968757126568 0.45260468757126565 0.22711093728620296 0.43896249942987453
0 0.3990031254275941 0.6807812497149374 0.36842343785632836 0.708264062713797 0.4278 0.7746999999999999 0.45392499999999997 0.7462265621436717 0.3990031254275941 0.6807812497149374
0 0.08401562485746863 0.8067312497149373 0.06857812542759407 0.7717328129988598 0.013953125427594072 0.8019843751425313 0.03057812542759407 0.8310515621436716 0.08401562485746863 0.8067312497149373
0 0.626114062713797 0.9591999999999999 0.6338312497149373 0.9923953124287344 0.6961765621436715 0.9740062497149373 0.6854890627137971 0.9384156248574687 0.626114062713797 0.9591999999999999
0 0.5115187502850627 0.9597703124287343 0.4791593751425314 0.9769906248574687 0.5026125005701254 0.9987546875712657 0.5423937502850628 0.9987546875712657 0.5115187502850627 0.9597703124287343
0 0.5753484378563284 0.5980546875712657 0.6023624994298746 0.6198796875712658 0.6504578129988597 0.5819171870011403 0.6201765621436717 0.5575984378563283 0.5753484378563284 0.5980546875712657
0 0.7267546875712657 0.5233343751425313 0.7460515621436716 0.5522593751425314 0.7810828129988597 0.5273453124287343 0.766239062713797 0.5000593751425314 0.7267546875712657 0.5233343751425313
0 0.8621312497149373 0.4957593751425314 0.8469906248574687 0.5338703124287344 0.880239062713797 0.5475125005701253 0.8938968745724059 0.5154812497149374 0.8621312497149373 0.4957593751425314
0 0.6590656248574686 0.6647703124287343 0.6575828129988597 0.7124156248574687 0.7056765621436716 0.7118234378563283 0.7056765621436716 0.6578437502850628 0.6590656248574686 0.6647703124287343
0 0.7941453124287342 0.8156281254275941 0.7626765621436716 0.8470671870011403 0.7929578129988597 0.8802843751425314 0.8202703124287344 0.854778125427594 0.7941453124287342 0.8156281254275941
0 0.515675 0.5540390627137971 0.44264375028506275 0.5000593751425314 0.42008124971493727 0.5273453124287343 0.4853937502850627 0.583103125427594 0.515675 0.5540390627137971
0 0.534378125427594 0.5429046875712656 0.4770812497149373 0.5872562497149373 0.5138937502850627 0.6317453124287344 0.569114062713797 0.5783593751425313 0.534378125427594 0.5429046875712656
0 0.6537234378563285 0.10437187457240592 0.6427374994298746 0.07771875028506271 0.6077062497149374 0.09136093728620297 0.618989062713797 0.12161406271379704 0.6537234378563285 0.10437187457240592
0 0.51805 0.10025937514253135 0.5364562497149373 0.1334765621436716 0.5685187502850627 0.11508906271379704 0.5542687502850627 0.08424218700114025 0.51805 0.10025937514253135
0 0.5130031254275941 0.8889296875712657 0.5340812497149373 0.8577437502850627 0.4937062497149373 0.8245250000000001 0.4747062497149373 0.8518124994298746 0.5130031254275941 0.8889296875712657
0 0.9316 0.6354140627137971 0.9235828129988597 0.6477593751425313 0.9752406248574687 0.6786046875712657 0.9817718745724059 0.662589062713797 0.9316 0.6354140627137971