0 0.22588926795895095 0.06197667274800456 0.22366265222348916 0.03017504675028506 0.11219124857468643 0.04427918700114025 0.10261796807297606 0.06875172862029647 0.22588926795895095 0.06197667274800456
0 0.7887274937286203 0.3707149236031927 0.8168862394526796 0.2585849361459521 0.7602167970353478 0.25119864766248573 0.7340371185860889 0.3623819532497149 0.7887274937286203 0.3707149236031927
0 0.8248387742303307 0.3779838722919042 0.9433217388825542 0.3868417069555302 0.9668609144811858 0.30537356328392246 0.8465781037628278 0.28869081299885974 0.8248387742303307 0.3779838722919042
0 0.729444094640821 0.5435105575826682 0.7938435564424173 0.5489779908779931 0.778237857468643 0.43553425541619156 0.72827334663626 0.434958165336374 0.729444094640821 0.5435105575826682
0 0.8689010376282782 0.5046519475484607 0.8588585473204104 0.395540645381984 0.8059884047890535 0.4020322827822121 0.8173764994298746 0.5118457685290764 0.8689010376282782 0.5046519475484607
0 0.6306815860889395 0.533652889395667 0.5670121527936146 0.538682543899658 0.567265118586089 0.5748982246294184 0.6343648905359179 0.5750233147092361 0.6306815860889395 0.533652889395667
0 0.6006997331812999 0.48296644925883697 0.6731378722919041 0.48104129874572404 0.6718716476624857 0.43658612542759406 0.6002780524515393 0.4453767137970353 0.6006997331812999 0.48296644925883697
0 0.7931786590649944 0.1586731858608894 0.7280302611174458 0.14515734549600912 0.7161103523375142 0.19443041619156215 0.78569878677309 0.21240085632839226 0.7931786590649944 0.1586731858608894
0 0.5464035655644242 0 0.4987452474344356 0.14367504903078676 0.6438793968072976 0.1817857787913341 0.6790339441277081 0.03882024857468643 0.5758609749144812 0 0.5464035655644242 0
0 0.7090419122006841 0.1905189361459521 0.7341795860889395 0.10256860661345496 0.6678876305587229 0.08706009122006841 0.6466987080957811 0.17546381870011402 0.7090419122006841 0.1905189361459521
0 0.7338795108323831 0.1049967126567845 0.7278243888255417 0.13860862143671607 0.8080027366020524 0.15745122690992017 0.8195486088939568 0.12220957810718358 0.7338795108323831 0.1049967126567845