0 0.13808809464082097 0.31165060775370584 0.1353324275940707 0.20548880843785633 0.08122798517673888 0.2039813454960091 0.08173952223489168 0.3182655644241733 0.13808809464082097 0.31165060775370584
0 0.21855071493728623 0.22120011858608893 0.21558143785632838 0.18327574116305587 0.1666928677309008 0.18510363283922462 0.16292771949828963 0.22092662257696694 0.21855071493728623 0.22120011858608893
0 0.25730150513112887 0.28935371949828964 0.2596889007981756 0.20044905359179022 0.21782604903078678 0.20162180615735462 0.21558335803876855 0.28914968072976055 0.25730150513112887 0.28935371949828964
0 0.5998031482326113 0.062064462941847205 0.6054509521094641 0.008329201824401368 0.553157748004561 0.0028329646522234895 0.5553331368301025 0.061569620296465226 0.5998031482326113 0.062064462941847205
0 0.5441828802736601 0.19413028164196122 0.5454855758266819 0.1552629064994299 0.5157180524515393 0.1604925017103763 0.5200641197263398 0.1985615849486887 0.5441828802736601 0.19413028164196122
0 0.5501250216647663 0.29644784948688707 0.5442571288483466 0.2596139578107184 0.48493992360319266 0.25477146864310146 0.48182582668186996 0.2976291721778791 0.5501250216647663 0.29644784948688707
0 0.6080700330672748 0.4599551505131129 0.6004630786773091 0.3602481767388826 0.5072509201824401 0.3602030421892817 0.5082650490307867 0.45643150969213225 0.6080700330672748 0.4599551505131129
0 0.970343889395667 0.1636970205245154 0.8874870763968072 0.1577755621436716 0.8794491995438996 0.24747990992018246 0.9688236681870012 0.2443361140250855 0.970343889395667 0.1636970205245154
0 0.53173896009122 0.6831789110604334 0.5276074127708096 0.5504056385404789 0.4544555381984036 0.5580400695553022 0.45337260433295323 0.6874797058152794 0.53173896009122 0.6831789110604334
0 0.5243558848346637 0.8063852303306728 0.5246429475484606 0.7506929623717217 0.49176175712656783 0.7458450091220069 0.4935011459521095 0.8087149828962371 0.5243558848346637 0.8063852303306728
0 0.5697666864310148 0.8111580980615736 0.5673745290763968 0.7412547993158495 0.5405039042189281 0.7453952987457241 0.5407231858608894 0.8094990752565565 0.5697666864310148 0.8111580980615736
0 0.6468317856328393 0.92513013340935 0.5421755131128848 0.9280613192702394 0.5446389247434436 0.9840426750285063 0.6418365872291903 0.9859002725199544 0.6468317856328393 0.92513013340935
0 0.4396181835803877 0.8977783899657924 0.38616634549600914 0.9033058072976056 0.3872545210946408 0.9591426191562145 0.4431670935005701 0.9566609806157355 0.4396181835803877 0.8977783899657924
0 0.3303215541619156 0.7859914013683011 0.274190661345496 0.7773062337514254 0.27469968301026226 0.8386533204104903 0.32438401140250855 0.842483353477765 0.3303215541619156 0.7859914013683011
0 0.3898570820980615 0.8020006966932725 0.39593885176738886 0.7176634686431015 0.3579152417331813 0.7220253135689851 0.3532816818700114 0.7925837514253136 0.3898570820980615 0.8020006966932725
0 0.42714886316989736 0.48691014937286203 0.4130969464082098 0.46175194298745725 0.37840468301026225 0.4608912109464082 0.3755084275940707 0.4884472383124287 0.42714886316989736 0.48691014937286203
0 0.5567191733181299 0.45873710034207527 0.5628780330672748 0.49281757354618017 0.5969176921322691 0.48664342645381986 0.5926435222348917 0.461119330672748 0.5567191733181299 0.45873710034207527
0 0.5110186316989738 0.45672092360319266 0.5134817274800456 0.48623224059293046 0.5494059122006841 0.488616023945268 0.5446240068415051 0.45467870467502847 0.5110186316989738 0.45672092360319266
0 0.4379021596351197 0.43878617331812997 0.43765637400228047 0.4865219817559863 0.4638616510832383 0.4868881870011403 0.4681739623717218 0.4288334150513113 0.4379021596351197 0.43878617331812997
0 0.41756527137970356 0.4336635769669327 0.4172270524515393 0.47661350741163055 0.4354517605473204 0.4791260216647662 0.4380881220068415 0.42567126567844926 0.41756527137970356 0.4336635769669327
0 0.4711876465222349 0.4625833169897377 0.4725856602052452 0.488999157354618 0.5051241402508552 0.4858518643101482 0.5075446271379703 0.46282246636259977 0.4711876465222349 0.4625833169897377
0 0.49391257468643107 0.4052681778791334 0.47140167046750286 0.4094694116305587 0.47477385974914477 0.461169181299886 0.49406960661345495 0.4661823489167617 0.49391257468643107 0.4052681778791334