0 0.36506939794754845 0.8736494173318129 0.38671552337514253 0.9027178950969212 0.414318976054732 0.8759374047890536 0.3904123683010262 0.8527766374002281 0.36506939794754845 0.8736494173318129
0 0.4448709509692132 0.9521299954389966 0.4752302554161915 0.9787901311288484 0.49954347890535916 0.954741969213227 0.4697065792474344 0.9262358643101483 0.4448709509692132 0.9521299954389966
0 0.5785475085518814 0.9049438118586088 0.6029976271379704 0.9402863762827822 0.634419418472064 0.9101178882554163 0.6067566009122007 0.8795906465222348 0.5785475085518814 0.9049438118586088
0 0.5591914378563284 0.8696660045610034 0.5676981949828962 0.8953393215507411 0.6035910524515393 0.8721636636259977 0.5863296841505131 0.8554702690992019 0.5591914378563284 0.8696660045610034
0 0.4185791721778791 0.7405614275940706 0.5073122941847207 0.8398929384264537 0.5398201299885975 0.8215522850627138 0.44686671835803876 0.7202746909920184 0.4185791721778791 0.7405614275940706
0 0.603041378563284 0.7805787822120867 0.5675835610034208 0.7338557434435576 0.5404770102622577 0.7540183523375142 0.5679197662485747 0.7994926659064995 0.603041378563284 0.7805787822120867
0 0.5613774789053592 0.6521176225769669 0.5923356465222348 0.6957314720638541 0.6165190011402509 0.6773686545039909 0.5907489236031928 0.6364931277080957 0.5613774789053592 0.6521176225769669
0 0.8924606431014823 0.7429937742303306 0.8589740661345495 0.7312893318129988 0.8529171790193842 0.7701368221208665 0.8877840091220068 0.7784110102622578 0.8924606431014823 0.7429937742303306
0 0.01358960205245154 0.6440201881413911 0.0334302086659065 0.6228302006841505 0.006686307867730901 0.5898198643101482 0.01358960205245154 0.6440201881413911
0 0.790407165336374 0.5549106157354619 0.8032817730900799 0.5532605017103762 0.7976958700114025 0.5001141835803877 0.7840663511972633 0.5009496830102622 0.790407165336374 0.5549106157354619
0 0.640991330672748 0.6395722964652223 0.6842676339794754 0.6409939806157354 0.6794583546180161 0.6009020592930444 0.6396854595210947 0.6026927046750286 0.640991330672748 0.6395722964652223