0 0.6290828129988598 0.07060000000000001 0.6278937502850628 0.08839531242873432 0.7163640627137969 0.10263124971493728 0.7175515621436717 0.0878015621436716 0.6290828129988598 0.07060000000000001
0 0.618989062713797 0.0999234378563284 0.6195828129988598 0.11330937514253135 0.7947390627137971 0.1417812497149373 0.7947390627137971 0.1269515621436716 0.618989062713797 0.0999234378563284
0 0.8683656248574686 0.15898437514253136 0.6926140627137971 0.1352562497149373 0.6920203124287343 0.13817187457240593 0.6872687502850627 0.1494937502850627 0.8683656248574686 0.17737187457240594 0.8683656248574686 0.15898437514253136
0 0.5863312497149372 0.11746093728620297 0.5133 0.09966562485746863 0.5130031254275941 0.0999234378563284 0.5067687502850627 0.11508906271379704 0.5833624994298745 0.13051093728620294 0.5863312497149372 0.11746093728620297
0 0.4987531254275941 0.12838750057012543 0.4943 0.1465265621436716 0.5714875005701254 0.15483124971493728 0.5738625005701254 0.14118750057012544 0.4987531254275941 0.12838750057012543
0 0.4934093751425313 0.16041093728620298 0.4889562497149373 0.16906718700114023 0.5501125005701254 0.18330312542759408 0.5518937502850627 0.1666953124287343 0.4934093751425313 0.16041093728620298
0 0.482425 0.18567656214367162 0.47648750057012546 0.1927937502850627 0.5192375005701254 0.20347187457240593 0.5281437502850628 0.19398124971493727 0.482425 0.18567656214367162
0 0.46669062485746865 0.20844531242873432 0.4652062497149373 0.2254203124287343 0.5002374994298745 0.23194375028506273 0.5043937502850627 0.21592812542759407 0.46669062485746865 0.20844531242873432
0 0.402564062713797 0.24580468757126567 0.4010812497149373 0.25507812542759406 0.487175 0.2687203124287343 0.4901437502850627 0.25507812542759406 0.402564062713797 0.24580468757126567
0 0.3847515621436716 0.26804218700114024 0.3874234378563284 0.2841437502850627 0.4794562497149373 0.2942281254275941 0.4818312497149373 0.2805843751425314 0.3847515621436716 0.26804218700114024
0 0.44887812542759403 0.3045125005701254 0.44976875028506275 0.3179546875712657 0.4806437502850627 0.3215125005701254 0.4842062497149373 0.31024218700114026 0.44887812542759403 0.3045125005701254
0 0.511221874572406 0.2502515621436716 0.5026125005701254 0.26219531242873434 0.6088937502850628 0.27643281299885974 0.6112687502850627 0.26219531242873434 0.511221874572406 0.2502515621436716
0 0.5103312497149373 0.2742687502850627 0.5073624994298745 0.2906687502850627 0.6053312497149372 0.3007515621436716 0.6094890627137971 0.2877031254275941 0.5103312497149373 0.2742687502850627
0 0.5023156248574686 0.30095468757126564 0.501425 0.3126171870011403 0.5738625005701254 0.3244796875712657 0.5762374994298746 0.31083750057012544 0.5023156248574686 0.30095468757126564
0 0.605628125427594 0.20132812542759407 0.6053312497149372 0.21592812542759407 0.6463000000000001 0.21948750057012542 0.6421453124287343 0.20465781299885977 0.605628125427594 0.20132812542759407
0 0.6528312497149373 0.22356718700114026 0.6504578129988597 0.23965468757126568 0.7128015621436716 0.24973906271379706 0.7128015621436716 0.23253750057012543 0.6528312497149373 0.22356718700114026
0 0.664410937286203 0.25470000000000004 0.6629265621436716 0.26990781299885974 0.7044890627137971 0.27465312542759407 0.7080515621436716 0.26278906271379704 0.664410937286203 0.25470000000000004
0 0.6373937502850627 0.3155812497149373 0.6409578129988598 0.3333765621436716 0.6801453124287343 0.3333765621436716 0.6748000000000001 0.31736093728620296 0.6373937502850627 0.3155812497149373
0 0.6287859372862029 0.3427624994298746 0.6332375005701254 0.35888281299885977 0.6724265621436716 0.363035937286203 0.6688640627137971 0.3476125005701254 0.6287859372862029 0.3427624994298746
0 0.6100828129988598 0.36837499999999995 0.6118624994298746 0.3879484378563284 0.6492687502850627 0.3855765621436716 0.647489062713797 0.37015468757126563 0.6100828129988598 0.36837499999999995
0 0.6198796875712658 0.4014703124287343 0.6207687502850626 0.410489062713797 0.647489062713797 0.4134562497149373 0.6492687502850627 0.4039656248574686 0.6198796875712658 0.4014703124287343