0 0.03770312542759407 0.03678906271379703 0.02404687457240593 0.0020765621436716077 0 0.000012500570125427595 0.00029687457240592933 0.05339843785632839 0.03770312542759407 0.03678906271379703
0 0.4188921870011402 0.0006046875712656784 0.41503437514253133 0.03231875028506272 0.5002374994298745 0.036196874572405925 0.501425 0 0.4188921870011402 0.0006046875712656784
0 0.6661921870011402 0.11771406271379703 0.6611453124287343 0.15720468757126568 0.694989062713797 0.15661093728620296 0.6961765621436715 0.12220624971493728 0.6661921870011402 0.11771406271379703
0 0.8315531254275941 0.25033281299885973 0.851739062713797 0.1922015621436716 0.8173015621436716 0.18271093728620297 0.8000828129988597 0.2337234378563284 0.8315531254275941 0.25033281299885973
0 0.15675 0.9987546875712657 0.13923593728620295 0.9639234378563284 0.10598437514253135 0.981125 0.11489218700114025 0.9987546875712657 0.15675 0.9987546875712657
0 0.41948749942987457 0.7225 0.42482968757126566 0.7617265621436715 0.4509562497149373 0.7586843751425314 0.45214375028506276 0.7201265621436715 0.41948749942987457 0.7225
0 0.4901437502850627 0.7165671870011403 0.458675 0.7189421870011402 0.45986250057012545 0.7574968745724059 0.4889562497149373 0.7563109372862029 0.4901437502850627 0.7165671870011403
0 0.637989062713797 0.8185937502850626 0.5988 0.8102906248574686 0.5958312497149373 0.8263046875712657 0.6267062497149374 0.8334234378563284 0.637989062713797 0.8185937502850626
0 0.5999875005701254 0.7966468745724059 0.6305656248574686 0.8044234378563284 0.6391765621436717 0.7919015621436716 0.6029562497149373 0.7788515621436716 0.5999875005701254 0.7966468745724059
0 0.6350203124287344 0.9135015621436715 0.6332375005701254 0.9283312497149373 0.6676765621436715 0.9401953124287343 0.6742062497149373 0.9206203124287343 0.6350203124287344 0.9135015621436715
0 0.6433312497149373 0.8868093751425313 0.6430343751425314 0.90405 0.6926140627137971 0.9123156248574686 0.6955828129988597 0.8963000000000001 0.6433312497149373 0.8868093751425313
0 0.7739578129988597 0.970446874572406 0.7739578129988597 0.9987546875712657 0.8564906248574686 0.9987546875712657 0.8553015621436716 0.9692609372862029 0.7739578129988597 0.970446874572406
0 0.915271874572406 0.7385156248574687 0.9146765621436715 0.756389062713797 0.9449593751425314 0.7557171870011402 0.948521874572406 0.7397031254275941 0.915271874572406 0.7385156248574687
0 0.9508968745724059 0.7177546875712657 0.9146765621436715 0.718346874572406 0.915271874572406 0.7337703124287344 0.9503031254275941 0.7349562497149373 0.9508968745724059 0.7177546875712657
0 0.9066625005701254 0.4352734378563284 0.9176453124287344 0.4134562497149373 0.8867703124287344 0.39803437514253137 0.8743015621436716 0.4193875005701254 0.9066625005701254 0.4352734378563284
0 0.7751453124287344 0.31142968757126566 0.7739578129988597 0.3268515621436716 0.823239062713797 0.34346093728620297 0.8351140627137971 0.3298187502850627 0.7751453124287344 0.31142968757126566
0 0.8642078129988597 0.3505796875712657 0.8606453124287343 0.36362812542759404 0.880239062713797 0.36362812542759404 0.883803125427594 0.3499859372862029 0.8642078129988597 0.3505796875712657
0 0.9544593751425314 0.1334765621436716 0.9568343751425313 0.14712031242873433 0.998753125427594 0.14474687457240593 0.998753125427594 0.13288437514253135 0.9544593751425314 0.1334765621436716
0 0.9508968745724059 0.10856406271379704 0.9511937502850627 0.1257187502850627 0.9978031254275941 0.12635937514253134 0.998753125427594 0.11093593728620296 0.9508968745724059 0.10856406271379704