0 0.13744613911060433 0.921082054732041 0.08881845496009122 0.8844408700114025 0.051140417331813 0.9235922098061573 0.09093996579247435 0.9671236180159635 0.13744613911060433 0.921082054732041
0 0.09672621664766248 0.7040809407069555 0.04867163511972634 0.7353754469783352 0.07286610604332953 0.7696011151653364 0.12080541961231471 0.7343548221208666 0.09672621664766248 0.7040809407069555
0 0.2092016100342075 0.8085667571265679 0.1760982542759407 0.8287453534777651 0.19516288255416192 0.8596059897377423 0.22725171151653362 0.8382802816419612 0.2092016100342075 0.8085667571265679
0 0.6326181208665906 0.9006480478905359 0.6073465632839224 0.9271630228050172 0.6341594663625998 0.9493945974914481 0.6556284903078677 0.9292730581527937 0.6326181208665906 0.9006480478905359
0 0.9982837160775371 0.784082338654504 0.9833352531356898 0.7838639954389965 0.971953409350057 0.8118994914481186 0.9895317594070695 0.8172585986316989 0.9982837160775371 0.784082338654504
0 0.9132794150513113 0.560403307867731 0.8641631174458381 0.496377244013683 0.8359064777651083 0.5172420410490308 0.8893245758266818 0.58808548004561 0.9132794150513113 0.560403307867731
0 0.8009416316989737 0.5310553454960092 0.7807155689851767 0.5033600148232611 0.750316771949829 0.520869409350057 0.7672463876852907 0.5512977217787913 0.8009416316989737 0.5310553454960092
0 0.7450762873432155 0.5959755028506272 0.7586842884834664 0.6118415587229191 0.817558330672748 0.5698669794754846 0.8015998529076397 0.5543736579247435 0.7450762873432155 0.5959755028506272
0 0.716826890535918 0.5941731835803876 0.7247485222348917 0.6070594903078677 0.7719024503990878 0.5728761151653363 0.7557270855188142 0.5609845701254276 0.716826890535918 0.5941731835803876
0 0.9810963922462941 0.427426669327252 0.99398103990878 0.4165295359179019 0.9882146624857469 0.36166611402508547 0.9539126419612314 0.3903211265678449 0.9810963922462941 0.427426669327252
0 0.6707434629418473 0.21252136031927024 0.6462318563283922 0.17811849486887116 0.6161106385404789 0.20394914937286204 0.6399776419612315 0.235059165336374 0.6707434629418473 0.21252136031927024
0 0.6586498597491448 0.10881895553021664 0.6451096123147092 0.07087644355758267 0.6099233808437856 0.08829357012542759 0.6241123534777652 0.12671307183580388 0.6586498597491448 0.10881895553021664
0 0 0.33608163854047896 0.05776718586088939 0.29364862713797035 0.03089359064994299 0.25949401710376285 0 0.2823688996579248 0 0.33608163854047896
0 0.6435445245153935 0.5899460581527937 0.6058089042189281 0.6171740364880274 0.6138496442417332 0.6340337229190423 0.6567806328392246 0.6022737901938426 0.6435445245153935 0.5899460581527937
0 0.15868432269099203 0.7482669224629419 0.09518233181299887 0.7859564686431014 0.13894647320410491 0.8529928529076397 0.19726908779931585 0.8086268745724059 0.15868432269099203 0.7482669224629419
0 0.6291491288483466 0.975567952109464 0.6392930273660206 0.9868616807297605 0.7075483694412771 0.9631707115165336 0.6827367913340935 0.9401144846066135 0.6291491288483466 0.975567952109464