0 0.7965218745724059 0.14296718700114025 0.7374421870011403 0.1443984378563284 0.742489062713797 0.1791515621436716 0.7911765621436716 0.18033750057012543 0.7965218745724059 0.14296718700114025
0 0.32032968757126573 0.5374296875712656 0.2591734378563284 0.5303109372862029 0.27164218700114023 0.5635296875712656 0.32389218700114025 0.5688687502850627 0.32032968757126573 0.5374296875712656
0 0.39455 0.5421750000000001 0.34022031242873435 0.540235937286203 0.33517499999999995 0.5712406248574686 0.3898 0.5730203124287343 0.39455 0.5421750000000001
0 0.6178 0.5575984378563283 0.5717843751425313 0.5571374994298746 0.577425 0.6068312497149373 0.615425 0.608610937286203 0.6178 0.5575984378563283
0 0.7341765621436716 0.5445484378563284 0.6946921870011402 0.5446843751425313 0.6938015621436716 0.5884421870011403 0.7300203124287343 0.5931874994298746 0.7341765621436716 0.5445484378563284
0 0.7899890627137971 0.5481062497149373 0.7534734378563284 0.5500218745724059 0.7466453124287343 0.5967468745724058 0.7846453124287344 0.5967468745724058 0.7899890627137971 0.5481062497149373
0 0.8380828129988598 0.5534453124287343 0.7899890627137971 0.5482421870011402 0.7899890627137971 0.6003062497149373 0.8309593751425313 0.6038640627137971 0.8380828129988598 0.5534453124287343
0 0.382675 0.661403125427594 0.32953437514253137 0.6647703124287343 0.3280484378563284 0.694028125427594 0.3832687502850627 0.6969937502850627 0.382675 0.661403125427594
0 0.2989546875712657 0.7296171870011403 0.3013296875712657 0.7136031254275941 0.24907968757126567 0.7076703124287342 0.25086093728620296 0.7290249999999999 0.2989546875712657 0.7296171870011403
0 0.2959859372862029 0.7486 0.260064062713797 0.743935937286203 0.2633296875712657 0.7634296875712656 0.2953921870011402 0.7628359372862029 0.2959859372862029 0.7486
0 0.3132046875712657 0.788935937286203 0.26451718700114024 0.7884125005701255 0.2615484378563284 0.8061375005701253 0.3108296875712657 0.8061375005701253 0.3132046875712657 0.788935937286203
0 0.23482968757126568 0.956210937286203 0.19148437514253133 0.9526531254275942 0.1879234378563284 0.9965468745724059 0.22948593728620295 0.9987546875712657 0.23482968757126568 0.956210937286203
0 0.4557062497149373 0.2817703124287343 0.4468 0.356510937286203 0.5732687502850627 0.3571046875712657 0.5732687502850627 0.28236406271379705 0.4557062497149373 0.2817703124287343