0 0.32240781299885973 0.10081249942987457 0.33754843785632843 0.15067812542759407 0.3702062497149373 0.13407031242873432 0.34942343785632834 0.08602187457240594 0.32240781299885973 0.10081249942987457
0 0.5049875005701254 0.02965156214367161 0.51805 0.08187031242873433 0.5714875005701254 0.05932968757126568 0.5513 0.005943750285062714 0.5049875005701254 0.02965156214367161
0 0.41770624971493725 0.11949218700114024 0.4355187502850627 0.1678812497149373 0.4747062497149373 0.1512734378563284 0.4574874994298746 0.103225 0.41770624971493725 0.11949218700114024
0 0.5985031254275941 0.4165921870011402 0.618989062713797 0.463875 0.6789578129988598 0.4330296875712657 0.6540203124287344 0.3837968745724059 0.5985031254275941 0.4165921870011402
0 0.5450656248574687 0.5393468745724059 0.5596140627137971 0.5706468745724059 0.6088937502850628 0.5522593751425314 0.596425 0.5190406248574686 0.5450656248574687 0.5393468745724059
0 0.9657406248574686 0.4247265621436716 0.9972093751425314 0.40811718700114025 0.9817718745724059 0.3612562497149373 0.9425828129988597 0.381425 0.9657406248574686 0.4247265621436716
0 0.4462062497149373 0.60695 0.4604562497149373 0.6418281254275942 0.49786250057012543 0.6299656248574687 0.4883625005701254 0.5955609372862031 0.4462062497149373 0.60695
0 0.23334531242873432 0.14884687457240595 0.24670468757126565 0.18271093728620297 0.31439218700114024 0.14830624971493728 0.3031109372862029 0.11449531242873433 0.23334531242873432 0.14884687457240595
0 0.7249734378563284 0.9876656248574687 0.7056765621436716 0.9597703124287343 0.6724265621436716 0.9740062497149373 0.6908328129988597 0.9987546875712657 0.7249734378563284 0.9876656248574687
0 0 0.822214062713797 0.03117187457240593 0.8079171870011402 0.015140624857468643 0.755125 0 0.7622421870011402 0 0.822214062713797
0 0.22176718700114026 0.40591718700114027 0.23423593728620296 0.43896249942987453 0.2520484378563284 0.43125 0.24611093728620295 0.4033718745724059 0.22176718700114026 0.40591718700114027
0 0.2496734378563284 0.39269531242873434 0.26036093728620296 0.42769218700114026 0.27817343785632836 0.4259124994298746 0.2686734378563284 0.3915078129988597 0.2496734378563284 0.39269531242873434