0 0.05610937514253136 0.9680749999999999 0.06560937514253136 0.90935 0.006234375142531357 0.9063843751425313 0 0.9674812497149372 0.05610937514253136 0.9680749999999999
0 0.03770312542759407 0.7794453124287343 0.07332968757126568 0.7841906248574687 0.07926562485746864 0.7610562497149372 0.04245312542759407 0.7527515621436717 0.03770312542759407 0.7794453124287343
0 0.1710015621436716 0.3881281254275941 0.16832968757126568 0.39981249942987457 0.23186093728620297 0.4045578129988598 0.24076718700114028 0.39091562485746867 0.1710015621436716 0.3881281254275941
0 0.28143906271379704 0.1123765621436716 0.27461093728620295 0.17974531242873432 0.3328 0.18152500000000002 0.3387375005701254 0.11449531242873433 0.28143906271379704 0.1123765621436716
0 0.2425484378563284 0.21889375028506272 0.2882671870011403 0.22245312542759405 0.2924234378563284 0.18271093728620297 0.24314218700114026 0.18508281299885973 0.2425484378563284 0.21889375028506272
0 0.16209531242873432 0.1532937502850627 0.16001562485746865 0.18033750057012543 0.2140484378563284 0.17855781299885976 0.21286093728620298 0.1512734378563284 0.16209531242873432 0.1532937502850627
0 0.4052374994298746 0.11152968757126568 0.364860937286203 0.11093593728620296 0.36782968757126566 0.1269515621436716 0.4046437502850627 0.1269515621436716 0.4052374994298746 0.11152968757126568
0 0.37406406271379705 0.1355046875712657 0.3725812497149373 0.14712031242873433 0.401675 0.14712031242873433 0.4034546875712657 0.1334765621436716 0.37406406271379705 0.1355046875712657
0 0.04275 0.2849437502850627 0.04364062485746864 0.24558593728620298 0.006828125427594071 0.24558593728620298 0.010984375142531358 0.2865156248574686 0.04275 0.2849437502850627
0 0.9618812497149373 0.916503125427594 0.9633656248574687 0.8998593751425314 0.9241765621436716 0.8998593751425314 0.9259593751425313 0.9152812497149372 0.9618812497149373 0.916503125427594
0 0.9223968745724059 0.8980796875712658 0.902803125427594 0.8980796875712658 0.902803125427594 0.9105375005701254 0.9170531254275941 0.9105375005701254 0.9223968745724059 0.8980796875712658
0 0.8995374994298746 0.9200625005701254 0.8998343751425314 0.936635937286203 0.9146765621436715 0.936635937286203 0.9140828129988597 0.9194343751425313 0.8995374994298746 0.9200625005701254