0 0.9556468745724059 0.9218062497149373 0.990678125427594 0.874353125427594 0.949114062713797 0.8393546875712656 0.9045828129988597 0.8808781254275941 0.9556468745724059 0.9218062497149373
0 0.9016140627137971 0.6934343751425313 0.952975 0.7234765621436715 0.9734593751425313 0.6869093751425314 0.9223968745724059 0.6608093751425314 0.9016140627137971 0.6934343751425313
0 0.806614062713797 0.8079171870011402 0.8407562497149372 0.825771874572406 0.8564906248574686 0.7930875005701254 0.8214593751425314 0.7764796875712656 0.806614062713797 0.8079171870011402
0 0.8639109372862029 0.9396312497149373 0.8184906248574687 0.9894281254275941 0.8458015621436716 0.9987546875712657 0.9384281254275941 0.9987546875712657 0.8639109372862029 0.9396312497149373
0 0.9449593751425314 0.9680953124287344 0.9348656248574687 0.9846843751425314 0.9704906248574686 0.9987546875712657 0.998753125427594 0.9983265621436715 0.9449593751425314 0.9680953124287344
0 0.3900953124287343 0.9431890627137971 0.41355000000000003 0.9609562497149373 0.43789218700114024 0.9360437502850627 0.40998749942987456 0.9123156248574686 0.3900953124287343 0.9431890627137971
0 0.046312500570125426 0.8666906248574686 0.06323437514253136 0.8595234378563283 0.04898437514253136 0.8328312497149373 0.03414062485746864 0.834610937286203 0.046312500570125426 0.8666906248574686
0 0.027015624857468647 0.8785062497149373 0.04364062485746864 0.8720281254275941 0.03057812542759407 0.841728125427594 0.013359375142531358 0.8476593751425314 0.027015624857468647 0.8785062497149373
0 0.12201562485746865 0.6282984378563284 0.16773593728620298 0.5522593751425314 0.13745312542759408 0.5344625005701255 0.09529843785632838 0.6032718745724059 0.12201562485746865 0.6282984378563284
0 0.2395796875712657 0.5789515621436716 0.253235937286203 0.5469203124287343 0.2211734378563284 0.5326843751425313 0.20395312542759408 0.5623421870011402 0.2395796875712657 0.5789515621436716
0 0.20573593728620296 0.5856015621436717 0.19148437514253133 0.6026781254275941 0.25442343785632837 0.6382687502850628 0.2662984378563284 0.6210671870011403 0.20573593728620296 0.5856015621436717
0 0.2520484378563284 0.5873812497149373 0.2372046875712657 0.6008984378563283 0.2876734378563284 0.6299656248574687 0.29420468757126567 0.616321874572406 0.2520484378563284 0.5873812497149373
0 0 0.4686218745724059 0.013953125427594072 0.47811250057012544 0.037109375142531355 0.43836875028506267 0 0.4134562497149373 0 0.4686218745724059
0 0.33309531242873436 0.25114218700114027 0.3535796875712657 0.21770781299885975 0.32092343785632843 0.19516718700114025 0.30014218700114026 0.23194375028506273 0.33309531242873436 0.25114218700114027
0 0.33754843785632843 0.14173124971493728 0.3476437502850627 0.10203906271379704 0.3108296875712657 0.08839531242873432 0.3013296875712657 0.12754531242873432 0.33754843785632843 0.14173124971493728
0 0.941396874572406 0.2117765621436716 0.9182406248574686 0.24855312542759406 0.981178125427594 0.2853296875712657 0.998753125427594 0.24558593728620298 0.941396874572406 0.2117765621436716
0 0.3547687502850627 0.6181015621436716 0.40078437514253135 0.6452000000000001 0.40701875028506274 0.6275921870011403 0.3666437502850627 0.6044578129988598 0.3547687502850627 0.6181015621436716
0 0.8333328129988599 0.7752921870011402 0.8959734378563283 0.8133187502850626 0.9324906248574686 0.7420749999999999 0.865396874572406 0.7112296875712656 0.8333328129988599 0.7752921870011402
0 0.36426875028506267 0.9568046875712657 0.34200312542759403 0.9823281254275941 0.41236093728620293 0.9987546875712657 0.4212687502850627 0.9864625005701254 0.36426875028506267 0.9568046875712657