0 0.10879867730900797 0.3841671630558723 0.08583701368301026 0.280481661345496 0.032438985176738884 0.2893255096921323 0.05474757924743444 0.40141239908779935 0.10879867730900797 0.3841671630558723
0 0.1705242052451539 0.28002551311288487 0.16037317103762827 0.2433644777651083 0.11273159863169897 0.254487165336374 0.11587097605473205 0.29037040935005703 0.1705242052451539 0.28002551311288487
0 0.22156735461801597 0.33953294070695555 0.20694707753705813 0.25180616761687574 0.16607713568985177 0.260945181299886 0.18057675484606614 0.34729284834663626 0.22156735461801597 0.33953294070695555
0 0.4781695279361459 0 0.4573171470923603 0.0018243466362599773 0.47066005131128846 0.059066761687571266 0.5144074435575827 0.051067233751425314 0.5099396396807298 0 0.4781695279361459 0
0 0.4850084230330673 0.1913194789053592 0.4788709384264538 0.1529176408209806 0.4506481824401368 0.16373106499429874 0.46217832497149375 0.20027144355758267 0.4850084230330673 0.1913194789053592
0 0.5103645017103763 0.29062337058152793 0.4975761824401368 0.2555858677309008 0.4384248095781072 0.2621506054732041 0.44354556214367163 0.30481509007981755 0.5103645017103763 0.29062337058152793
0 0.5984435644241733 0.4400701527936146 0.5719513831242873 0.3436465518814139 0.48044318358038773 0.36138796579247434 0.499799937286203 0.45565493956670466 0.5984435644241733 0.4400701527936146
0 0.8975327137970354 0.08013000912200684 0.8150683466362599 0.09012716875712656 0.8242945438996578 0.179717094640821 0.9114270877993158 0.15957760661345494 0.8975327137970354 0.08013000912200684
0 0.5661080102622577 0.6737573192702395 0.5367180353477765 0.5442118015963512 0.4663668859749145 0.5656640034207526 0.4900020957810718 0.6929321014823261 0.5661080102622577 0.6737573192702395
0 0.5823694561003421 0.7961087491448119 0.5720246590649942 0.7413849304446978 0.5388225553021665 0.7429000741163057 0.5525261436716078 0.8042830592930444 0.5823694561003421 0.7961087491448119
0 0.6278566396807298 0.7921291368301027 0.6121702554161916 0.7239666031927025 0.5865833637400228 0.7331581870011402 0.5990301927023945 0.796042354618016 0.6278566396807298 0.7921291368301027
0 0.725252725199544 0.8893024697833524 0.6230785803876854 0.9121491596351197 0.6361784777651084 0.9666319384264539 0.7319447924743443 0.9499092189281642 0.725252725199544 0.8893024697833524
0 0.5166272622576967 0.9019914743443558 0.46521216647662483 0.9176164287343215 0.4769345142531357 0.9722197274800456 0.5313462964652224 0.9591150615735462 0.5166272622576967 0.9019914743443558
0 0.38800875712656785 0.8131131071835803 0.33125193842645384 0.8152977913340935 0.3434571847206385 0.8754206316989738 0.3929594754846066 0.8697000798175599 0.38800875712656785 0.8131131071835803
0 0.4495051676168757 0.8174683523375142 0.4393828962371722 0.7335201812998859 0.40289016647662484 0.7450571334093501 0.41180492246294187 0.8152033386545039 0.4495051676168757 0.8174683523375142
0 0.4259896830102623 0.5010512987457241 0.40739552679589514 0.47903655188141386 0.3731764230330673 0.48481123033067275 0.3755913169897377 0.5124136066134549 0.4259896830102623 0.5010512987457241
0 0.5478037502850627 0.4486726875712657 0.5603523147092361 0.48095184036488026 0.5925884868871152 0.46839605587229194 0.5835226180159635 0.4441564606613455 0.5478037502850627 0.4486726875712657
0 0.5025581516533637 0.4554136271379704 0.5106070182440137 0.4839127582668187 0.5463260216647663 0.47939808779931586 0.5351564275940707 0.4469967229190422 0.5025581516533637 0.4554136271379704
0 0.42736292246294183 0.45175967046750287 0.43623007525655644 0.49866533523375145 0.46202376168757125 0.49402461003420756 0.45517947206385406 0.4362136396807298 0.42736292246294183 0.45175967046750287
0 0.40642224287343215 0.4506116510832383 0.414285472063854 0.4928370068415051 0.43265475028506273 0.4918259201824401 0.42504302622576967 0.4388502371721779 0.40642224287343215 0.4506116510832383
0 0.46457757126567845 0.4687684230330673 0.47099027822120865 0.49443217673888257 0.5023304036488028 0.4851340729760547 0.5003122041049031 0.46206593956670466 0.46457757126567845 0.4687684230330673
0 0.4759487343215507 0.40817020410490307 0.45465305245153936 0.41658953249714936 0.46782806499429874 0.46669598745724056 0.48772585290763965 0.4679352474344356 0.4759487343215507 0.40817020410490307