0 0.06288558836944128 0.4546135051311288 0.1023318323831243 0.49040544925883695 0.13688348916761686 0.4469911459521095 0.09884095781071836 0.4127853591790194 0.06288558836944128 0.4546135051311288
0 0.007489254275940707 0.40520702622576965 0.03357861459521094 0.436196165336374 0.07037367274800456 0.3947243363740023 0.04180954275940707 0.3695141425313569 0.007489254275940707 0.40520702622576965
0 0.32852726453819836 0.16249151311288482 0.37488710034207523 0.19817326795895096 0.4001602690992018 0.1683949464082098 0.35898121208665906 0.12801783352337515 0.32852726453819836 0.16249151311288482
0 0.32983068757126566 0.32239695667046747 0.40052222234891677 0.3928121767388826 0.4431803204104903 0.34401116647662483 0.3760532953249715 0.2750356009122007 0.32983068757126566 0.32239695667046747
0 0.39245096693272524 0.2812414355758267 0.4349843169897377 0.3166540513112885 0.4552752257696693 0.2900985359179019 0.41321549828962373 0.2538262394526796 0.39245096693272524 0.2812414355758267
0 0.3007166088939567 0.2159019566704675 0.32790953477765106 0.2407186670467503 0.3480238791334094 0.20819880615735462 0.323602755986317 0.18327831927023944 0.3007166088939567 0.2159019566704675
0 0.5393677023945268 0.5501307673888255 0.5593313272519954 0.502720370581528 0.5278212474344356 0.4856369737742303 0.5103893911060433 0.5308436111744583 0.5393677023945268 0.5501307673888255
0 0.593069338654504 0.5747179486887115 0.6215947286202965 0.5987350330672748 0.6449309338654504 0.5456084709236032 0.6151977651083239 0.5286493283922462 0.593069338654504 0.5747179486887115
0 0.4040318164196123 0.8552318620296466 0.4368686898517674 0.8679456043329533 0.4480634036488027 0.8353956556442417 0.41183202508551886 0.8263149122006842 0.4040318164196123 0.8552318620296466
0 0.7260892109464083 0.8402547172177879 0.7536153728620297 0.8621202953249716 0.7772913135689852 0.838182283922463 0.7505026442417332 0.813094677309008 0.7260892109464083 0.8402547172177879
0 0.0736019441277081 0.2294829464082098 0.047324636259977196 0.20532546294184723 0.016683530216647664 0.24395401938426453 0.02933583124287343 0.2757891482326112 0.0736019441277081 0.2294829464082098
0 0.16977082782212086 0.27430052223489165 0.14011515279361458 0.2555611984036488 0.1131242850627138 0.29355220524515396 0.13801345838084378 0.32029102052451536 0.16977082782212086 0.27430052223489165
0 0.5651068107183581 0.7450745484606613 0.552906701254276 0.7391622348916761 0.5436820843785632 0.760539582668187 0.5515508050171037 0.7670418152793614 0.5651068107183581 0.7450745484606613
0 0.5235422143671608 0.7528816670467503 0.5336222748004561 0.7598361322690993 0.5415810068415051 0.7395606647662486 0.5342201961231471 0.7342843477765107 0.5235422143671608 0.7528816670467503
0 0.4990693956670467 0.7458135610034208 0.5121430410490307 0.7523821584948689 0.5227577947548461 0.7281260205245154 0.5148046807297605 0.7228082850627138 0.4990693956670467 0.7458135610034208
0 0.48181912314709235 0.7374649064994299 0.4936620661345496 0.7445426442417331 0.5016622155074116 0.7236748734321551 0.493833354618016 0.7165802280501711 0.48181912314709235 0.7374649064994299