0 0.3312704686431015 0.9100593397947548 0.37947843215507415 0.9210904161915622 0.3897588072976054 0.8785228654503991 0.3432149737742303 0.8655199486887116 0.3312704686431015 0.9100593397947548
0 0.9581458278221209 1 0.9581911858608894 0.9997074047890535 0.8539542177879134 0.9751070684150513 0.8492678928164197 0.9877969167616876 0.9011246807297605 1 0.9581458278221209 1
0 0.8579831812998859 0.9597121345496009 0.9594836784492587 0.9849341493728621 0.9612413648802737 0.9648437046750284 0.8574393580387686 0.942066338654504 0.8579831812998859 0.9597121345496009
0 0.41684719954389965 0.8005087822120867 0.5023622383124288 0.8143066020524515 0.5033386944127708 0.7997393979475484 0.41819144127708097 0.7851440364880273 0.41684719954389965 0.8005087822120867
0 0.42545802166476626 0.7566046966932726 0.5033444583808437 0.7724234549600912 0.5095302497149373 0.7562196716077537 0.4253364549600912 0.7375387366020524 0.42545802166476626 0.7566046966932726
0 0.3671492816419612 0.8167626111744584 0.36400844925883696 0.832207015963512 0.40085863968072977 0.8401959965792475 0.4035942770809578 0.8225704777651084 0.3671492816419612 0.8167626111744584
0 0.4348461425313569 0.8298296944127708 0.43076788255416193 0.8457881014823261 0.4623464059293045 0.8527198540478906 0.4691690364880274 0.8360494868871152 0.4348461425313569 0.8298296944127708
0 0.4954452531356899 0.8422742348916761 0.49300055530216647 0.856592212086659 0.5282313842645382 0.862653030786773 0.5312983477765109 0.8480350216647663 0.4954452531356899 0.8422742348916761
0 0.38347159293044475 0.15332153819840363 0.430264598631699 0.16688267274800456 0.4475548152793615 0.10891120296465222 0.40180932953249715 0.09359562827822121 0.38347159293044475 0.15332153819840363
0 0.22768233979475486 0 0.2200833614595211 0.03839711858608894 0.2732655530216648 0.05046097263397947 0.28447079019384264 0.004134724059293045 0.26865454618015966 0 0.22768233979475486 0
0 0.6453483489167617 0.11668901710376284 0.6985475233751425 0.12517040364880275 0.7056241550741164 0.07492252793614596 0.6558645324971493 0.06461364994298746 0.6453483489167617 0.11668901710376284
0 0.7185685781071837 0.11773549942987457 0.7478881778791334 0.12323680501710375 0.7709604492588369 0.05027002622576967 0.7349600843785632 0.039380010262257695 0.7185685781071837 0.11773549942987457
0 0.6046367103762827 0.15624284036488026 0.5877411812998861 0.23014056328392246 0.7140859190421892 0.2507227423033067 0.7315798426453819 0.18020409236031926 0.6046367103762827 0.15624284036488026