0 0 0.25648596579247435 0.035509924743443555 0.2633050877993159 0.0353527149372862 0.21955746864310147 0 0.21740474458380843 0 0.25648596579247435
0 0.18561027023945267 0.25300239224629417 0.1288441094640821 0.2411940478905359 0.12178812656784493 0.284756244013683 0.17955095324971493 0.289229496009122 0.18561027023945267 0.25300239224629417
0 0.13116437286202964 0.21508579475484607 0.16764814367160777 0.21895211288483468 0.1806347810718358 0.18774728848346636 0.13963312086659066 0.17732089851767388 0.13116437286202964 0.21508579475484607
0 0.07037339338654504 0.6733214059293045 0.10795669327251996 0.6722349361459521 0.10304477309007982 0.6159646750285063 0.07281508209806158 0.6163158779931585 0.07037339338654504 0.6733214059293045
0 0.07563351197263397 0.8920318768529076 0.049601201824401364 0.8878942953249715 0.05513789965792475 0.9272899452679589 0.07444260775370583 0.928174354618016 0.07563351197263397 0.8920318768529076
0 0.34825041391106043 0.9712367537058153 0.3851648734321551 0.969646275940707 0.38666945724059293 0.9256651060433295 0.35263505473204104 0.9214545530216648 0.34825041391106043 0.9712367537058153
0 0.4161056522234892 0.9766899498289624 0.45217470467502846 0.9776166271379704 0.4547619384264538 0.9448754184720639 0.42160242531356895 0.944139417331813 0.4161056522234892 0.9766899498289624
0 0.3893414709236032 0.820360605473204 0.4216316636259977 0.8242182839224629 0.43580376396807297 0.770360834663626 0.39760843443557586 0.7598398323831244 0.3893414709236032 0.820360605473204
0 0.5167665267958951 0.7041202212086659 0.5691020729760548 0.7099558129988598 0.5766534424173319 0.6732192223489168 0.5233091858608894 0.6654268483466362 0.5167665267958951 0.7041202212086659
0 0.3488007514253136 0.08436670353477765 0.31468505815279363 0.07177496009122007 0.30055233523375147 0.12892143899657926 0.3351070570125428 0.13695774686431014 0.3488007514253136 0.08436670353477765
0 0.33093985860889397 0.2769469498289624 0.35828280045610034 0.2796995860889396 0.3767648358038768 0.22793612542759406 0.3423676100342075 0.21418320182440137 0.33093985860889397 0.2769469498289624
0 0.3698681505131129 0.15755476168757127 0.40282718472063855 0.16191644925883694 0.41377325997719494 0.10341591334093501 0.3790934675028506 0.09839668643101482 0.3698681505131129 0.15755476168757127
0 0.4935170809578107 0.12099031356898517 0.5183253489167616 0.1312941984036488 0.5310625381984037 0.09832567616875712 0.5022778483466362 0.08648209464082098 0.4935170809578107 0.12099031356898517
0 0.5868256134549601 0.18822106157354618 0.6237130205245154 0.19922567274800454 0.640993606613455 0.16022235233751425 0.6068048905359178 0.1527357685290764 0.5868256134549601 0.18822106157354618
0 1 0.7163533968072976 0.9694193785632839 0.7112550570125427 0.9633552223489168 0.7618744618015963 0.994636070695553 0.7670715872291903 1 0.7523418597491448 1 0.7163533968072976
0 0.7860915541619156 0.6854557810718358 0.8164445792474344 0.692583637400228 0.8279084196123148 0.6585933249714938 0.7951402873432155 0.6518064686431015 0.7860915541619156 0.6854557810718358
0 0.7221753740022805 0.8785128255416191 0.752022842645382 0.8863097388825542 0.7622165313568985 0.8495015883694412 0.7309841904218928 0.8389013785632838 0.7221753740022805 0.8785128255416191
0 0.660818221208666 0.8553579988597492 0.6943636807297605 0.8596372690992018 0.7013097582668187 0.8280806431014823 0.6622295119726339 0.8227820592930445 0.660818221208666 0.8553579988597492
0 0.04933243671607754 0.23378154503990875 0.04749689509692133 0.2676162805017104 0.06284751539338655 0.27055536488027365 0.06611869213226909 0.22962363511972636 0.04933243671607754 0.23378154503990875
0 0.9947464013683011 0.4396794481185861 0.9888077582668187 0.3943475940706956 0.9591878688711517 0.39551247206385404 0.9574285233751425 0.43413318015963515 0.9947464013683011 0.4396794481185861
0 0.7238602497149372 0.08921727822120867 0.7424644549600913 0.09799474458380843 0.7715602086659066 0.05313223717217788 0.7545864732041049 0.03932894184720638 0.7238602497149372 0.08921727822120867
0 0.7124134378563284 0.06744062485746864 0.7227955404789054 0.0773752109464082 0.7547532850627138 0.02941234321550741 0.7405338688711517 0.020320005701254275 0.7124134378563284 0.06744062485746864