0 0.8821472702394526 0.1343911755986317 0.8472985450399088 0.1759680638540479 0.8739281197263399 0.20055168871151652 0.9110202919042188 0.150172338654504 0.8821472702394526 0.1343911755986317
0 0.7077059669327253 0.08541168643101482 0.7358220741163056 0.05894064310148233 0.6901725917901939 0.02325262371721779 0.6664861094640822 0.0559014629418472 0.7077059669327253 0.08541168643101482
0 0.4346221060433295 0.5925364526795894 0.49832306157354617 0.6351177229190422 0.5179606944127708 0.6031469737742303 0.45591200912200686 0.5603565792474344 0.4346221060433295 0.5925364526795894
0 0.536539740022805 0.7786270034207525 0.5880787491448118 0.803921511972634 0.6047230661345496 0.7697144789053592 0.5604349794754846 0.744502692132269 0.536539740022805 0.7786270034207525
0 0.47825418700114025 0.6780637548460662 0.45150979931584945 0.7123360307867731 0.5169259361459521 0.7561947537058153 0.5405533911060433 0.7247319498289624 0.47825418700114025 0.6780637548460662
0 0.3853072177879133 0.8081588266818701 0.4101906180159635 0.8320563740022805 0.43431622576966933 0.8024033728620297 0.4062226681870011 0.7830941071835804 0.3853072177879133 0.8081588266818701
0 0.42129959977194986 0.8920950535917902 0.40821125655644236 0.9264900136830103 0.43904633181299885 0.9388081778791335 0.45540860433295327 0.9129087058152794 0.42129959977194986 0.8920950535917902
0 0.289427338654504 0.744866621436716 0.2669236077537058 0.7775774469783353 0.29744941733181296 0.7958266157354618 0.3152128608893957 0.7628657993158495 0.289427338654504 0.744866621436716
0 0.20475260547320412 0.9211782805017104 0.235391748004561 0.8805699064994299 0.2096643762827822 0.8500863511972634 0.17269814367160777 0.8980924789053593 0.20475260547320412 0.9211782805017104
0 0.15518393272519954 0.5862171915621437 0.1813775849486887 0.6078035815279361 0.20733578335233752 0.5815167286202965 0.17825116647662484 0.5541288996579248 0.15518393272519954 0.5862171915621437
0 0.2083932143671608 0.34166523831242873 0.22710341961231473 0.3699942155074117 0.249470763968073 0.3554104709236032 0.22525705701254278 0.32589965336374 0.2083932143671608 0.34166523831242873
0 0.9328245381984037 0.402819102622577 0.9534577970353478 0.3717939464082098 0.9255817605473203 0.34833412542759407 0.9039843158494869 0.38644196579247436 0.9328245381984037 0.402819102622577
0 0.8439074925883694 0.7620343990877994 0.8245853660205246 0.8020467423033067 0.8694519828962373 0.8186676579247435 0.8925175746864311 0.7865808437856329 0.8439074925883694 0.7620343990877994
0 0.7316817525655644 0.6366438015963513 0.7491644013683011 0.5977257491448118 0.6973768791334093 0.5771731710376283 0.6832000513112885 0.6210225575826682 0.7316817525655644 0.6366438015963513
0 0.769066481185861 0.660007385404789 0.7915702120866591 0.6272965610034208 0.7566787366020524 0.6031717947548461 0.7332413979475484 0.6408890581527936 0.769066481185861 0.660007385404789
0 0.16716485062713798 0.8223037103762828 0.1441638472063854 0.8645030752565565 0.17060601368301026 0.8813475370581527 0.19962336259977195 0.8376797787913342 0.16716485062713798 0.8223037103762828
0 0.747798976054732 0.8164650011402509 0.7718935085518814 0.7874049350057012 0.7301000045610033 0.7534054116305587 0.7055175438996579 0.7845208836944128 0.747798976054732 0.8164650011402509
0 0.5657132713797035 0.9133493979475484 0.5972345074116306 0.9239198278221209 0.6196726066134549 0.8698012291904219 0.5881824446978335 0.8586378631698973 0.5657132713797035 0.9133493979475484
0 0.6151331299885975 0.9450746248574687 0.6479023876852907 0.9545213318129989 0.6636103888255416 0.9268054412770809 0.6278476180159634 0.9064981185860889 0.6151331299885975 0.9450746248574687
0 0.9398635735461802 0.7218872690992019 0.914275905359179 0.7794081949828962 0.9503805781071836 0.7931916579247434 0.976061534777651 0.7341892086659064 0.9398635735461802 0.7218872690992019
0 0.20241057924743444 0.7278313580387685 0.18579889509692132 0.761445535917902 0.20042181299885972 0.7657792805017104 0.21899968072976056 0.7328627103762828 0.20241057924743444 0.7278313580387685
0 0.15799701596351196 0.8045808643101483 0.17081161003420753 0.8094144025085519 0.17838051425313567 0.7940551037628278 0.16242159863169897 0.7881649315849487 0.15799701596351196 0.8045808643101483
0 0.17182506043329532 0.7220664857468643 0.18476647434435575 0.735825142531357 0.19819323033067274 0.7219619703534778 0.18095745952109463 0.7064902793614596 0.17182506043329532 0.7220664857468643
0 0.16060475028506271 0.7434773523375142 0.181994842645382 0.7547059612314709 0.1830010763968073 0.739894574686431 0.1701747126567845 0.7308969019384265 0.16060475028506271 0.7434773523375142