0 0.22701256442417334 0.26830420638540475 0.21008423831242873 0.13277932041049031 0.16970607981755986 0.13849981299885974 0.18799601368301025 0.28141266134549603 0.22701256442417334 0.26830420638540475
0 0.2788690342075256 0.17663379019384265 0.26708000798175596 0.12399643557582668 0.24601429418472065 0.12883360661345494 0.25225457468643103 0.17828963740022807 0.2788690342075256 0.17663379019384265
0 1 0.24145657810718357 0.9387339247434435 0.223432488027366 0.9287463055872291 0.2667673352337514 0.9904113420752565 0.28023362827822124 1 0.2526047354618016 1 0.24145657810718357
0 0.7225019612314709 0.5610479019384265 0.7287573660205245 0.5421359988597492 0.6935764789053592 0.5343404629418472 0.6861117194982896 0.5469366545039909 0.7225019612314709 0.5610479019384265
0 0.7190209281641962 0.581550465222349 0.7202420239452679 0.5643293762827822 0.6855593591790193 0.5530000387685291 0.682298385404789 0.569792433295325 0.7190209281641962 0.581550465222349
0 0.7119294321550741 0.6021451961231471 0.7182770045610034 0.5868437571265678 0.6788088015963513 0.5754351299885975 0.6773124218928164 0.5924818335233751 0.7119294321550741 0.6021451961231471
0 0.3189318962371722 0.5187246043329532 0.32334873888255417 0.5043509897377423 0.284651755986317 0.5002536602052452 0.2823015210946408 0.5105770376282782 0.3189318962371722 0.5187246043329532
0 0.3206788232611174 0.5489572656784493 0.3276128209806157 0.5337382417331813 0.2955416784492588 0.5251695370581528 0.29076403990877997 0.5399547571265678 0.3206788232611174 0.5489572656784493
0 0.32595358266818697 0.5796857297605473 0.33120784492588373 0.5636310513112885 0.2963698551881414 0.5576619486887116 0.29242966362599776 0.5707771527936146 0.32595358266818697 0.5796857297605473
0 0.33740888027366017 0.5962900273660205 0.29867606841505134 0.5860482269099202 0.2951857206385405 0.6023508072976055 0.3292147582668187 0.611931535917902 0.33740888027366017 0.5962900273660205
0 0.499371031927024 0.6640338301026225 0.42314699885974916 0.6731122839224629 0.42182451653363745 0.7209074321550741 0.49888618928164197 0.7101463671607754 0.499371031927024 0.6640338301026225
0 0.16426234549600913 0.4076237890535918 0.16539925997719498 0.3909904538198403 0.0474513409350057 0.37697954846066134 0.04792504218928164 0.39067406157354617 0.16426234549600913 0.4076237890535918
0 0.21553270581527936 0.35425391448118587 0.22255088369441275 0.33844713797035353 0.18652092018244013 0.32817179817559866 0.18560838768529078 0.34105297035347776 0.21553270581527936 0.35425391448118587
0 0.20211062371721777 0.3601653249714937 0.17706642873432157 0.35064816419612316 0.17382419954389966 0.36518528164196123 0.1963494754846066 0.3755491801596351 0.20211062371721777 0.3601653249714937
0 0.13072143899657926 0.4286999714937286 0.13841975826681868 0.4165862919042189 0.05424609464082098 0.401158945267959 0.05016777423033067 0.41737889167616876 0.13072143899657926 0.4286999714937286
0 0.16560103762827824 0.5559504777651083 0.17211387913340934 0.5394730957810718 0.072322503990878 0.513582858608894 0.068474913340935 0.530305433295325 0.16560103762827824 0.5559504777651083
0 0.18277835803876852 0.5019878129988598 0.19383901938426457 0.4915474298745724 0.17189840364880274 0.4812672770809578 0.17126682668187002 0.49857121778791336 0.18277835803876852 0.5019878129988598
0 0.14317712656784493 0.5917830809578106 0.1512059794754846 0.5773175165336374 0.0824959897377423 0.5563840228050171 0.07922531698973774 0.5690016259977195 0.14317712656784493 0.5917830809578106
0 0.21520272405929305 0.5827141607753706 0.16883559635119724 0.5755981003420753 0.16474796009122006 0.5876180649942988 0.21547879133409348 0.5935486476624857 0.21520272405929305 0.5827141607753706
0 0.12233301140250855 0.6206411106043329 0.13145517445838084 0.6069287844925884 0.0944331755986317 0.5994346351197263 0.09250240820980615 0.6110508483466364 0.12233301140250855 0.6206411106043329
0 0.24267464196123148 0.43843653819840367 0.24709303192702395 0.4240631402508552 0.21342774914481188 0.4182935644241733 0.2107591220068415 0.4351486966932725 0.24267464196123148 0.43843653819840367
0 0.30744204903078676 0.4127520216647662 0.27880602166476626 0.41172699315849487 0.2862315598631699 0.4655482770809578 0.3167872383124287 0.4614468278221209 0.30744204903078676 0.4127520216647662
0 0.2234589851767389 0.5197015381984037 0.239727330672748 0.4722065621436716 0.20761635005701257 0.46604322006841503 0.19683520980615737 0.5171574036488027 0.2234589851767389 0.5197015381984037
0 0.15536451767388826 0.2960180604332953 0.15611456556442418 0.256539810718358 0.10690506157354619 0.26751516989737745 0.1117890661345496 0.29889086202964654 0.15536451767388826 0.2960180604332953
0 0.16443615849486887 0.1845410148232611 0.16237599657924745 0.16505844241733184 0.1065538551881414 0.16763488711516533 0.1091934401368301 0.1893715997719498 0.16443615849486887 0.1845410148232611
0 0.9596785621436716 0.43064840364880275 0.972198905359179 0.39702303420752566 0.9329335735461801 0.38630403990877993 0.9174163728620297 0.41991058038768525 0.9596785621436716 0.43064840364880275
0 1 0.4022752622576967 0.9741280889395667 0.39609499201824405 0.970096566704675 0.43331330672748003 1 0.4419627046750285 1 0.4022752622576967