0 0.2170659828962372 0.7092888871151652 0.16457874572405928 0.7157985952109464 0.17222974686431017 0.7716961573546179 0.22404997149372863 0.7613846111744583 0.2170659828962372 0.7092888871151652
0 0.3674808392246294 0.7515921436716078 0.35082615621436714 0.7223689737742304 0.3184959464082098 0.7428189304446979 0.33828251995438996 0.7760546921322691 0.3674808392246294 0.7515921436716078
0 0.04706954161915622 0.37251405815279365 0.02669068072976055 0.36912909007981753 0.01877636716077537 0.41787353591790194 0.03585558836944128 0.4214805404789054 0.04706954161915622 0.37251405815279365
0 0.20266734891676166 0.40197497377423036 0.16141298403648804 0.3958848483466363 0.14871973204104902 0.4793496624857469 0.18254241847206384 0.4875201584948689 0.20266734891676166 0.40197497377423036
0 0.23461755872291906 0.3872961391106043 0.23752923147092359 0.34114590421892815 0.1864274116305587 0.3336097069555302 0.18191620752565565 0.3758036431014823 0.23461755872291906 0.3872961391106043
0 0.3374976259977195 0.5357169566704675 0.3473333409350057 0.5028992713797036 0.29671962257696693 0.4832627434435576 0.2823669566704675 0.5204027502850627 0.3374976259977195 0.5357169566704675
0 0.46416437514253134 0.35214021550741165 0.44556851995439 0.33344406727480047 0.40702350969213225 0.3509724503990878 0.4353375883694413 0.3789485233751425 0.46416437514253134 0.35214021550741165
0 0.9088707616875713 0 0.8830747730900799 0.0357124401368301 0.9403990684150513 0.08434367616875713 0.9270403420752565 0 0.9088707616875713 0
0 0.8220300273660206 0.31469670125427596 0.8455104116305587 0.34524497263397946 0.8857849794754846 0.303398189281642 0.8562539270239453 0.2780163078677309 0.8220300273660206 0.31469670125427596
0 0.78260203990878 0.5289413671607753 0.7474898962371721 0.5122599908779931 0.7210020809578107 0.5627454709236032 0.760580937286203 0.583527015963512 0.78260203990878 0.5289413671607753
0 0.48536016419612316 0.45939652907639683 0.4526960342075257 0.46577232155074116 0.4587334264538198 0.5038909179019384 0.4893235188141391 0.4948378654503991 0.48536016419612316 0.45939652907639683
0 0.7711701014823261 0 0.8187151505131129 0.0735573740022805 0.8676366932725199 0.03695370695553021 0.8426224823261117 0 0.7711701014823261 0
0 0.28726990193842644 0.9740996476624858 0.33027607639680734 0.8963522998859749 0.25838356556442416 0.863853338654504 0.22339836830102622 0.9508520148232611 0.28726990193842644 0.9740996476624858