0 0.8566192565564424 0.11605927708095781 0.8840947080957811 0.1315425621436716 0.9205670969213228 0.08550122576966933 0.8857014298745725 0.07099928848346636 0.8566192565564424 0.11605927708095781
0 0.7786732348916762 0.05526482212086659 0.7605528494868872 0.07879109578107184 0.8219827377423033 0.10256488825541618 0.8433842132269099 0.057810595210946406 0.7786732348916762 0.05526482212086659
0 0.514127117445838 0.14415298175598631 0.5006821140250856 0.18718282098061573 0.573486850627138 0.20471549486887117 0.5815222941847207 0.16337671949828964 0.514127117445838 0.14415298175598631
0 0.1155682291904219 0.626230228050171 0.11505729418472065 0.7072748791334094 0.3859872907639681 0.7075333215507411 0.3782976351197263 0.6207560992018244 0.1155682291904219 0.626230228050171
0 0.05827608209806157 0.4156162987457241 0.10845239566704676 0.41015568871151653 0.10962121664766249 0.3867168232611174 0.060294925883694415 0.38344799087799314 0.05827608209806157 0.4156162987457241
0 0 0.8334209612314709 0.06103399201824401 0.8370813454960092 0.06785350171037628 0.7758593112884835 0.00030855758266818697 0.7661107696693272 0 0.7680849703534777 0 0.8334209612314709
0 0.1933197388825542 0.8797010114025086 0.29966614709236034 0.8902300615735462 0.31138290649942985 0.8234178836944127 0.20661823147092362 0.8112861984036487 0.1933197388825542 0.8797010114025086
0 0.9181532269099202 0.7230702006841505 0.9124287662485746 0.6915296830102623 0.8700956043329533 0.7002052805017104 0.8805810239452679 0.7268486316989737 0.9181532269099202 0.7230702006841505
0 0.8586452907639681 0.9413541676168756 0.9259567194982896 0.9290641790193842 0.9293888962371722 0.9114071596351198 0.8563732531356899 0.9239970558722919 0.8586452907639681 0.9413541676168756
0 0.8663421140250854 0.9090209247434436 0.931196448118586 0.8948446316989738 0.9319095096921323 0.8766574789053592 0.8619177457240593 0.8954731163055872 0.8663421140250854 0.9090209247434436
0 0.9271415952109463 0.8503582770809579 0.8614951060433296 0.8686098563283923 0.8661823922462942 0.8807968928164196 0.9356461516533637 0.8646976009122007 0.9271415952109463 0.8503582770809579
0 0.32054591904218926 0.8198427730900798 0.3141689578107184 0.8453859156214367 0.40248845952109463 0.8484569942987457 0.4012318175598632 0.8186126419612314 0.32054591904218926 0.8198427730900798