0 0.7635803340935006 0.832251630558723 0.6576403033067275 0.8569926271379704 0.6802586978335233 0.9472766761687572 0.7900835142531356 0.9278243660205244 0.7635803340935006 0.832251630558723
0 0.1430297354618016 0.14812288483466363 0.1566842166476625 0.2052689464082098 0.2715494481185861 0.18039957126567843 0.2607059179019384 0.1263720843785633 0.1430297354618016 0.14812288483466363
0 0.20818041277080956 0 0.2197747993158495 0.05083889851767389 0.27481841505131127 0.03860914823261117 0.26574861459521093 0 0.20818041277080956 0
0 0.4585432702394527 0.07259144811858609 0.5214845644241733 0.0628221527936146 0.511612724059293 0.024288630558722917 0.448514661345496 0.03701940478905359 0.4585432702394527 0.07259144811858609
0 0.30007259521094637 0.06725448232611174 0.31144691220068416 0.12249891676168757 0.36312241733181305 0.1121392063854048 0.34588402622576964 0.06101069897377423 0.30007259521094637 0.06725448232611174
0 0.14130365678449258 0.22643831470923603 0.1568300889395667 0.2819003511972634 0.21845672177879133 0.26315150741163057 0.2021269874572406 0.21737476510832382 0.14130365678449258 0.22643831470923603
0 1 0.19569865564424174 0.9024383375142531 0.21346305701254276 0.9261182063854048 0.289165488027366 1 0.2715971527936146 1 0.19569865564424174
0 1 0.32655677423033064 0.9318381163055872 0.34449536031927025 0.9436513397947548 0.38004984150513116 1 0.3623034743443557 1 0.32655677423033064
0 0.6934280364880274 0.3783314982896237 0.7057026955530217 0.4163963842645382 0.7773176647662485 0.3999531368301026 0.7713381345496009 0.3665647468643102 0.6934280364880274 0.3783314982896237
0 0.6689082314709236 0.30160871037628273 0.6811161151653364 0.31828766818700116 0.7463019258836945 0.29972535233751424 0.7443987981755987 0.2849868015963512 0.6689082314709236 0.30160871037628273
0 0.3060078700114025 0.317041810718358 0.3129709897377423 0.3316622063854048 0.3449554629418472 0.3226456636259977 0.3409569418472064 0.3081822006841505 0.3060078700114025 0.317041810718358
0 0.15643580957810718 0.32345854503990873 0.1580919361459521 0.3372078129988597 0.2307391299885975 0.32378835803876854 0.23108426795895096 0.3115302462941847 0.15643580957810718 0.32345854503990873
0 0.314097889395667 0.34419461003420754 0.3168809418472064 0.35919050171037625 0.35304540022805014 0.3498000216647662 0.34736836145952105 0.33900217217787915 0.314097889395667 0.34419461003420754
0 0.31635316647662487 0.3692610558722919 0.31860378791334093 0.38304148118586084 0.35461312086659064 0.37661100114025087 0.3531801037628278 0.3642471824401368 0.31635316647662487 0.3692610558722919
0 0.3211633511972634 0.39089714139110604 0.32759560205245153 0.4043021505131129 0.3421364903078677 0.39912481641961234 0.3394249509692132 0.3884667366020525 0.3211633511972634 0.39089714139110604
0 1 0.034950623717217785 0.9919818460661345 0.02509750285062714 0.955812732041049 0.02320196009122007 0.9638399486887116 0.05155311288483466 1 0.039037760547320416 1 0.034950623717217785
0 0.9718715929304447 0.8456054287343215 0.9826408586088939 0.8443251071835803 0.9856521391106043 0.7868664595210947 0.9565221630558723 0.7924683420752565 0.9718715929304447 0.8456054287343215
0 0.9780850889395667 0.9028919395667047 0.9810684697833524 0.8573106100342075 0.9575403956670467 0.8637990752565564 0.9736699452679589 0.9133955769669327 0.9780850889395667 0.9028919395667047
0 0.5818983888255416 1 0.573949275940707 0.990411047890536 0.5361285826681871 0.9973395974914482 0.5363822805017104 1 0.5818983888255416 1
0 0.36029352793614594 0.9489207457240593 0.3690741984036488 0.9856149532497149 0.39033989395667046 0.9825878278221208 0.3830439441277081 0.9459557844925883 0.36029352793614594 0.9489207457240593