0 0.7570832189281642 0.8972869270239452 0.7463910193842646 0.9310279555302167 0.8117346294184721 0.937119685290764 0.8191110992018245 0.9040035724059293 0.7570832189281642 0.8972869270239452
0 0.6091834424173318 0.9184606009122007 0.5967932919042189 0.9764610319270239 0.6243832748004561 0.9819583785632839 0.6343627924743444 0.9243845792474344 0.6091834424173318 0.9184606009122007
0 0.5039136579247434 0.7981210855188141 0.49703656670467505 0.8368857924743444 0.5593552246294184 0.8436775929304448 0.5622621208665907 0.8063629087799316 0.5039136579247434 0.7981210855188141
0 0.6647629464082099 0.7790417639680729 0.665020251995439 0.8093867559863169 0.6951691459521094 0.8166152576966932 0.6987310182440137 0.7784457423033068 0.6647629464082099 0.7790417639680729
0 0.5190282725199544 0.45429569897377425 0.5078679133409351 0.48621995781071836 0.5623744059293044 0.4983563899657925 0.570310401368301 0.46144976168757124 0.5190282725199544 0.45429569897377425
0 0.28438268301026226 0.8392591527936145 0.26929617559863167 0.876259401368301 0.3056644424173318 0.8838977423033068 0.31879071037628276 0.8493949623717219 0.28438268301026226 0.8392591527936145
0 0.20086555188141392 0.858987598631699 0.23523216191562143 0.8697157137970354 0.25370703762827823 0.8353300684150513 0.21535986431014822 0.8219443728620297 0.20086555188141392 0.858987598631699
0 0.2686264652223489 0.3666196659064994 0.24548277993158496 0.3911666009122007 0.2642557309007982 0.4121005678449259 0.2892175267958951 0.38708869897377424 0.2686264652223489 0.3666196659064994
0 0.8747414150513113 0.04033654732041049 0.867728630558723 0.07255239908779931 0.9242193090079818 0.08182651881413912 0.930169669327252 0.04778053477765108 0.8747414150513113 0.04033654732041049
0 0.6139231368301026 0.007993686431014823 0.6088383831242874 0.02114916305587229 0.6628735997719498 0.031468606613454964 0.6691520581527937 0.01405477537058153 0.6139231368301026 0.007993686431014823
0 0.8971007502850626 0.7590172383124286 0.8805000695553022 0.8006700729760546 0.916933298745724 0.8073794321550741 0.9251191425313569 0.7669222086659065 0.8971007502850626 0.7590172383124286
0 0.7398762588369442 0.4709292941847207 0.7361416704675028 0.49028938084378565 0.7950410193842646 0.49916492474344354 0.7978538460661345 0.48449728278221205 0.7398762588369442 0.4709292941847207