0 0.8298832018244013 0.22303592360319272 0.8023009338654504 0.2341073797035348 0.8186036191562144 0.3031668175598632 0.8491874287343216 0.29886854275940705 0.8298832018244013 0.22303592360319272
0 0.8871477981755986 0.22757919726339793 0.8532016431014823 0.2335507662485747 0.8814700410490307 0.285337740022805 0.9153355427594071 0.27878107753705816 0.8871477981755986 0.22757919726339793
0 0.9223111037628279 0.5095403751425314 0.9053864595210946 0.4768432497149373 0.8429761596351196 0.5149941151653363 0.8601289669327252 0.5431622884834664 0.9223111037628279 0.5095403751425314
0 1 0.5118457514253136 0.9933936556442418 0.49055659749144814 0.9544534241733181 0.505924022805017 0.9746650193842645 0.5558453797035348 1 0.5522847810718358 1 0.5118457514253136
0 0.6742950957810718 0.45985525085518814 0.7033592542759407 0.45187324629418474 0.6835081242873433 0.39170670239452676 0.6535869338654504 0.4007085324971494 0.6742950957810718 0.45985525085518814
0 0.5886606738882554 0.2545391984036488 0.6265213249714937 0.25431470467502854 0.6127370102622577 0.19539407411630558 0.5807198198403649 0.20229213797035347 0.5886606738882554 0.2545391984036488
0 0.6234606989737742 0.2709336465222349 0.5940811003420753 0.2717649612314709 0.5926430068415052 0.3127388608893956 0.6222052782212086 0.3139819977194983 0.6234606989737742 0.2709336465222349
0 0.5831495233751425 0.16837389851767387 0.5986369213226911 0.1646967457240593 0.5851231003420753 0.11413386887115166 0.5725229350057013 0.1141043740022805 0.5831495233751425 0.16837389851767387
0 0.13592658152793613 0.6989049555302167 0.1178468221208666 0.672965606613455 0.03359515051311288 0.7474646305587229 0.05227659863169898 0.7694221140250855 0.13592658152793613 0.6989049555302167
0 0.6756194389965792 0.9300468095781073 0.7134383956670467 0.924731701254276 0.6985595564424174 0.8572709122006842 0.6669648540478905 0.862908850627138 0.6756194389965792 0.9300468095781073
0 0.8967332143671608 0.9145605074116305 0.8587487434435576 0.9339891277080958 0.8725077708095781 0.9513021049030788 0.9125006750285063 0.9456814686431015 0.8967332143671608 0.9145605074116305
0 0.8425444549600912 0.738102031927024 0.801416441277081 0.6668355085518815 0.7718659338654504 0.6832800570125428 0.8090859007981757 0.7517981014823262 0.8425444549600912 0.738102031927024
0 1 0.7878627879133409 0.9786415176738882 0.7975204868871152 0.9860906248574686 0.8225571140250856 1 0.8181977080957811 1 0.7878627879133409
0 0.9278512816419613 0.8433334070695553 0.9610964777651083 0.8305667001140251 0.951248779931585 0.8031706180159635 0.9185514515393386 0.8137617799315849 0.9278512816419613 0.8433334070695553
0 0.9200233158494869 0.8516285781071835 0.9042606887115164 0.8187681413911061 0.8925617263397947 0.8294061003420752 0.9064330592930444 0.8598342075256556 0.9200233158494869 0.8516285781071835
0 0.8614199885974915 0.7486416978335234 0.8150224561003421 0.7764461402508552 0.8204925632839224 0.7945642976054732 0.8705319657924744 0.7665478164196123 0.8614199885974915 0.7486416978335234
0 0.5561799053591789 0.4629645929304447 0.5038421493728621 0.4757164503990878 0.5213103112884835 0.5050394709236032 0.5705676567844926 0.48852344127708097 0.5561799053591789 0.4629645929304447
0 0.5142957354618015 0.45086189737742305 0.5219914036488027 0.47046760547320415 0.5508135131128848 0.45892210832383123 0.5428854663625997 0.436652503990878 0.5142957354618015 0.45086189737742305
0 0.18128255872291904 0.6379683432155074 0.19855003306727478 0.640939401368301 0.19750561687571264 0.5481489133409351 0.18331655302166477 0.5453463751425314 0.18128255872291904 0.6379683432155074
0 0.1551164298745724 0.6092681562143671 0.17076902166476624 0.6079677046750285 0.16042231812998858 0.49340211858608896 0.1437065678449259 0.49395260889395665 0.1551164298745724 0.6092681562143671
0 0.17953445610034208 0.5099028061573546 0.1955543842645382 0.5091503158494869 0.19252818586088938 0.4487161527936146 0.17463516191562142 0.44943367616875707 0.17953445610034208 0.5099028061573546
0 0.14565636488027367 0.4864835610034207 0.16160294298745725 0.48514179361459525 0.1583531961231471 0.44452693500570123 0.14096529304446978 0.44457230558722916 0.14565636488027367 0.4864835610034207
0 0.13291133523375143 0.4729837605473204 0.1159481094640821 0.4756691562143672 0.11510752223489168 0.5123619851767388 0.13232860889395667 0.5111408905359179 0.13291133523375143 0.4729837605473204
0 0.19728380957810718 0.17103788939566703 0.23173017559863168 0.16499917673888254 0.22507558380843787 0.13835192474344354 0.19298683922462942 0.14046336259977196 0.19728380957810718 0.17103788939566703
0 0.5787487468643102 0.6192839692132269 0.5962511573546181 0.6414071550741164 0.6248612839224629 0.6187991254275941 0.603066724059293 0.600277086659065 0.5787487468643102 0.6192839692132269
0 0.886458551881414 0.38057184834663627 0.8502781402508552 0.3937510729760547 0.8626170946408209 0.41150188483466366 0.8921158004561003 0.4037601790193842 0.886458551881414 0.38057184834663627
0 0.5031799270239452 0.42724154618015964 0.508061236031927 0.4481421664766249 0.543557401368301 0.43715607639680726 0.5357930741163056 0.4160626316989738 0.5031799270239452 0.42724154618015964
0 0.4260496909920182 0.3649321094640821 0.43527826795895097 0.3846221755986317 0.48595718700114027 0.3559130752565564 0.4737274549600912 0.3414430535917902 0.4260496909920182 0.3649321094640821
0 0.03630147890535918 0.5854945131128849 0.09081814481185861 0.5187735610034208 0.04940589281641962 0.4844198916761688 0.001423619156214367 0.5361338232611175 0.03630147890535918 0.5854945131128849