0 0.5842491128848347 1 0.58343696009122 0.9791381607753705 0.4923775518814139 0.983683314709236 0.4954818985176739 0.9968653101482325 0.5391176145952109 1 0.5842491128848347 1
0 0.44423285860889394 0.7460739692132269 0.44673767616875715 0.7764689646522236 0.5115321755986317 0.7669228825541619 0.5010622919042189 0.7349849076396807 0.44423285860889394 0.7460739692132269
0 0.6365182166476625 0.37779935119726343 0.6477808962371722 0.4465358472063854 0.6871119133409349 0.443154858608894 0.6742267901938426 0.36979485974914483 0.6365182166476625 0.37779935119726343
0 1 0.336736842645382 0.9617196168757126 0.3374553888255416 0.9658579874572406 0.3720662132269099 1 0.3727382405929304 1 0.336736842645382
0 0.8797244811858609 0.38867031128848345 0.9111947822120867 0.38917516647662487 0.9072956488027365 0.3307003432155074 0.8761665324971494 0.3374383694412771 0.8797244811858609 0.38867031128848345
0 0.7582616636259978 0.4812955575826682 0.7979564618015964 0.48446562941847204 0.8011269692132269 0.4447583409350057 0.7607173648802736 0.4449997753705815 0.7582616636259978 0.4812955575826682
0 0.7599761698973774 0.2620671584948689 0.7584393979475484 0.22100882668187 0.7195334754846066 0.22076806955530218 0.719687929304447 0.2588779258836944 0.7599761698973774 0.2620671584948689
0 0.7661274047890536 0.18799764880273662 0.7649459475484606 0.22183015165336373 0.8148942280501711 0.22060226111744585 0.7973549441277081 0.18694777194982895 0.7661274047890536 0.18799764880273662
0 0.8315765849486888 0.2532762462941847 0.9082703432155074 0.25179410376282785 0.9123488757126568 0.23707904218928164 0.8308665678449259 0.23958218700114023 0.8315765849486888 0.2532762462941847
0 1 0.2325255165336374 0.9401822930444698 0.23114523603192702 0.9374914218928164 0.2486557434435576 1 0.2492804526795895 1 0.2325255165336374
0 0.825134023945268 0.06347797149372862 0.8849496145952109 0.05189751311288483 0.8807076909920182 0.020252070695553022 0.8190039509692133 0.026400823261117444 0.825134023945268 0.06347797149372862
0 0.7616464207525656 0.010079757126567845 0.7702468244013684 0.036006638540478905 0.8001552462941847 0.030198451539338655 0.8025902132269099 0.01150954503990878 0.7616464207525656 0.010079757126567845
0 0.5279278631698974 0.05072129190421893 0.5160133352337515 0.017619692132269098 0.47330239680729763 0.03276801710376283 0.4862378768529076 0.07065972862029646 0.5279278631698974 0.05072129190421893
0 0.4289385632839225 0.12927540592930445 0.4145752953249715 0.08123080501710377 0.3798670558722919 0.08833789737742304 0.39877015963511975 0.1424837149372862 0.4289385632839225 0.12927540592930445
0 0.47113429076396807 0.2139464709236032 0.4599167571265678 0.17789864994298743 0.4304676328392246 0.1875674047890536 0.43859384036488025 0.22707350969213227 0.47113429076396807 0.2139464709236032
0 0.3181912976054732 0.18721286431014825 0.33362471379703534 0.22162557012542758 0.3740880433295325 0.20283252223489168 0.36225852679589515 0.16729646750285063 0.3181912976054732 0.18721286431014825
0 0.3126417092360319 0.380158598631699 0.319498251995439 0.42199681299885977 0.3632524218928164 0.4110452645381984 0.3578108050171038 0.3712217194982896 0.3126417092360319 0.380158598631699
0 0.238586677309008 0.2040433922462942 0.2728865165336374 0.19157346750285062 0.2533770034207526 0.12076664994298746 0.21426784036488025 0.13485252793614594 0.238586677309008 0.2040433922462942
0 0.86009534663626 0.21921015963511972 0.8637140843785633 0.18368043215507412 0.8304434606613454 0.18364584606613457 0.829770378563284 0.21993352337514252 0.86009534663626 0.21921015963511972
0 0.5143945267958951 0.8465806761687571 0.5872792428734321 0.8520964264538198 0.5890448255416192 0.8355182576966933 0.5160787856328392 0.8323761151653363 0.5143945267958951 0.8465806761687571
0 0.23026895096921324 0.8675604298745724 0.23537375256556442 0.891509424173318 0.25571472748004564 0.887466850627138 0.2476015952109464 0.8645994640820981 0.23026895096921324 0.8675604298745724
0 0.23918811516533636 0.9183854789053593 0.2612471448118586 0.9161836727480045 0.2532168449258837 0.8909442953249715 0.2361588095781072 0.8945480478905359 0.23918811516533636 0.9183854789053593
0 0 0.9537630376282783 0.01824415393386545 0.9504863876852907 0.01937646750285063 0.9350743295324973 0 0.9390017776510832 0 0.9537630376282783
0 0.1570036465222349 0.29449659977194986 0.06810438198403648 0.3222938061573546 0.07992300456100342 0.3411286818700114 0.16491882554161916 0.3060642576966933 0.1570036465222349 0.29449659977194986
0 0.7819041721778791 0.5528408152793615 0.7852832736602052 0.5921811470923602 0.8228325644241733 0.5887379372862029 0.8229946328392247 0.550115378563284 0.7819041721778791 0.5528408152793615
0 0.591767258836944 0.6044396909920182 0.5953137491448118 0.6390314082098062 0.625782259977195 0.634152709236032 0.6242182531356898 0.6024256750285063 0.591767258836944 0.6044396909920182
0 0.9448558221208666 0.9394632656784492 0.9817910570125428 0.9365911619156214 0.9864945336374003 0.869953779931585 0.9460320148232612 0.8717552565564424 0.9448558221208666 0.9394632656784492
0 0.250687755986317 0.23180293728620296 0.2423880205245154 0.21427916875712658 0.17618256328392248 0.2387100763968073 0.1828191014823261 0.2528221596351197 0.250687755986317 0.23180293728620296
0 0.2540485165336374 0.22062904446978335 0.26972532497149376 0.21404558380843786 0.26363337058152797 0.20135180843785633 0.24591329304446977 0.20690082782212085 0.2540485165336374 0.22062904446978335
0 0.1421952725199544 0.6505451277080958 0.14581006727480045 0.6661229600912201 0.16410177537058154 0.6612177172177879 0.1577063101482326 0.6487087742303307 0.1421952725199544 0.6505451277080958
0 0.1465937628278221 0.6946755165336373 0.16498879931584948 0.6953178848346636 0.16499806157354618 0.6780842725199543 0.1448228597491448 0.6773797388825542 0.1465937628278221 0.6946755165336373
0 0.4899983318129989 0.21817145153933867 0.4974820068415051 0.2760772782212087 0.5406619486887115 0.2645115655644242 0.5301308449258837 0.2088069771949829 0.4899983318129989 0.21817145153933867