0 0.1565606134549601 0 0.16153297263397945 0.04267640820980616 0.2275446237172178 0.03730265222348917 0.22688180045610032 0 0.1565606134549601 0
0 0.46799582896237174 0.10853807867730901 0.5368499760547321 0.11033377309007983 0.5303614344355758 0.056798315849486886 0.46052156556442414 0.06035342075256556 0.46799582896237174 0.10853807867730901
0 0.7710504093500571 0.16544358950969215 0.7671707537058153 0.1155401550741163 0.6953482805017104 0.11369421208665906 0.7015078871151653 0.1689741938426454 0.7710504093500571 0.16544358950969215
0 0.7164030661345496 0.2683102166476625 0.7187502212086658 0.3039472326111744 0.7644723443557582 0.3041530376282782 0.7626789247434436 0.2708135359179019 0.7164030661345496 0.2683102166476625
0 0.7659120877993157 0.4257966909920182 0.7712792998859749 0.4585203454960091 0.804524236031927 0.4591006385404789 0.8027056750285063 0.4272015427594071 0.7659120877993157 0.4257966909920182
0 0.4603164675028506 0.17425625199543898 0.4623287502850627 0.19505703876852906 0.4985627092360319 0.19450182440136832 0.49896645952109464 0.17137097263397946 0.4603164675028506 0.17425625199543898
0 0.05946852565564424 0.0723371550741163 0.05803428962371721 0.08655179019384264 0.11026443557582669 0.08805574800456101 0.11169140592930445 0.07443639110604333 0.05946852565564424 0.0723371550741163
0 0.03435204218928164 0.11639458494868872 0.10324761231470925 0.11581720296465223 0.10830454960091221 0.09836373774230331 0.035204515393386544 0.10157751881413911 0.03435204218928164 0.11639458494868872
0 0.10540077194982896 0.46884761231470923 0.10829860319270239 0.5068680399087799 0.14748169669327255 0.5075519828962372 0.15251121892816422 0.4745691117445838 0.10540077194982896 0.46884761231470923
0 0.15901930330672748 0.2888372177879133 0.09916320068415051 0.2818602725199544 0.09556544127708096 0.3518018859749145 0.15667251767388826 0.35524231128848344 0.15901930330672748 0.2888372177879133
0 0.03334503534777651 0.34419139224629414 0.09206557696693272 0.3481824401368301 0.10046627366020525 0.2921705210946408 0.037880128848346635 0.2885026841505131 0.03334503534777651 0.34419139224629414
0 0.25839141277080957 0.2092937605473204 0.26550854275940705 0.24382791904218928 0.31301167046750283 0.24406324857468642 0.3130041117445838 0.21047518928164194 0.25839141277080957 0.2092937605473204
0 0.8782523511972634 0.1477352622576967 0.880399236031927 0.16082472405929304 0.9161015997719498 0.15670343899657924 0.9139428187001141 0.14420604675028506 0.8782523511972634 0.1477352622576967
0 0.9658830068415051 0.2305428654503991 0.9668425712656784 0.24361160205245155 0.9882350410490308 0.2427973283922463 0.9870005701254276 0.2284673511972634 0.9658830068415051 0.2305428654503991
0 0.9696452348916762 0.25315259407069557 0.9711674002280501 0.2680111094640821 0.9908306214367161 0.26420213683010263 0.9883934515393387 0.2507325507411631 0.9696452348916762 0.25315259407069557
0 0.9733971014823262 0.2763559817559863 0.9754611687571266 0.2941900330672748 0.9922078757126568 0.2873625142531357 0.9897397559863169 0.2756660957810718 0.9733971014823262 0.2763559817559863