0 0.16583820182440137 0.9298778950969213 0.1780222462941847 0.8960869213226911 0.14174284264538198 0.8868235393386544 0.13373653705815278 0.9234284355758267 0.16583820182440137 0.9298778950969213
0 0.22930923603192702 0.6993965210946409 0.2638098574686431 0.6932935507411631 0.25562687685290764 0.6574192633979475 0.22276148460661344 0.6625995131128849 0.22930923603192702 0.6993965210946409
0 0.568778015963512 0.5880887240592931 0.5361222371721779 0.5974590877993159 0.5515709999999999 0.645818574686431 0.588161558722919 0.6411239509692133 0.568778015963512 0.5880887240592931
0 1 0.708584661345496 0.9924475496009122 0.6827902622576967 0.9521179201824401 0.6900230935005701 0.9613823135689852 0.7407960182440136 1 0.7332895005701254 1 0.708584661345496
0 0.7971295416191563 0.586605574686431 0.8456692713797036 0.568710282782212 0.829298086659065 0.5187170980615735 0.7747203340935006 0.5335552052451539 0.7971295416191563 0.586605574686431
0 0.5274219885974915 0.4251184139110604 0.5434820193842645 0.48906960433295327 0.5807838529076397 0.4818188620296465 0.5650553318129988 0.4164613933865451 0.5274219885974915 0.4251184139110604
0 0.36021838768529074 0.36153860091220064 0.3640106259977195 0.41216547776510837 0.41502343899657923 0.4101048517673888 0.4153450353477765 0.352636062713797 0.36021838768529074 0.36153860091220064
0 0.4161956510832383 0.45036461915621434 0.35532362599771955 0.4452766944127708 0.35850399885974915 0.4803088015963512 0.4190426202964652 0.4774661995438997 0.4161956510832383 0.45036461915621434
0 0.29948005473204103 0.14553123261117445 0.30499761003420756 0.15835784378563283 0.3597494948688712 0.15375901140250856 0.35296993728620296 0.13755171265678448 0.29948005473204103 0.14553123261117445
0 0.3007815233751425 0.12110919954389965 0.2998705541619156 0.13820492930444697 0.3337886339794755 0.13221678563283923 0.33236078335233754 0.11553588141391107 0.3007815233751425 0.12110919954389965
0 0.47393044241733184 0.10014025541619156 0.4675923044469783 0.06753336259977195 0.4438852542759407 0.06848530786773091 0.446797441277081 0.10058184036488027 0.47393044241733184 0.10014025541619156
0 0.528792157354618 0.05563731584948688 0.5266586545039909 0.04154963968072976 0.4835605245153934 0.04388321208665907 0.4855489190421893 0.06343967844925884 0.528792157354618 0.05563731584948688
0 0.5144511037628278 0.037878690992018245 0.5123178985176738 0.023792548460661346 0.4819153740022805 0.026076207525655645 0.48595225199543896 0.04218470467502851 0.5144511037628278 0.037878690992018245
0 0.6070293694412772 0.07849930330672748 0.6163835518814138 0.09239314823261117 0.6322838802736602 0.08084072177879133 0.6267418962371722 0.07100019612314709 0.6070293694412772 0.07849930330672748
0 0.577376763968073 0.11266309806157354 0.5901332075256557 0.12226961459521095 0.6415704675028506 0.10683382326111744 0.6330970410490308 0.08969989395667047 0.577376763968073 0.11266309806157354