0 0.8204648745724059 0.2791156020524515 0.7854303181299886 0.24101453363740022 0.744557102622577 0.28210187115165336 0.7847154287343215 0.31856046408209804 0.8204648745724059 0.2791156020524515
0 0.655957393386545 0.09694738654503991 0.6924809714937286 0.05979002508551881 0.6309815176738883 0.017581205245153934 0.6053785427594071 0.046738964652223484 0.655957393386545 0.09694738654503991
0 0.6665170513112885 0.5969455849486888 0.6369702964652223 0.5742774275940706 0.6092451049030787 0.6248350296465223 0.6345893876852908 0.6453974914481185 0.6665170513112885 0.5969455849486888
0 0.49819230672748005 1 0.5266458996579247 0.9763461755986317 0.4674877137970353 0.9237087434435576 0.4288307012542759 0.9707302816419613 0.476694267958951 1 0.49819230672748005 1
0 0.8219856978335234 0.8479113511972634 0.8039126259977195 0.8701714344355759 0.8431575005701254 0.9052234344355758 0.8622659429874572 0.8837888449258837 0.8219856978335234 0.8479113511972634
0 0.8179856488027366 0.8039630695553022 0.8015915644241733 0.8214204059293045 0.8403542599771949 0.8584928711516533 0.8579335416191562 0.838555889395667 0.8179856488027366 0.8039630695553022
0 0.9038084469783352 0.8452718266818701 0.9321147685290764 0.8719270228050171 0.9416080034207526 0.8272047377423034 0.931239204104903 0.8189306339794755 0.9038084469783352 0.8452718266818701
0 0.6717845735461802 0.7243242953249714 0.6868367616875712 0.7323814526795895 0.7325575131128849 0.6352635074116305 0.7210651527936146 0.6237155108323832 0.6717845735461802 0.7243242953249714
0 0.5605199144811859 0.7085670501710377 0.5291084218928164 0.747112929304447 0.5615572212086659 0.766453937286203 0.5900974789053591 0.7348854424173319 0.5605199144811859 0.7085670501710377
0 0.32802767046750286 0.863714858608894 0.30137479361459524 0.9406036180159635 0.3465580068415051 0.9562777548460661 0.36816125883694417 0.8831701858608894 0.32802767046750286 0.863714858608894
0 0.3259651163055872 0.813499645381984 0.31595333295324973 0.8520415621436717 0.34881619042189277 0.857207330672748 0.3552719270239453 0.823979700114025 0.3259651163055872 0.813499645381984
0 0.41714555188141395 0.8067790114025086 0.43048743899657926 0.8217552109464081 0.46055077194982896 0.7680509122006841 0.44553882668187 0.7587898779931584 0.41714555188141395 0.8067790114025086
0 0.2846221037628278 0.7312631345496009 0.26891920068415054 0.7880198369441277 0.2944978472063854 0.7989198791334093 0.31060755644241733 0.737393527936146 0.2846221037628278 0.7312631345496009
0 0.21948983922462942 0.6724997537058153 0.18799840250855188 0.6491131379703535 0.1580374047890536 0.6934304606613455 0.17982563968072976 0.7193072086659065 0.21948983922462942 0.6724997537058153
0 0.1900231299885975 0.7512184732041048 0.21850226339794754 0.7794279384264539 0.26507945952109463 0.7119338483466363 0.23247610034207525 0.6855793192702394 0.1900231299885975 0.7512184732041048
0 0.6653378175598632 0.16692690649942987 0.6223092041049031 0.21878587229190424 0.6325748836944128 0.2297696237172178 0.6775739190421893 0.1749909030786773 0.6653378175598632 0.16692690649942987
0 0.6079366636259976 0.02543018015963512 0.5965894982896237 0.01391304446978335 0.5475308255416191 0.06783045952109464 0.5555924378563284 0.08411076510832383 0.6079366636259976 0.02543018015963512
0 0.5395490547320411 0.03912012998859749 0.5504433683010262 0.04841645724059293 0.5851461322690992 0.007838594070695553 0.573145724059293 0.004377306727480046 0.5395490547320411 0.03912012998859749
0 0.2186316488027366 0.072885503990878 0.16826964880273662 0.037596633979475484 0.14706106955530215 0.06890407753705816 0.19193393728620298 0.10029463055872292 0.2186316488027366 0.072885503990878
0 0.25851082098061573 0.3344904196123147 0.21931710376282784 0.29671772633979476 0.19400816419612316 0.33018868529076395 0.23450037058152792 0.3679322770809578 0.25851082098061573 0.3344904196123147
0 0.03258805245153934 0.5247223329532498 0.0066998665906499435 0.5580701698973775 0.03930322576966933 0.5844247001140251 0.05984371949828963 0.5505487890535917 0.03258805245153934 0.5247223329532498
0 0.49991727023945265 0.4316325575826682 0.4784495895096921 0.45559915279361457 0.501644740022805 0.4805609201824402 0.5272602474344356 0.4599040319270239 0.49991727023945265 0.4316325575826682