0 0.6472776989737743 0.6562847776510832 0.658374449258837 0.7009743124287343 0.7095119885974915 0.6971208859749144 0.7000423876852908 0.6442647559863169 0.6472776989737743 0.6562847776510832
0 0.9635569179019384 0.2957622029646522 0.9087849657924744 0.3037043842645382 0.9138882508551882 0.31743772748004556 0.9674832462941847 0.3088811619156214 0.9635569179019384 0.2957622029646522
0 0.8428147366020524 0.3067050649942988 0.8472741402508552 0.32339480843785634 0.8984841607753705 0.3153888905359179 0.8984425735461801 0.30076093728620296 0.8428147366020524 0.3067050649942988
0 0.9367216020524516 0.33622814937286205 0.9424200820980616 0.3499734458380844 0.979289094640821 0.347057078677309 0.979872362599772 0.330652259977195 0.9367216020524516 0.33622814937286205
0 0.9920055336374002 0.6391656887115166 0.9904523090079818 0.6260865895096922 0.9338993500570125 0.6339992462941847 0.9369296351197263 0.6475104401368301 0.9920055336374002 0.6391656887115166
0 0.9972001539338654 0.6647664971493729 0.9965684515393387 0.6499250855188141 0.9387453842645382 0.662560046750285 0.9453051391106043 0.6779049920182441 0.9972001539338654 0.6647664971493729
0 0.7982710501710376 0.7152820866590649 0.8066583169897378 0.7450923797035348 0.8434859338654505 0.7445475267958951 0.835231606613455 0.7071212063854048 0.7982710501710376 0.7152820866590649
0 0.909294503990878 0.8868927240592931 0.9182133090079817 0.9202722132269099 0.9515721220068416 0.9143284994298746 0.9489376545039909 0.8781410729760547 0.909294503990878 0.8868927240592931
0 0.2820050969213227 0.727627007981756 0.29055121208665907 0.7823579315849487 0.3934422383124287 0.773474149372862 0.38337779817559864 0.7205857582668187 0.2820050969213227 0.727627007981756
0 0.4611679794754846 0.8399162451539338 0.46508550741163057 0.8536288928164195 0.5310143409350057 0.8529997263397948 0.5318073318129989 0.8415008768529076 0.4611679794754846 0.8399162451539338
0 0.3459033078677309 0.843242606613455 0.35028145724059295 0.864676968072976 0.403762574686431 0.8626444082098061 0.4009830057012543 0.8347697765108323 0.3459033078677309 0.843242606613455
0 0.3701744458380844 0.8816361071835804 0.3797904538198404 0.9090940490307868 0.40772351311288485 0.9078016636259978 0.41003322576966933 0.8776311288483466 0.3701744458380844 0.8816361071835804
0 0.17459090193842644 0.791605865450399 0.18011698973774232 0.8492485895096922 0.22800917217787914 0.8442055302166477 0.21800053249714937 0.7882098266818699 0.17459090193842644 0.791605865450399
0 0.1625266362599772 0.8702979258836944 0.12143988597491448 0.8767005883694412 0.13224679019384264 0.9379954047890536 0.16863755530216648 0.928546259977195 0.1625266362599772 0.8702979258836944
0 0 0.762086149372862 0.04586517787913341 0.7496091459521095 0.04193731470923603 0.7364885963511972 0 0.7466152257696693 0 0.762086149372862
0 0 0.7905118608893957 0.05177429076396807 0.7853083375142531 0.04732522234891676 0.7680264948688712 0 0.7760115096921323 0 0.7905118608893957
0 0.13341545724059295 0.5648527194982896 0.13969725997719498 0.5792004743443557 0.19211686088939567 0.570029550741163 0.19213862029646522 0.5517724629418472 0.13341545724059295 0.5648527194982896