0 0.8267510820980616 0.09840323717217787 0.8504859384264538 0.18499606955530218 0.8819374675028506 0.18114379589509694 0.8601450741163056 0.08459006499429873 0.8267510820980616 0.09840323717217787
0 0.48851810832383125 0 0.505359488027366 0.04911679589509692 0.5669219042189282 0.03709691334093501 0.5591140022805017 0.0034589920182440136 0.5199170273660205 0 0.48851810832383125 0
0 0.5191737765108324 0.23009752565564426 0.5015978380843785 0.16443029532497147 0.4659228301026226 0.1743996054732041 0.48590166362599774 0.24560616419612313 0.5191737765108324 0.23009752565564426
0 0.886787725199544 0.43037076510832384 0.9017449657924743 0.46415052223489167 0.9355567685290764 0.4605478939566705 0.9252248266818701 0.4196831128848347 0.886787725199544 0.43037076510832384
0 0.05981406955530216 0.1358902850627138 0.07157365792474345 0.18305285746864308 0.11054355872291904 0.17581636716077537 0.09843131927023946 0.12348863625997719 0.05981406955530216 0.1358902850627138
0 0.06439591562143672 0.3081472348916761 0.07379058836944129 0.34372885290763966 0.13299256784492589 0.33146087685290765 0.12556618472063855 0.29985836259977194 0.06439591562143672 0.3081472348916761
0 0.3260202200684151 0.3410135290763968 0.33401545610034206 0.37286907867730906 0.36788932155074117 0.3686759543899658 0.3588956442417332 0.3377995267958951 0.3260202200684151 0.3410135290763968
0 0.5279120661345496 0.7320261687571266 0.5415403876852908 0.7954905689851767 0.6385622953249716 0.7812321356898517 0.6219257594070696 0.715162457240593 0.5279120661345496 0.7320261687571266
0 0.7864892428734322 0.7598023181299886 0.7918392223489168 0.7770639156214367 0.8789775176738883 0.7546118529076397 0.8731512052451539 0.7362019863169897 0.7864892428734322 0.7598023181299886
0 0.8984855632839225 0.9666092177879133 0.8945308848346637 0.9304068962371722 0.8275300285062713 0.9430476465222348 0.8393310718358039 0.9812954047890536 0.8984855632839225 0.9666092177879133
0 0.8557004150513112 0.6352624241733181 0.8739909794754847 0.6998107240592931 0.8859854002280502 0.6992818985176739 0.8738643238312429 0.6271572941847205 0.8557004150513112 0.6352624241733181
0 0.5066641060433296 0.8830795131128848 0.46918071265678446 0.8761578893956671 0.4528265735461801 0.9692741425313568 0.49179744127708097 0.9733889988597492 0.5066641060433296 0.8830795131128848
0 0.6204241995438997 0.5789216602052452 0.5013369817559863 0.5986127765108323 0.5069997172177879 0.6242592497149373 0.6231037023945268 0.6016952508551882 0.6204241995438997 0.5789216602052452
0 0.2901561972633979 0.4607063443557583 0.3002032679589509 0.4957610832383124 0.3330202656784492 0.49026283580387686 0.3247136111744584 0.458530094640821 0.2901561972633979 0.4607063443557583