0 0.04249641505131129 0.9027654948688711 0.052803669327252 0.8615012212086659 0.018502036488027368 0.8498833295324971 0.01253466362599772 0.892458425313569 0.04249641505131129 0.9027654948688711
0 0.1599124686431015 0.9103349680729761 0.1729272086659065 0.8830725952109464 0.14069076282782214 0.8716717651083239 0.1286116282782212 0.8957127251995439 0.1599124686431015 0.9103349680729761
0 0.3307212155074116 0.9211312998859749 0.3052015473204105 0.9083075815279361 0.29132777194982895 0.9295424538198405 0.32398211402508553 0.9454727172177879 0.3307212155074116 0.9211312998859749
0 0.4137582748004561 0.4264605541619156 0.4013341949828962 0.4537834355758267 0.43645538312428733 0.4689643238312429 0.4466090581527936 0.4376667217787913 0.4137582748004561 0.4264605541619156
0 0.08220696351197262 0.507918992018244 0.0994775952109464 0.47991146066134555 0.07563556100342075 0.45966148346636265 0.05870810604332953 0.49292429988597486 0.08220696351197262 0.507918992018244
0 0.5506765222348917 0.6233619920182439 0.5220197286202964 0.6119996088939567 0.5069235051311288 0.6420251698973773 0.5389372531356899 0.6555298734321552 0.5506765222348917 0.6233619920182439
0 0.6180335678449259 0.010903859749144812 0.608086030786773 0.05442591562143671 0.6435070045610034 0.06676947206385404 0.6527986738882555 0.020952224629418474 0.6180335678449259 0.010903859749144812
0 0.22929925769669326 0 0.22637215393386545 0.005360288483466363 0.259537574686431 0.02494838654503991 0.26823556784492586 0.01035576054732041 0.2489758962371722 0 0.22929925769669326 0
0 0.25801693728620295 0.033736014823261114 0.2203137297605473 0.011879913340935007 0.21640006157354616 0.026379944127708096 0.2500515781071836 0.044198220068415055 0.25801693728620295 0.033736014823261114
0 0.24935135689851767 0.05370051995438997 0.21037560433295324 0.03827161003420753 0.2080489543899658 0.0547279338654504 0.2439036282782212 0.0685954857468643 0.24935135689851767 0.05370051995438997
0 0.6040926237172177 0.7172504503990877 0.6100241584948688 0.700577566704675 0.5767407742303307 0.684951968072976 0.5691263899657925 0.7034354287343215 0.6040926237172177 0.7172504503990877
0 0.6535733660205245 0.7349759475484606 0.6671801584948688 0.7077758015963512 0.6419140900798176 0.695379370581528 0.6299505450399088 0.7211606966932725 0.6535733660205245 0.7349759475484606