0 0.8217963683010262 0.7842658460661346 0.8192461710376282 0.7321909874572405 0.7740844526795896 0.7359306761687572 0.7755587993158495 0.7887426157354618 0.8217963683010262 0.7842658460661346
0 0.772359732041049 0.7911154264538198 0.7729132234891676 0.7566424663625997 0.711345457240593 0.7596591151653364 0.7087266545039909 0.792685929304447 0.772359732041049 0.7911154264538198
0 0.7986234298745724 0.9469027936145953 0.862945685290764 0.9407016408209805 0.860952937286203 0.8900786009122007 0.7957044766248574 0.8961558916761687 0.7986234298745724 0.9469027936145953
0 0.912417417331813 0.809238748004561 0.854011858608894 0.8165210900798175 0.8578952189281642 0.8556410718358038 0.9140292611174459 0.8457431254275941 0.912417417331813 0.809238748004561
0 0.8832776681870012 0.493540141391106 0.7960846316989737 0.5016765381984036 0.7959061220068415 0.575888102622577 0.8877764538198404 0.5669237981755986 0.8832776681870012 0.493540141391106
0 0.5085372052451539 0.515591905359179 0.434724007981756 0.5243852109464082 0.43970761687571264 0.5663257377423033 0.5150685233751425 0.5560521231470924 0.5085372052451539 0.515591905359179
0 0.8841409874572407 0.09837268415051312 0.8825276054732041 0.06186857810718358 0.7655459828962372 0.0788765496009122 0.772215725199544 0.11328326453819841 0.8841409874572407 0.09837268415051312
0 0.602154849486887 0 0.5247852006841506 0.012776893956670468 0.5296647810718358 0.043878631698973776 0.6382827183580388 0.030726895096921322 0.6333829122006841 0 0.602154849486887 0
0 0.38907317673888253 0.23813232041049032 0.3868432143671608 0.1776157913340935 0.3253435017103763 0.18785694070695555 0.33135572177879136 0.24589782668187 0.38907317673888253 0.23813232041049032
0 0.27440798859749144 0.7008150992018244 0.26662318928164197 0.6276015119726339 0.21668080273660206 0.6315828392246294 0.22582291790193842 0.7107845153933866 0.27440798859749144 0.7008150992018244
0 0.326275 0.5145601049030787 0.3313261607753706 0.5842289064994298 0.3654127936145952 0.5758068745724059 0.3617022497149373 0.5137410969213227 0.326275 0.5145601049030787
0 0.3713881961231471 0.6609931151653364 0.42064428848346636 0.656529889395667 0.41776088711516535 0.5786394446978336 0.37101729532497146 0.5802464230330673 0.3713881961231471 0.6609931151653364
0 0.5473308700114025 0.5612189464082098 0.49886752565564424 0.5667497947548461 0.5010615553021665 0.6441588859749144 0.5511420935005701 0.6341225153933866 0.5473308700114025 0.5612189464082098
0 0.6605345484606614 0.48517321550741166 0.5951890205245154 0.49412827023945266 0.6049427970353478 0.5631217730900798 0.667199937286203 0.5605864800456101 0.6605345484606614 0.48517321550741166
0 0.963427526795895 0.35142096693272523 0.9551195541619156 0.24446688369441277 0.9067590410490307 0.2505809236031927 0.9184430843785634 0.3612949418472064 0.963427526795895 0.35142096693272523
0 0.2871686887115165 0.20387616989737742 0.2807705963511973 0.15048543671607753 0.2438972006841505 0.15336975484606616 0.250805 0.21306145381984037 0.2871686887115165 0.20387616989737742
0 0.3042955085518814 0.15055931470923603 0.3053310684150513 0.188915330672748 0.38154648460661345 0.17493070353477766 0.37071496579247437 0.1442755438996579 0.3042955085518814 0.15055931470923603
0 0.2566458996579247 0.4308274218928164 0.25110049486887115 0.36860443899657924 0.21367780045610035 0.37520306955530214 0.22058559977194983 0.4348947696693273 0.2566458996579247 0.4308274218928164
0 0.8867475883694413 0.4499535427594071 0.8764771664766249 0.40367452565564427 0.8257072554161916 0.41322954047890537 0.8292459851767389 0.4572335655644242 0.8867475883694413 0.4499535427594071