0 0.14993213568985178 0.27956747890535916 0.22413876966932728 0.24476110262257697 0.188489590649943 0.15387571835803876 0.12023517445838085 0.18420976282782212 0.14993213568985178 0.27956747890535916
0 0 0.14614259977194982 0.04526662257696693 0.1298697810718358 0.03539103876852907 0.0887677993158495 0 0.10045135917901939 0 0.14614259977194982
0 0.07747202964652224 0.6763754344355758 0.12957193842645381 0.6617536966932724 0.11869692930444697 0.6242714834663626 0.0641989669327252 0.6446656978335233 0.07747202964652224 0.6763754344355758
0 0.21947691220068416 0.5298035381984036 0.2694561927023945 0.5087527263397947 0.2425909897377423 0.44951505929304447 0.19251375712656785 0.47562324173318127 0.21947691220068416 0.5298035381984036
0 0.4739142690992018 0.49982122690992015 0.5086171071835804 0.4819492770809578 0.4929461835803877 0.42093581299885974 0.4591983831242873 0.43132565108323834 0.4739142690992018 0.49982122690992015
0 0.5341888335233751 0.08581494298745723 0.550887818700114 0.15510000114025088 0.57776182668187 0.14655525199543898 0.560969700114025 0.07549294526795895 0.5341888335233751 0.08581494298745723
0 0.6204582713797034 0.06583506841505131 0.656122858608894 0.06634422576966933 0.6555384469783352 0.021187927023945268 0.6184384310148232 0.027294209806157353 0.6204582713797034 0.06583506841505131
0 0.7790508392246294 0.6211757377423033 0.8153099236031927 0.6216537388825542 0.8293277194982897 0.5037882611174458 0.7944008506271379 0.5047268529076396 0.7790508392246294 0.6211757377423033
0 0.9135366602052452 0.31981647776510835 0.9560615644241733 0.3152080182440137 0.9487831721778792 0.22164821892816422 0.9054807970353478 0.2277822725199544 0.9135366602052452 0.31981647776510835
0 0.6948475461801596 0.40856935233751424 0.7289228916761687 0.41272918700114025 0.7331100068415051 0.36791895210946407 0.697226338654504 0.363259322690992 0.6948475461801596 0.40856935233751424
0 0.5045491459521094 0.7556638563283923 0.5933746180159635 0.7278206830102623 0.5776750581527936 0.654915858608894 0.48603976282782213 0.6885562189281641 0.5045491459521094 0.7556638563283923
0 0.10934022348916761 0.831075842645382 0.16736325313568984 0.8161436887115165 0.1587108928164196 0.782409661345496 0.10155263283922464 0.7958100832383124 0.10934022348916761 0.831075842645382
0 0.03076845496009122 0.6806051949828963 0.030357523375142532 0.7180843147092361 0.06764562827822121 0.7155371288483466 0.06624823717217788 0.67755821322691 0.03076845496009122 0.6806051949828963
0 0.9473122554161916 0.975638205245154 0.9846499988597491 0.974038157354618 0.9771579908779933 0.9217523523375142 0.9420246237172177 0.9250800262257696 0.9473122554161916 0.975638205245154
0 0.6028854754846066 0.3539323968072976 0.6378048757126568 0.3515077844925884 0.629986291904219 0.31565064880273663 0.5971339384264538 0.3268854047890536 0.6028854754846066 0.3539323968072976
0 0.7243399885974915 0.9599737058152793 0.7542679007981755 0.964350897377423 0.7583321664766249 0.9382743295324971 0.72421917331813 0.9350083135689852 0.7243399885974915 0.9599737058152793
0 0.4465906088939567 0.5791411915621437 0.4642693534777651 0.5651358255416191 0.4450428882554162 0.5156038677309008 0.42842028962371725 0.5239070820980616 0.4465906088939567 0.5791411915621437
0 0.26804459977194983 0.1984622976054732 0.3174620182440137 0.17803549600912202 0.3136630068415051 0.1621813432155074 0.2598383055872292 0.1795690148232611 0.26804459977194983 0.1984622976054732