0 0.5843913956670468 0.6226179760547321 0.552639692132269 0.6243108802736601 0.5588041847206385 0.6787354914481186 0.591663402508552 0.6784691835803877 0.5843913956670468 0.6226179760547321
0 0.5313628574686431 0.29233613226909916 0.47939130900798177 0.298565189281642 0.4883737810718358 0.3511197001140251 0.5406889794754846 0.34072340022805014 0.5313628574686431 0.29233613226909916
0 0.47233966590649945 0.03952124287343216 0.4371908996579248 0.03692464766248575 0.44206388369441274 0.09986872976054731 0.4797234321550741 0.09478931242873433 0.47233966590649945 0.03952124287343216
0 0.17098991448118586 0.1442593968072976 0.08557235917901938 0.13914830330672748 0.07578773774230331 0.18472811402508552 0.1693839954389966 0.19294114367160775 0.17098991448118586 0.1442593968072976
0 0.7018189190421893 0.8982795074116305 0.6867939783352337 0.8947524994298746 0.6701859635119727 0.9635045210946408 0.6842769258836944 0.9698711128848346 0.7018189190421893 0.8982795074116305
0 0.7199631128848346 1 0.7194218392246294 0.9942452120866591 0.7069827035347777 0.996061330672748 0.707420101482326 1 0.7199631128848346 1
0 0.6296586453819841 0.803199732041049 0.6130145530216647 0.8017790364880274 0.6130390741163055 0.8731576419612314 0.6325627867730901 0.8690910387685291 0.6296586453819841 0.803199732041049
0 0.668818425313569 0.7944803204104903 0.6536798939566705 0.7915376875712656 0.6577610535917902 0.8549358996579247 0.6670480615735462 0.8564386807297606 0.668818425313569 0.7944803204104903
0 0.9457279350057013 0.688017370581528 0.8952770877993158 0.6957501550741162 0.9000989612314709 0.7223941117445838 0.9512219201824401 0.7156992668187001 0.9457279350057013 0.688017370581528
0 0.9483239030786773 0.7399353340935005 0.89730782668187 0.7505841562143671 0.9015937822120867 0.7753093523375142 0.9535631493728621 0.7627288095781073 0.9483239030786773 0.7399353340935005
0 0.6644924207525655 0.5897989931584949 0.6768132873432154 0.6321148882554163 0.7098418335233752 0.6300684971493729 0.6992206590649942 0.5790084515393387 0.6644924207525655 0.5897989931584949
0 0.5633027286202965 0.46064950057012544 0.510863165336374 0.4661827206385405 0.5189626978335233 0.5022343033067275 0.5697537217787914 0.49275146180159635 0.5633027286202965 0.46064950057012544
0 0.3320435359179019 0.39755137514253136 0.2983697069555302 0.3873750763968073 0.2887619851767389 0.41303038540478904 0.32867750513112887 0.42109160661345496 0.3320435359179019 0.39755137514253136
0 0.19026062029646523 0.3591040342075256 0.1841594811858609 0.39360342075256555 0.19687096921322692 0.39970505245153937 0.20622495553021664 0.3640217753705815 0.19026062029646523 0.3591040342075256
0 0.22718404218928165 0.38987087913340934 0.21435896351197262 0.3843536214367161 0.20796584948688712 0.4091200353477765 0.2236719646522235 0.4079389543899658 0.22718404218928165 0.38987087913340934
0 0.8772440729760547 0.5398194070695553 0.8243528711516533 0.5476842907639681 0.830630961231471 0.5809623683010262 0.8853287628278221 0.5728437890535918 0.8772440729760547 0.5398194070695553