0 0.7685290763968073 0.42474344355758265 0.06385404789053592 0.039908779931584946
0 0.08280723489167617 0.560051086659065 0.02906182668187001 0.5676126305587229 0.0421392748004561 0.6979184253135691 0.09030597605473203 0.6933924868871152 0.08280723489167617 0.560051086659065
0 0.07822833067274801 0.38823122006841504 0.07154087571265678 0.3188191995438997 0.01216573888255416 0.32800007981755985 0.015716835803876852 0.38899299087799316 0.07822833067274801 0.38823122006841504
0 0.21203891790193843 0.10924290763968074 0.1253456898517674 0.10942794526795895 0.1355346202964652 0.2384118677309008 0.21782236488027365 0.23411713797035347 0.21203891790193843 0.10924290763968074
0 0.5138490022805017 0.48956657126567843 0.4329327001140251 0.49239223033067275 0.4313827423033067 0.5294016807297606 0.518026401368301 0.5277971961231471 0.5138490022805017 0.48956657126567843
0 0.4546142941847206 0.7062548950969213 0.34819438540478903 0.711392338654504 0.35187604789053595 0.735426929304447 0.4553083033067275 0.7261287183580387 0.4546142941847206 0.7062548950969213
0 0.352353590649943 0.708404740022805 0.4558850376282782 0.7019469863169898 0.4540194218928164 0.6892199669327252 0.35439933979475485 0.6855928859749144 0.352353590649943 0.708404740022805
0 0.5433813295324972 0.9689419931584948 0.5064214458380845 0.9688114823261117 0.505993472063854 0.997253118586089 0.5458418175598632 0.9987039407069555 0.5433813295324972 0.9689419931584948
0 0.880945165336374 0.9486269350057013 0.88654351995439 0.9868063751425313 0.9333899646522235 0.9851704606613455 0.9264217309007982 0.9484600364880273 0.880945165336374 0.9486269350057013
0 0.8336937388825542 0.2467234047890536 0.7906594675028507 0.2354340273660205 0.7752604526795895 0.2828753454960091 0.8142346556442418 0.29999121664766243 0.8336937388825542 0.2467234047890536
0 0.7259848939566705 0.21495053363740022 0.6974936875712656 0.2131031117445838 0.6930056453819841 0.24737124287343215 0.714546810718358 0.2537264640820981 0.7259848939566705 0.21495053363740022
0 0.25212531927023946 0.7056728665906499 0.24784888369441277 0.6359077388825543 0.1690779874572406 0.6363258084378564 0.16757470353477766 0.7073996921322692 0.25212531927023946 0.7056728665906499
0 0.21019566248574686 0.6286377001140251 0.2071252542759407 0.610959086659065 0.16968434207525654 0.6098134960091219 0.17160956442417333 0.6297991060433294 0.21019566248574686 0.6286377001140251
0 0.8792013044469783 0.7015607251995439 0.8825367582668187 0.6039317229190422 0.8201111482326112 0.6071529315849487 0.8208333352337515 0.6980799931584948 0.8792013044469783 0.7015607251995439
0 0.37282248574686433 0.31692847092360316 0.3691565872291905 0.19440051881413914 0.24617761117445838 0.2017609692132269 0.2501567149372862 0.32448279703534777 0.37282248574686433 0.31692847092360316
0 0.6693341448118586 0.20476985290763966 0.6729575051311288 0.18563174116305586 0.6372261687571266 0.1807460820980616 0.6347283078677309 0.1970134789053592 0.6693341448118586 0.20476985290763966