0 0.37050312542759406 0.953271874572406 0.35773750057012543 0.9968984378563285 0.4153296875712657 0.9986812497149372 0.42720624971493726 0.9660156248574686 0.37050312542759406 0.953271874572406
0 0.555753125427594 0.7965218745724059 0.5429875005701255 0.8276328129988597 0.5703 0.8389171870011403 0.5833624994298745 0.8080343751425314 0.555753125427594 0.7965218745724059
0 0.7205203124287343 0.8662375005701254 0.7009265621436715 0.917314062713797 0.754364062713797 0.9351328129988598 0.7721765621436716 0.883460937286203 0.7205203124287343 0.8662375005701254
0 0.7766296875712657 0.9523812497149372 0.768614062713797 0.9743296875712656 0.8368953124287343 0.998085937286203 0.8505531254275941 0.9773 0.7766296875712657 0.9523812497149372
0 0.998753125427594 0.7795265621436717 0.9538656248574687 0.7671296875712657 0.9324906248574686 0.8205062497149372 0.9966156248574687 0.8347609372862029 0.998753125427594 0.7795265621436717
0 0.8743015621436716 0.490289062713797 0.8558968745724059 0.5462531254275941 0.9063656248574686 0.5615593751425314 0.9307093751425314 0.5087 0.8743015621436716 0.490289062713797
0 0.35981406271379707 0.46787812542759405 0.35951718700114027 0.50395 0.40701875028506274 0.5009796875712657 0.4064234378563284 0.46772031242873435 0.35981406271379707 0.46787812542759405
0 0.4088 0.4625343751425314 0.40701875028506274 0.5009796875712657 0.4557062497149373 0.49504062485746864 0.4545187502850627 0.46296875028506274 0.4088 0.4625343751425314
0 0.07629687457240593 0.18501718700114025 0.14606406271379704 0.20157968757126565 0.15407812542759408 0.17610781299885975 0.08164062485746865 0.16066718700114024 0.07629687457240593 0.18501718700114025
0 0.09529843785632838 0.06623437514253136 0.20751718700114025 0.09203281299885975 0.2092984378563284 0.07573750057012543 0.10479843785632839 0.050198437856328396 0.09529843785632838 0.06623437514253136
0 0.569114062713797 0.35606406271379704 0.615425 0.37507031242873434 0.6356140627137971 0.34656250057012544 0.5863312497149372 0.3269625005701254 0.569114062713797 0.35606406271379704
0 0.6528312497149373 0.4563 0.6391765621436717 0.49207031242873434 0.6724265621436716 0.5027624994298746 0.6896453124287343 0.47306562485746867 0.6528312497149373 0.4563
0 0.31736093728620296 0.032381249714937284 0.32686093728620297 0 0.27104843785632843 0.0009046875712656785 0.2662984378563284 0.021690624857468643 0.31736093728620296 0.032381249714937284
0 0.43789218700114024 0.7058796875712656 0.44086093728620296 0.7236984378563284 0.501425 0.7195406248574687 0.49905 0.696378125427594 0.43789218700114024 0.7058796875712656
0 0.25739218700114025 0.5069187502850627 0.26095468757126566 0.5533796875712657 0.3013296875712657 0.5437421870011403 0.3019234378563284 0.5057312497149372 0.25739218700114025 0.5069187502850627