0 1 0.5855124982896237 0.9849904652223489 0.5837619863169897 0.976493354618016 0.6335636202964653 1 0.632143424173318 1 0.5855124982896237
0 0 0.3903929395667047 0.05143704675028506 0.4038295142531357 0.05916785518814139 0.3637628734321551 0 0.3521320741163056 0 0.3903929395667047
0 0.21144594640820982 0.6197352212086659 0.2439203762827822 0.6276544139110604 0.2540620877993159 0.5878198483466363 0.2205136419612315 0.5810426145952109 0.21144594640820982 0.6197352212086659
0 0.2339998084378563 0.5332665165336374 0.26482670923603197 0.5425513409350057 0.2769230148232611 0.5156332223489167 0.2349399897377423 0.5052899817559864 0.2339998084378563 0.5332665165336374
0 0.2368816761687571 0.6856516225769669 0.2437905598631699 0.6491403728620296 0.2101954811858609 0.6419344150513113 0.19660681755986317 0.6773598187001141 0.2368816761687571 0.6856516225769669
0 0.7165787035347777 0.7849410478905359 0.7087105199543899 0.8066448928164196 0.7764917457240592 0.826710370581528 0.7853186385404788 0.8027674857468644 0.7165787035347777 0.7849410478905359
0 0.8623057559863171 0.05270025541619157 0.8720624971493729 0.06599070581527935 0.928649464082098 0.016471673888255416 0.91689286659065 0.0040198608893956675 0.8623057559863171 0.05270025541619157
0 0.785260755986317 0.06378154389965793 0.8184408677309009 0.10681621322690991 0.8560462428734322 0.08402930216647662 0.8173069179019384 0.044904962371721785 0.785260755986317 0.06378154389965793
0 1 0.4925102212086659 0.9715428312428734 0.4842176453819841 0.9691294207525656 0.5066977514253136 1 0.506671858608894 1 0.4925102212086659
0 1 0.5197383432155074 0.9695757149372862 0.516624228050171 0.9662007309007982 0.5356358449258837 1 0.5361694458380843 1 0.5197383432155074
0 1 0.5466880342075257 0.9684012497149374 0.5480519714937286 0.9664103945267959 0.5660320068415051 1 0.561091433295325 1 0.5466880342075257
0 0.6919690832383124 0.5280750638540479 0.7121301379703535 0.555181779931585 0.7544673272519955 0.5262776864310148 0.7365445712656784 0.489240417331813 0.6919690832383124 0.5280750638540479
0 0.7537459543899658 0.07067286431014823 0.8095035621436716 0.05586505017103763 0.7988200923603193 0.01670161117445838 0.7457356978335234 0.03990253819840365 0.7537459543899658 0.07067286431014823
0 0.4501999338654504 0.45447645381984036 0.4793498198403649 0.45916608893956673 0.4879357172177879 0.4272500285062714 0.46040538654503993 0.41808848232611173 0.4501999338654504 0.45447645381984036
0 0.3024352166476625 0.4061887981755986 0.28513084036488023 0.5028411322690992 0.3953590433295325 0.5234633683010262 0.4168265507411631 0.43233896351197265 0.3024352166476625 0.4061887981755986
0 0.3731007058152794 0.6695465074116305 0.3939303443557583 0.6405164367160776 0.3615209042189282 0.6218550410490308 0.3422765678449259 0.6489274275940707 0.3731007058152794 0.6695465074116305
0 0.9597698631698973 0.40628696807297604 0.9830501151653364 0.3948926624857469 0.9790837947548461 0.3599957742303307 0.9495865724059293 0.36620213568985177 0.9597698631698973 0.40628696807297604