0 0.1481965849486887 0.19729220524515392 0.14859653477765108 0.2563878734321551 0.18343244697833525 0.2519482919042189 0.18546791790193842 0.203288905359179 0.1481965849486887 0.19729220524515392
0 0.534288307867731 0.6802961858608895 0.5261033181299886 0.7413188814139111 0.5595346180159635 0.7294317787913341 0.5657847559863171 0.6772829167616876 0.534288307867731 0.6802961858608895
0 0.5403282200684151 0.6061699942987457 0.5374412690992018 0.660457566704675 0.568353181299886 0.6660432166476625 0.5710859361459522 0.6114575963511973 0.5403282200684151 0.6061699942987457
0 0.559645558722919 0.38322317331813 0.5583816077537058 0.4292237445838084 0.6081662314709236 0.42445125427594066 0.6106088392246295 0.3864881014823261 0.559645558722919 0.38322317331813
0 0.5486285974914481 0.2666365815279361 0.5480754161915622 0.30611731584948687 0.5918110205245154 0.3077714834663626 0.5971877149372862 0.2716410672748005 0.5486285974914481 0.2666365815279361
0 0.5531599304446978 0.21089467388825542 0.5544379771949829 0.24743816989737744 0.60103669327252 0.25508071835803875 0.6016998848346636 0.21708650627137968 0.5531599304446978 0.21089467388825542
0 0.5593375313568986 0.1629014275940707 0.5532958460661346 0.21089704675028506 0.6053519794754846 0.2118056898517674 0.6096242816419613 0.17090370923603193 0.5593375313568986 0.1629014275940707
0 0.6593309395667047 0.6201240034207526 0.661770181299886 0.6733153010262258 0.6909976054732041 0.6753116305587229 0.6949265062713798 0.6201514857468643 0.6593309395667047 0.6201240034207526
0 0.7260734903078677 0.7050220649942988 0.7101033181299886 0.7023679429874572 0.70325951995439 0.7545064424173318 0.7246420421892816 0.7530981550741163 0.7260734903078677 0.7050220649942988
0 0.7450016009122007 0.7083216590649942 0.7397113249714936 0.7441566624857469 0.7592590992018244 0.741231748004561 0.7592250068415051 0.7091637696693273 0.7450016009122007 0.7083216590649942
0 0.7856319030786774 0.6918094903078676 0.7842588323831242 0.7404804401368301 0.8019293204104903 0.7437580809578107 0.8027893968072976 0.6944843375142532 0.7856319030786774 0.6918094903078676
0 0.9515135940706956 0.7730919042189283 0.9471998437856328 0.8163685222348916 0.9910247605473205 0.8206949692132269 0.9939576031927024 0.7791773318129989 0.9515135940706956 0.7730919042189283
0 0.28103051767388826 0.5404783705815279 0.35560432383124285 0.5506876681870011 0.3584051676168757 0.4242485416191562 0.2836759258836944 0.42294413797035346 0.28103051767388826 0.5404783705815279