0 1 0.7170203124287343 0.9681640627137971 0.7186859372862029 0.9764624994298746 0.8418640627137971 0.999585937286203 0.8293796875712657 1 0.7170203124287343
0 0.700996874572406 0.15605468757126567 0.5931343751425314 0.1976687502850627 0.6080703124287343 0.25093593728620295 0.7152343751425313 0.21140156214367162 0.700996874572406 0.15605468757126567
0 0.5582874994298745 0.04619218700114025 0.5815187502850627 0.16271249942987456 0.6674968745724059 0.13025312542759407 0.6362796875712657 0.0129 0.5582874994298745 0.04619218700114025
0 0.4155765621436716 0.21431562485746863 0.4288515621436716 0.2775687502850627 0.5367374994298746 0.2655015621436716 0.5300765621436716 0.21597968757126568 0.4155765621436716 0.21431562485746863
0 0.559946874572406 0.13108593728620296 0.45042499999999996 0.13441562485746864 0.449564062713797 0.18643281299885975 0.559946874572406 0.18435312542759408 0.559946874572406 0.13108593728620296
0 0.4534390627137971 0.4382015621436716 0.45067187457240593 0.3743937502850627 0.40916093728620295 0.3757796875712657 0.4174624994298746 0.442364062713797 0.4534390627137971 0.4382015621436716
0 0.49771718700114026 0.32584218700114026 0.5046343751425314 0.39797499999999997 0.5419953124287343 0.3938125005701254 0.5419953124287343 0.32168124971493733 0.49771718700114026 0.32584218700114026
0 0.8244078129988598 0.23042500000000002 0.8030531254275941 0.16740937514253137 0.7506374994298746 0.1813812497149373 0.7769546875712657 0.24826093728620297 0.8244078129988598 0.23042500000000002
0 1 0.10558124971493729 0.9430421870011403 0.13233437514253135 0.9982078129988597 0.2809593751425314 1 0.2762015621436716 1 0.10558124971493729
0 1 0.3885624994298746 0.9359234378563284 0.26609687457240594 0.7983078129988598 0.31841250057012543 0.8538218745724059 0.45782031242873433 1 0.3885624994298746
0 0.8659296875712656 0.2191312497149373 0.7816984378563284 0.25479999999999997 0.8042390627137971 0.31484375028506273 0.8894015621436716 0.28303906271379703 0.8659296875712656 0.2191312497149373
0 0.8309328129988597 0.2298312497149373 0.8635562497149373 0.219725 0.8360312497149373 0.13679218700114024 0.8024593751425314 0.15254687457240595 0.8309328129988597 0.2298312497149373