0 0.7154350900798175 0.5800640490307868 0.7006072246294185 0.5224599897377423 0.6495926145952109 0.5432637605473204 0.6615557023945268 0.5923533226909921 0.7154350900798175 0.5800640490307868
0 0.7399883067274801 0.41379295667046756 0.6899455461801596 0.42714946180159635 0.6999332269099202 0.475411685290764 0.7532992451539338 0.45384841619156213 0.7399883067274801 0.41379295667046756
0 0.7226859099201823 0.3403385952109464 0.6695977411630558 0.3567065210946408 0.6796480490307868 0.4146343785632839 0.7378818848346637 0.39787110034207523 0.7226859099201823 0.3403385952109464
0 0.8868436909920183 0.5031954538198403 0.850017047890536 0.5067246499429875 0.8687462987457241 0.5750643454960092 0.8983697822120867 0.5653745131128848 0.8868436909920183 0.5031954538198403
0 0.3791363055872292 0.3938108871151653 0.3316184435575827 0.41393336602052455 0.347143976054732 0.47200667616875713 0.39504741847206387 0.4545311299885975 0.3791363055872292 0.3938108871151653
0 0.1686649669327252 0.5000459874572406 0.09619268985176739 0.5256271596351197 0.11581007411630558 0.6016558483466363 0.18900683124287343 0.5707941071835804 0.1686649669327252 0.5000459874572406
0 0.130906330672748 0.4396408631698974 0.07817624857468643 0.4547310478905359 0.09682466134549601 0.5164313717217788 0.1481657377423033 0.5007054789053591 0.130906330672748 0.4396408631698974
0 0 0.4164081949828962 0.015115319270239453 0.46335808095781067 0.12068813683010263 0.4337654503990878 0.10137892588369442 0.3437634184720639 0 0.3742507776510833 0 0.4164081949828962
0 0.08347865678449258 0.25167451767388827 0.04976004903078678 0.26185793044469785 0.06617689395667047 0.3058461345496009 0.0940700535917902 0.29709750741163055 0.08347865678449258 0.25167451767388827
0 0.14436788141391105 0.10737225541619157 0.11614087343215508 0.11467361801596351 0.12467059179019384 0.15233170695553022 0.15526354846066134 0.13852341049030786 0.14436788141391105 0.10737225541619157
0 0.16047340022805018 0.8905683831242873 0.1318740604332953 0.9021777537058152 0.14523169897377422 0.9304277149372862 0.17033497947548462 0.9228278392246294 0.16047340022805018 0.8905683831242873
0 0.6831574424173319 0.028046420752565564 0.6510755997719498 0.03730681527936146 0.6535025347776511 0.062239313568985176 0.6887257673888256 0.05629990649942987 0.6831574424173319 0.028046420752565564
0 0.8620405153933866 0.9389848004561004 0.8722514903078677 0.9354878301026226 0.8590889201824401 0.914456716077537 0.8461358095781072 0.9221158814139111 0.8620405153933866 0.9389848004561004
0 0.8279953044469783 0.91324234663626 0.8182956795895097 0.919361803876853 0.8279432941847207 0.9441004709236033 0.8364697993158495 0.9330677080957811 0.8279953044469783 0.91324234663626
0 0.8003511391106044 0.9204304161915622 0.7904070182440137 0.9284119885974914 0.803741062713797 0.9503170661345497 0.8121358449258838 0.9432415176738882 0.8003511391106044 0.9204304161915622
0 0.3350942542759407 0.3322060912200684 0.32525127480045607 0.30024704218928167 0.2692995644241733 0.308098637400228 0.27640425883694414 0.3508726271379703 0.3350942542759407 0.3322060912200684
0 0.2837857970353478 0.08692565108323831 0.2952450490307868 0.14276664082098062 0.3368653283922463 0.13588461231470925 0.32147099885974917 0.0753663489167617 0.2837857970353478 0.08692565108323831