0 0.9008608449258837 0.5073533557582668 0.8788535758266819 0.5105322611174458 0.8739994196123146 0.584679149372862 0.9004676259977195 0.583061149372862 0.9008608449258837 0.5073533557582668
0 0.6668953557582668 0.5198970057012543 0.6052125644241734 0.5188203283922463 0.6020327867730901 0.5650843808437856 0.6641227537058153 0.565574323831243 0.6668953557582668 0.5198970057012543
0 0.6596769771949829 0.42356885746864315 0.6455261071835804 0.41857112884834663 0.6405890798175599 0.49746573090079815 0.6563494948688712 0.5013038734321551 0.6596769771949829 0.42356885746864315
0 0.63538109350057 0.42195708893956674 0.6217497833523374 0.4211253135689852 0.6198520273660205 0.49591608437856327 0.6351131128848346 0.49469786659064996 0.63538109350057 0.42195708893956674
0 0.5938507594070696 0.3541266419612315 0.5646222018244014 0.36311790193842647 0.5705881755986317 0.3952909863169897 0.5969252508551882 0.3889199737742303 0.5938507594070696 0.3541266419612315
0 0.4581656545039909 0.3101894184720638 0.42317410946408207 0.3095786385404789 0.42285729646522235 0.3956815359179019 0.4562769680729761 0.39359259635119725 0.4581656545039909 0.3101894184720638
0 0.44240708209806157 0.2273705290763968 0.38356667730900795 0.23346955188141388 0.3767895610034207 0.3093628335233751 0.4421628312428734 0.3093162474344356 0.44240708209806157 0.2273705290763968
0 0.35937591220068416 0.0899301904218928 0.3125428369441277 0.08792503534777651 0.30579530558722917 0.16856955758266817 0.35791423717217785 0.16740241847206386 0.35937591220068416 0.0899301904218928
0 0.439611992018244 0.013537618015963511 0.40106317559863175 0.012864745724059294 0.4012023340935006 0.07284506043329532 0.4415097023945268 0.06731330330672748 0.439611992018244 0.013537618015963511
0 0.6229265792474344 0.1497592086659065 0.5855842725199544 0.1479181527936146 0.5850076499429874 0.20521525313568986 0.6194981049030787 0.21027109007981756 0.6229265792474344 0.1497592086659065
0 0.25455521778791335 0.2151839566704675 0.18460165222348915 0.21218139110604334 0.17812354275940706 0.277390763968073 0.2511024982896237 0.2724292930444698 0.25455521778791335 0.2151839566704675
0 0.18290948916761687 0.13910948004561002 0.1680525621436716 0.14063011060433295 0.1655611197263398 0.21541207981755986 0.18447180729760548 0.21603908779931585 0.18290948916761687 0.13910948004561002
0 0.15971802508551883 0.14226771379703534 0.1460763534777651 0.1420295974914481 0.14300164082098063 0.21620598403648802 0.15599653591790194 0.21643281071835804 0.15971802508551883 0.14226771379703534
0 0.1370150353477765 0.15137287799315852 0.12340447776510834 0.14935222234891676 0.11869539566704675 0.21518787571265677 0.1329030205245154 0.21424819042189283 0.1370150353477765 0.15137287799315852
0 0.16337907981755986 0.40837369897377424 0.16347972633979477 0.36858658380843784 0.11684271721778791 0.36985253591790196 0.11527581413911062 0.41109553477765104 0.16337907981755986 0.40837369897377424
0 0.12006352337514253 0.8506241584948688 0.12616858836944128 0.8067865302166477 0.09048733409350057 0.8094298335233752 0.08630954732041049 0.847065778791334 0.12006352337514253 0.8506241584948688
0 0.051844987457240595 0.9521693591790195 0.049959771949828966 0.9922206830102623 0.08910380843785633 0.9929039441277081 0.09228876738882553 0.946343062713797 0.051844987457240595 0.9521693591790195
0 0.07782832041049031 0.2453542417331813 0.02497007411630559 0.24858848004561004 0.019612435575826682 0.2826423511972634 0.0723998141391106 0.2844529566704675 0.07782832041049031 0.2453542417331813
0 0.5924102964652223 0.30065585860889393 0.5791964857468643 0.30992665792474344 0.5970630410490307 0.3399321037628278 0.6094512246294185 0.33391301710376287 0.5924102964652223 0.30065585860889393