0 0.2635474287343215 0.958791464082098 0.30951209578107186 0.9556580148232611 0.3132496214367161 0.8992227046750284 0.2632194572405929 0.9113781470923603 0.2635474287343215 0.958791464082098
0 0.36809000000000003 0.9863750444697834 0.4313971117445838 0.9919745610034207 0.4303528711516534 0.9354668004561004 0.3749791527936146 0.9342799692132269 0.36809000000000003 0.9863750444697834
0 0.6329135598631699 0.6449539874572405 0.63805144013683 0.6936428791334093 0.675009433295325 0.6913421721778792 0.6756111448118587 0.6437581425313569 0.6329135598631699 0.6449539874572405
0 0.7013614104903079 0.5244621562143671 0.6947760501710376 0.6224697662485746 0.7328629486887116 0.6248230273660205 0.7352564732041049 0.5262278700114025 0.7013614104903079 0.5244621562143671
0 1 0.38160266020524514 0.9774876841505131 0.388188740022805 0.9912705872291904 0.43929177993158497 1 0.43688826111744583 1 0.38160266020524514
0 0.38126088369441274 0.37694590535917905 0.4325208574686431 0.37875218129988597 0.43408439224629414 0.325009259977195 0.38363628848346637 0.32301729304446974 0.38126088369441274 0.37694590535917905
0 0 0.6636553067274801 0.05998883808437856 0.6639657993158494 0.058378716077537064 0.5773992531356898 0 0.5872596259977195 0 0.6636553067274801
0 0.0731591984036488 0.5063271299885975 0.044476809578107186 0.5100891117445838 0.04487897149372862 0.5413240581527936 0.07462251881413912 0.5404077673888256 0.0731591984036488 0.5063271299885975
0 0.47359029304446976 0.7940439076396807 0.47642240592930446 0.8633942234891676 0.4978998072976055 0.8640143352337515 0.49145079019384263 0.7905581847206385 0.47359029304446976 0.7940439076396807
0 0.4196226077537058 0.7816625632839225 0.4353171014823261 0.7850674492588369 0.4320512770809578 0.7486333603192703 0.4166035553021665 0.7467621174458381 0.4196226077537058 0.7816625632839225
0 0.41983428506271375 0.787689740022805 0.4187041003420752 0.7839318152793614 0.42407236259977193 0.8224601379703536 0.4370779954389966 0.8236883751425313 0.43625312884834666 0.7911948517673888 0.41983428506271375 0.787689740022805
0 0.42222566932725203 0.8611752132269099 0.4366538164196123 0.860803038768529 0.43642490877993156 0.8325903660205245 0.418661850627138 0.8279953842645382 0.42222566932725203 0.8611752132269099