0 0 0.43136093728620295 0.024640624857468645 0.4332734378563284 0.022265624857468642 0.38457187457240594 0.0008906248574686432 0.38457187457240594 0 0.43136093728620295
0 0.1920796875712657 0.05376249942987457 0.23364218700114026 0.059107812998859754 0.2351265621436716 0.05818750057012542 0.23364218700114026 0.028817187001140252 0.19326718700114026 0.025848437856328392 0.1920796875712657 0.05376249942987457
0 0.9390218745724059 0.10068124971493728 0.8796453124287343 0.09295937514253136 0.8781625005701255 0.09381249942987457 0.8671765621436716 0.15294687457240594 0.9313031254275941 0.15888593728620296 0.9390218745724059 0.10068124971493728
0 0.9663343751425313 0.11875 0.962771874572406 0.12918906271379701 0.998753125427594 0.14344218700114025 0.998753125427594 0.12265624971493728 0.9663343751425313 0.11875
0 0.9497093751425314 0.16185468757126567 0.9479281254275941 0.18264218700114027 0.9972093751425314 0.18204687457240595 0.998753125427594 0.16363593728620296 0.9497093751425314 0.16185468757126567
0 0.6706453124287343 0.1784234378563284 0.6748000000000001 0.16126093728620294 0.6017687502850628 0.13572187457240595 0.6041453124287343 0.15650937514253135 0.6706453124287343 0.1784234378563284
0 0.5798 0.17307968757126568 0.5726765621436716 0.18561093728620295 0.6748000000000001 0.21233749942987457 0.6860828129988598 0.19986562485746864 0.5798 0.17307968757126568
0 0.5637687502850627 0.20402187457240595 0.5608 0.21649531242873432 0.6635203124287343 0.24797187457240594 0.666489062713797 0.23431250057012543 0.5637687502850627 0.20402187457240595
0 0.6537234378563285 0.8276937502850628 0.6350203124287344 0.9315687502850628 0.6872687502850627 0.9357249999999999 0.7098328129988597 0.8353546875712656 0.6537234378563285 0.8276937502850628
0 0.4845031254275941 0.8980531254275941 0.48598749942987457 0.9179078129988597 0.5334875005701254 0.9149390627137971 0.5328937502850627 0.8989031254275941 0.4845031254275941 0.8980531254275941
0 0.48628437514253137 0.9363484378563285 0.4853937502850627 0.9582937502850627 0.5305187502850627 0.9553234378563285 0.5328937502850627 0.9386953124287343 0.48628437514253137 0.9363484378563285
0 0.5539718745724059 0.9523812497149372 0.5530812497149373 0.9707671870011403 0.5857375005701254 0.9725484378563284 0.5881140627137971 0.9588874994298746 0.5539718745724059 0.9523812497149372
0 0.600285937286203 0.957725 0.5934562497149373 0.971360937286203 0.6421453124287343 0.9743296875712656 0.6433312497149373 0.961264062713797 0.600285937286203 0.957725
0 0.700035937286203 0.960396874572406 0.6967703124287342 0.9814578129988598 0.7579265621436716 0.9873968745724059 0.7620828129988597 0.967796874572406 0.700035937286203 0.960396874572406
0 0.8799421870011402 0.9826624994298746 0.8731140627137971 0.9986812497149372 0.9200218745724059 0.998753125427594 0.9182406248574686 0.9921468745724059 0.8799421870011402 0.9826624994298746
0 0.47381562485746864 0.9791 0.472925 0.998753125427594 0.5239874994298745 0.998753125427594 0.5192375005701254 0.9802687502850627 0.47381562485746864 0.9791
0 0.12647031242873433 0.293314062713797 0.1237984378563284 0.30558281299885975 0.17901562485746864 0.3091453124287343 0.17367343785632838 0.29726718700114024 0.12647031242873433 0.293314062713797