0 0.8422660820980616 0.8786930843785633 0.8562019122006842 0.9118000855188142 0.8879220433295325 0.903679393386545 0.8780109578107184 0.8675436795895097 0.8422660820980616 0.8786930843785633
0 0.7459826556442418 0.6806674116305588 0.7807554002280501 0.6849563956670468 0.785368370581528 0.6478671334093501 0.7522769064994299 0.6444140250855188 0.7459826556442418 0.6806674116305588
0 0.46902788141391105 0.599216014823261 0.43592644925883695 0.5915675644241734 0.41934512086659065 0.6455445655644242 0.4561312303306727 0.6483177525655643 0.46902788141391105 0.599216014823261
0 0.05844673204104903 0.7134246966932725 0.01779383580387685 0.7083124675028506 0.005990494868871151 0.7581674458380845 0.05185228392246294 0.7646129007981756 0.05844673204104903 0.7134246966932725
0 0.15840047548460662 0.5867070490307869 0.20781024971493728 0.6020374424173318 0.22741230444697835 0.5478869703534778 0.17213278221208667 0.5359255781071836 0.15840047548460662 0.5867070490307869
0 0.4560055188141391 0.4913602576966933 0.46869659293044474 0.4266561927023945 0.4306617514253136 0.41998061231470923 0.41837533181299885 0.48607167958950964 0.4560055188141391 0.4913602576966933
0 0.6312061014823261 0.40516871835803875 0.6323435370581528 0.35441275256556437 0.5768265153933865 0.34840752109464085 0.5801553546180159 0.4057807206385405 0.6312061014823261 0.40516871835803875
0 0.6416141026225769 0.4377799144811858 0.5810917833523376 0.44604666248574687 0.5796671014823261 0.4732600992018244 0.640271527936146 0.47293045952109464 0.6416141026225769 0.4377799144811858
0 0.676854976054732 0.14862041619156213 0.6816936784492589 0.13552261687571265 0.6278594846066136 0.13035347662485747 0.6219374435575826 0.14689337742303307 0.676854976054732 0.14862041619156213
0 0.680920283922463 0.12822679019384264 0.679115842645382 0.11120216647662486 0.6472881755986317 0.10728921778791335 0.6467352930444699 0.12402198859749146 0.680920283922463 0.12822679019384264
0 0.5097297274800456 0.0664299543899658 0.505106787913341 0.09932387457240593 0.5322257160775371 0.09834482212086658 0.5334541083238312 0.06613986431014823 0.5097297274800456 0.0664299543899658
0 0.44938444241733183 0.043573135689851765 0.4479911550741163 0.05775316419612314 0.49158347434435573 0.0632816590649943 0.492545637400228 0.04364792816419612 0.44938444241733183 0.043573135689851765
0 0.46277620980615736 0.02508984378563284 0.4613831402508552 0.03926832497149373 0.4900682953249715 0.04207692246294185 0.4932565872291904 0.02577922690992018 0.46277620980615736 0.02508984378563284
0 0.3624434526795895 0.09904280387685291 0.371057669327252 0.0846784401368301 0.3509796841505131 0.07822128392246294 0.34596030900798175 0.08833836830102622 0.3624434526795895 0.09904280387685291
0 0.39022143557582667 0.1275044891676169 0.4024576305587229 0.1172435165336374 0.3456119156214367 0.0972279566704675 0.33804682212086656 0.11478187001140251 0.39022143557582667 0.1275044891676169