0 0.7735378380843786 0.03129867730900798 0.7384605427594071 0.03122663283922463 0.7377599475484607 0.06808003420752566 0.7720717001140252 0.06928894754846067 0.7735378380843786 0.03129867730900798
0 0.9582104093500571 0.1709913819840365 0.9438036180159636 0.17295996009122008 0.944882961231471 0.25576821778791337 0.9619223842645382 0.2539837309007982 0.9582104093500571 0.1709913819840365
0 0.9376415997719498 0.0314651322690992 0.9192988916761689 0.030182485746864312 0.9199763854047891 0.07635785062713797 0.935761282782212 0.07537843899657926 0.9376415997719498 0.0314651322690992
0 0.8853529521094641 0.4390934355758267 0.9039870364880275 0.4362316237172178 0.9054993192702394 0.37265098631698973 0.8864823625997719 0.3719163922462942 0.8853529521094641 0.4390934355758267
0 0.9448115974914482 0.7027599007981756 0.9623977810718358 0.7063720136830103 0.9662362474344356 0.6134900775370582 0.9499654891676169 0.612054716077537 0.9448115974914482 0.7027599007981756
0 0.964338913340935 0.7041253842645382 0.9815398836944128 0.7047345598631698 0.9838500763968072 0.654897748004561 0.9673084424173318 0.6531474104903079 0.964338913340935 0.7041253842645382
0 0.7520482212086659 0.43215422690992017 0.782694141391106 0.43608279817559864 0.78756217331813 0.3760088494868871 0.7509898768529076 0.3707730661345496 0.7520482212086659 0.43215422690992017
0 0.5010681596351197 0.6199495153933866 0.5037419110604333 0.6582292736602052 0.574157464082098 0.6631532086659065 0.5758322508551882 0.6222015302166477 0.5010681596351197 0.6199495153933866
0 0.6032477696693274 0.9104097502850627 0.6385461664766249 0.9158540535917903 0.6401379167616875 0.8647781710376282 0.606768291904219 0.8600639395667047 0.6032477696693274 0.9104097502850627
0 0.6737762303306727 0.9647447366020525 0.674143716077537 0.9254872428734322 0.6092597514253135 0.9179741140250856 0.6092790387685291 0.96023465336374 0.6737762303306727 0.9647447366020525
0 1 0.31429972177879134 0.9658145484606614 0.3134782850627138 0.9686161083238312 0.35385018015963515 1 0.35429774458380847 1 0.31429972177879134
0 0.903898668187001 0.7010909566704675 0.9270181071835804 0.7021124264538199 0.930768157354618 0.674400259977195 0.9072784241733182 0.6697816989737743 0.903898668187001 0.7010909566704675
0 0.960291961231471 0.8300263340935006 0.9586355872291904 0.7941985165336375 0.9177641835803877 0.7919357103762827 0.9198471915621437 0.8301741607753705 0.960291961231471 0.8300263340935006
0 0.4840867092360319 0.8627955712656784 0.5193282269099202 0.8604967331812998 0.5221119407069555 0.805635401368301 0.487717582668187 0.8023375142531357 0.4840867092360319 0.8627955712656784
0 0.2256341242873432 0.6727084754846065 0.2570795473204105 0.6737153876852907 0.25408952109464084 0.6217254823261117 0.21905497719498288 0.6222516271379704 0.2256341242873432 0.6727084754846065
0 0.07179164424173318 0.6958771539338655 0.10835280843785633 0.7002193591790195 0.10923626111744585 0.6401659498289624 0.07509262371721778 0.6401591938426454 0.07179164424173318 0.6958771539338655
0 0.08172643329532497 0.5793159201824402 0.0792747229190422 0.5208148928164196 0.045506288483466356 0.5190487730900798 0.04858860205245154 0.5769986978335233 0.08172643329532497 0.5793159201824402
0 0.22374654503990876 0.5041333523375142 0.2197820022805017 0.4502881345496009 0.18698152109464083 0.4465065017103763 0.18778701938426454 0.508166015963512 0.22374654503990876 0.5041333523375142
0 0.3028176716077537 0.26622422805017104 0.31777690649942986 0.26488948004561 0.3181889965792475 0.18962551197263397 0.2999589600912201 0.1880531425313569 0.3028176716077537 0.26622422805017104
0 0.3453233204104903 0.3471676955530217 0.37825083580387686 0.35244777765108326 0.3812259110604333 0.30831185860889393 0.3462400228050171 0.3085453717217788 0.3453233204104903 0.3471676955530217
0 0.20504032611174458 0.2784333660205245 0.22055033637400226 0.2777338985176739 0.2243423261117446 0.1544935188141391 0.20727039794754845 0.15300213340935007 0.20504032611174458 0.2784333660205245
0 0.20195767046750285 0.2800034047890536 0.20292679475484607 0.2491207787913341 0.18868567502850628 0.24872014367160775 0.18732977993158495 0.27659972405929306 0.20195767046750285 0.2800034047890536
0 0.17234529304446977 0.9415852679589509 0.18684893044469783 0.9467658597491448 0.19609005929304446 0.9081288711516534 0.17943830900798177 0.9081548665906499 0.17234529304446977 0.9415852679589509
0 0.15061599315849486 0.9376850068415051 0.16397644127708097 0.9421904606613455 0.17558678449258835 0.9037191425313569 0.1591422314709236 0.9007820615735461 0.15061599315849486 0.9376850068415051
0 0.12921959407069555 0.9290464264538199 0.14262301938426453 0.932959685290764 0.15085900342075256 0.8993116088939567 0.1386389566704675 0.8963723340935005 0.12921959407069555 0.9290464264538199
0 0.17749719954389964 0.6723184127708096 0.205995007981756 0.6814535724059293 0.21106176624857467 0.6249662862029646 0.18769249942987457 0.6200585484606613 0.17749719954389964 0.6723184127708096
0 0.3722902850627138 0.8543828050171037 0.25780765792474347 0.7993566088939567 0.24120293500570125 0.8315251208665906 0.35805288597491447 0.8879088209806157 0.3722902850627138 0.8543828050171037
0 0.5081569680729761 0.9097123523375142 0.5198263500570125 0.9129107206385405 0.5233530775370582 0.8771477411630558 0.5097613728620296 0.8782789498289624 0.5081569680729761 0.9097123523375142
0 0.4785283158494869 0.9082372816419613 0.4965304549600912 0.9059233477765108 0.4929173717217788 0.8660914720638541 0.4801218255416192 0.8684703192702394 0.4785283158494869 0.9082372816419613
0 0.9037880855188142 0.7707216100342076 0.9169305496009122 0.7698550205245155 0.915133558722919 0.732230204104903 0.9041541197263399 0.7314624469783353 0.9037880855188142 0.7707216100342076
0 0.8789222588369442 0.7606500239452679 0.8920233055872292 0.7603757377423033 0.8963921322690992 0.74520603990878 0.8794912155074116 0.7440242132269099 0.8789222588369442 0.7606500239452679
0 0.8227618369441277 0.7644605017103763 0.8381461448118586 0.7655362782212086 0.8383399064994299 0.7465034310148232 0.8232479578107184 0.749019298745724 0.8227618369441277 0.7644605017103763
0 0.784435873432155 0.827847677309008 0.8029872303306727 0.8261689144811858 0.8008496237172177 0.8108418415051312 0.7898198608893956 0.810368165336374 0.784435873432155 0.827847677309008
0 0.814619362599772 0.8043647160775371 0.8222700992018245 0.8054949087799316 0.8243997457240593 0.7928470307867731 0.814898393386545 0.7918850319270239 0.814619362599772 0.8043647160775371