0 0.47776510832383123 0.22234891676168758 0.046750285062713795 0.06727480045610035
0 0.47934364652223493 0.9209860467502851 0.4765111562143672 0.975186810718358 0.6069181619156215 0.9872131505131129 0.6116660171037629 0.9390678175598631 0.47934364652223493 0.9209860467502851
0 0.3098068985176739 0.8926960467502851 0.24039414595210948 0.886016197263398 0.23807703762827823 0.9460522394526796 0.29862691904218924 0.9542043819840365 0.3098068985176739 0.8926960467502851
0 0.06147665108323831 0.708110457240593 0.045116442417331815 0.7932461938426454 0.17367470581527936 0.8078557548460662 0.18516012428734321 0.7262603956670468 0.06147665108323831 0.708110457240593
0 0.4924007765108324 0.48441464994298744 0.47973496237172175 0.5643834538198403 0.5157686989737742 0.5729666704675028 0.5307260832383124 0.4876087491448119 0.4924007765108324 0.48441464994298744
0 0.6938054116305588 0.5839071311288483 0.6785425895096922 0.6893520775370582 0.7028380912200685 0.6903240729760548 0.7134465199543899 0.5870179771949828 0.6938054116305588 0.5839071311288483
0 0.6764034948688712 0.684699228050171 0.6898191185860889 0.581837748004561 0.6769699555302165 0.5812406567844927 0.6544011060433295 0.6783383580387685 0.6764034948688712 0.684699228050171
0 0.9686037548460662 0.5468940592930445 0.9614233648802736 0.5831499817559863 0.9892607867730902 0.5889970136830103 0.9982883751425314 0.5501576237172178 0.9686037548460662 0.5468940592930445
0 0.3150485769669327 0.1241097023945268 0.29575529076396806 0.16419919840364883 0.3393867069555302 0.18836751995438997 0.363624740022805 0.15337524515393386 0.3150485769669327 0.1241097023945268
0 0.26330764538198403 0.2237770832383124 0.25605778791334094 0.2513923204104903 0.28883995781071836 0.2623365735461802 0.2991886636259977 0.2424038118586089 0.26330764538198403 0.2237770832383124
0 0.6545973580387685 0.7825647582668187 0.5852980296465222 0.7734508095781072 0.5706782223489167 0.8508542326111744 0.6401594389965793 0.8658914344355758 0.6545973580387685 0.7825647582668187
0 0.5709769897377424 0.8090250456100342 0.5530373204104904 0.8086658038768529 0.5447687137970353 0.8452002326111744 0.5647544823261117 0.8471238152793615 0.5709769897377424 0.8090250456100342
0 0.7702125074116305 0.16622529076396808 0.6750136579247434 0.14432262713797034 0.6662643169897378 0.20621593842645383 0.7556585917901938 0.22285672177879134 0.7702125074116305 0.16622529076396808
0 0.2960253968072976 0.5899092109464081 0.17504914139110606 0.5701283204104903 0.15880886545039907 0.6922522668187001 0.2800351961231471 0.7117626989737742 0.2960253968072976 0.5899092109464081
0 0.24250454047890535 0.27744443215507414 0.22440941847206386 0.27023592018244014 0.2127956636259977 0.3043785438996579 0.2282875678449259 0.3099344766248575 0.24250454047890535 0.27744443215507414