0 0.19920468757126567 0.030857812998859747 0.1926734378563284 0.11568124971493729 0.27401718700114025 0.10381875028506271 0.26689218700114026 0.028484375142531358 0.19920468757126567 0.030857812998859747
0 0.3613 0.3084625005701254 0.41058124971493726 0.31142968757126566 0.41770624971493725 0.28236406271379705 0.36723750057012544 0.2799906248574687 0.3613 0.3084625005701254
0 0.27164218700114023 0.6202921870011403 0.2971734378563284 0.7296171870011403 0.35832968757126565 0.7136031254275941 0.32923749942987457 0.602085937286203 0.27164218700114023 0.6202921870011403
0 0.34022031242873435 0.6025031254275941 0.362485937286203 0.7118234378563283 0.41473750057012543 0.702925 0.39039218700114026 0.5914078129988598 0.34022031242873435 0.6025031254275941
0 0.4984562497149373 0.8613031254275941 0.5703 0.8488468745724059 0.5625812497149373 0.7972406248574686 0.4848 0.81385 0.4984562497149373 0.8613031254275941
0 0.42364375028506274 0.8915546875712657 0.4034546875712657 0.809760937286203 0.34348593728620297 0.8245250000000001 0.36367499999999997 0.901639062713797 0.42364375028506274 0.8915546875712657
0 0.2636265621436716 0.3988015621436716 0.2686734378563284 0.4164218745724059 0.30489218700114024 0.4116765621436716 0.2995484378563284 0.39625468757126564 0.2636265621436716 0.3988015621436716
0 0.5432843751425314 0.4895328129988597 0.5530812497149373 0.5427687502850627 0.5863312497149372 0.5362421870011402 0.5815828129988597 0.4905671870011402 0.5432843751425314 0.4895328129988597
0 0.7603015621436716 0.5095500000000001 0.8012703124287344 0.49887343785632837 0.7864265621436716 0.44904531242873436 0.7490203124287343 0.45557187457240594 0.7603015621436716 0.5095500000000001
0 0.5542687502850627 0.450825 0.558425 0.4674343751425314 0.6314578129988597 0.4531984378563284 0.6314578129988597 0.4377765621436716 0.5542687502850627 0.450825
0 0.7015203124287342 0.42175937514253137 0.7074578129988598 0.43836875028506267 0.7739578129988597 0.4270984378563284 0.7787078129988597 0.41286250057012547 0.7015203124287342 0.42175937514253137
0 0.7089406248574687 0.4503953124287343 0.7086453124287343 0.46328281299885976 0.7436765621436716 0.4573515621436716 0.744864062713797 0.44489375028506273 0.7089406248574687 0.4503953124287343
0 0.589596874572406 0.4708531254275941 0.5958312497149373 0.488789062713797 0.628489062713797 0.47870468757126566 0.6296765621436716 0.4615031254275941 0.589596874572406 0.4708531254275941
0 0.8745999999999999 0.24402500000000002 0.8772703124287344 0.26219531242873434 0.934271874572406 0.2467734378563284 0.9354593751425314 0.23016406271379702 0.8745999999999999 0.24402500000000002
0 0.8808343751425314 0.2742687502850627 0.8873656248574686 0.2906687502850627 0.9182406248574686 0.28295781299885975 0.9188343751425314 0.26694218700114025 0.8808343751425314 0.2742687502850627
0 0.907553125427594 0.2920593751425314 0.9111140627137971 0.30431093728620295 0.9283343751425313 0.3007515621436716 0.924771874572406 0.2847374994298746 0.907553125427594 0.2920593751425314
0 0.9687093751425314 0.3529515621436716 0.9241765621436716 0.3594765621436716 0.9229906248574686 0.40633749942987457 0.974646874572406 0.4009984378563284 0.9687093751425314 0.3529515621436716
0 0.10598437514253135 0.8369828129988597 0.11548437514253136 0.8702 0.16239218700114025 0.855964062713797 0.15645312542759407 0.822153125427594 0.10598437514253135 0.8369828129988597