0 0.352111417331813 0.8687127901938427 0.37272988141391106 0.8985189988597492 0.4012511448118586 0.8727181687571266 0.3781673990877993 0.848737181299886 0.352111417331813 0.8687127901938427
0 0.429125425313569 0.9499305940706955 0.45853580957810713 0.9776340136830103 0.48367349144811855 0.9544490205245154 0.4548496168757127 0.9249189874572405 0.429125425313569 0.9499305940706955
0 0.5643673238312429 0.9074383990877993 0.5875691106043329 0.9436127309007981 0.6200246259977196 0.9145592257696693 0.5934440456100342 0.8830851619156215 0.5643673238312429 0.9074383990877993
0 0.5462542234891676 0.8715065655644241 0.5538598118586089 0.8974611242873431 0.5905396237172177 0.8755522269099202 0.5738713603192702 0.8582665883694413 0.5462542234891676 0.8715065655644241
0 0.41023329874572406 0.7375733386545039 0.49544574686431014 0.8399410809578107 0.5285738597491448 0.8227461071835803 0.4392116100342075 0.7182861801596351 0.41023329874572406 0.7375733386545039
0 0.5931865496009122 0.784003953249715 0.5593809441277081 0.7360719167616876 0.5315872405929304 0.7552762383124287 0.5574262485746865 0.8016805883694413 0.5931865496009122 0.784003953249715
0 0.5560312599771949 0.654167 0.5854484686431015 0.6988347046750285 0.6102579441277082 0.6813270604332953 0.5859301003420752 0.6395770718358038 0.5560312599771949 0.654167
0 0.8837412063854048 0.7565424287343215 0.8506835074116306 0.7436764515393387 0.8432745518814139 0.7822888939566705 0.8778313774230331 0.7917748768529077 0.8837412063854048 0.7565424287343215
0 0.008859678449258836 0.6269569771949829 0.02942771835803877 0.6064723249714937 0.0038521539338654503 0.5725487491448118 0.008859678449258836 0.6269569771949829
0 0.7883139042189282 0.5650122303306727 0.8012382576966933 0.5638124378563284 0.7975105370581528 0.5105035496009122 0.7838601619156215 0.5108628768529077 0.7883139042189282 0.5650122303306727
0 0.6360344389965792 0.6444077993158495 0.679234763968073 0.6473389384264537 0.6758276020524516 0.6071035986316989 0.6360164435575827 0.6075050992018244 0.6360344389965792 0.6444077993158495