0 0.6907310228050172 0.5126118757126568 0.684882188141391 0.5618169532497149 0.7369673580387686 0.5663303169897378 0.7461005667046751 0.5168530045610034 0.6907310228050172 0.5126118757126568
0 0.9324691402508553 0.21676583580387684 0.7937445028506271 0.23172605131128848 0.7985737058152794 0.2870640068415051 0.937286566704675 0.27232848232611173 0.9324691402508553 0.21676583580387684
0 0.2829914914481186 0.005183273660205245 0.2748363922462942 0.03599713454960091 0.3353158939566705 0.039166730900798176 0.3423634675028506 0.006825624857468644 0.2829914914481186 0.005183273660205245
0 0.04806157810718358 0.5171427388825541 0.01438850741163056 0.512999748004561 0.000705327251995439 0.5925708004561003 0.03977853477765109 0.5958076716077537 0.04806157810718358 0.5171427388825541
0 0.13312306043329533 0.028570253135689852 0.13535257810718357 0.014390942987457241 0.04517732611174458 0.004928880273660205 0.036629898517673884 0.02053887229190422 0.13312306043329533 0.028570253135689852
0 0.48512046636259976 0.6863516533637399 0.5358953831242873 0.6931761733181301 0.5430035461801597 0.6596491128848347 0.4897635781071836 0.6544806647662487 0.48512046636259976 0.6863516533637399
0 0.5810801083238313 0.5230734640820981 0.581527102622577 0.5712691584948689 0.6176635815279362 0.5737575564424173 0.6133768597491448 0.519413417331813 0.5810801083238313 0.5230734640820981
0 0.2534155005701254 0.6716315416191562 0.24757613112884835 0.7036385473204105 0.2794081619156214 0.7088757468643102 0.2864852497149373 0.6759416237172178 0.2534155005701254 0.6716315416191562
0 0.2504160638540479 0.23535791676168757 0.24573880273660206 0.27355297149372865 0.2852479304446978 0.2797870763968073 0.2897954618015964 0.2383949110604333 0.2504160638540479 0.23535791676168757
0 0.013687996579247434 0.4129165518814139 0.009322401368301026 0.46218215279361463 0.03953107753705815 0.4643598882554162 0.0534389338654504 0.4145366750285062 0.013687996579247434 0.4129165518814139
0 0.8165627582668187 0.7947152622576967 0.808771590649943 0.8525899429874572 0.980269897377423 0.865741307867731 0.9831605598631699 0.810584189281642 0.8165627582668187 0.7947152622576967
0 0.8201582428734321 0.9189439988597492 0.8144112656784493 0.9605330330672748 0.8796358164196123 0.9639513067274801 0.8837482234891676 0.930861811858609 0.8201582428734321 0.9189439988597492
0 0.7256181277080959 0.1532405313568985 0.717549606613455 0.2334547502850627 0.765357566704675 0.22882235233751425 0.7749523420752565 0.14784790649942986 0.7256181277080959 0.1532405313568985