0 0.2573520102622577 1 0.2585734275940707 0.9828822748004561 0.22099919270239454 0.9839658928164196 0.22158662941847204 1 0.2573520102622577 1
0 0.37656786659064995 1 0.3757734663625998 0.9915950353477765 0.3423282212086659 0.9823030353477765 0.3421020672748004 1 0.37656786659064995 1
0 0.4607909076396807 1 0.4602993660205245 0.9965025005701253 0.4029648916761688 0.9961661448118586 0.40269136259977195 1 0.4607909076396807 1
0 0.5878604082098062 0.7309447331812999 0.5251535245153934 0.7719363968072975 0.5819404036488027 0.8478974389965792 0.6417128164196123 0.8059202075256556 0.5878604082098062 0.7309447331812999
0 0.870050181299886 0.5415880763968073 0.7867905929304447 0.5854682348916762 0.8041159908779932 0.6292013637400229 0.9034119771949828 0.5900636476624858 0.870050181299886 0.5415880763968073
0 0.4930917012542759 0 0.5317058608893956 0.07289332383124288 0.6253299954389966 0.03315317787913341 0.6059312212086659 0 0.4930917012542759 0
0 0.3840316476624857 0.6924374629418472 0.35268811060433297 0.7080358175598631 0.372194921322691 0.7374715233751425 0.40296001938426457 0.7177573671607753 0.3840316476624857 0.6924374629418472
0 0.36597742531356897 0.623624189281642 0.3357905473204105 0.6474525997719498 0.36193651425313567 0.6843510022805017 0.39133071037628275 0.6648295131128849 0.36597742531356897 0.623624189281642
0 0.2500732109464082 0.7434413033067274 0.21755298745724058 0.7606030102622577 0.2522841368301026 0.8088861311288483 0.2854039407069556 0.7860435051311289 0.2500732109464082 0.7434413033067274
0 0.15202415849486886 0.8411646932725199 0.16155219384264538 0.8692052862029647 0.1903697172177879 0.8455693261117446 0.17983364424173318 0.8302616909920182 0.15202415849486886 0.8411646932725199
0 0.11448095667046751 0.7331178802736602 0.09377477080957812 0.7150424663625998 0.06341791334093501 0.7277030353477765 0.0788137810718358 0.7577180741163055 0.11448095667046751 0.7331178802736602
0 0.09964260319270239 0.7170169110604333 0.09383841049030786 0.685653850627138 0.058810218928164196 0.6849816659064994 0.058342761687571264 0.7214216681870012 0.09964260319270239 0.7170169110604333
0 0.20430945381984036 0.6365513911060434 0.16515183694412772 0.6462517309007982 0.1926246590649943 0.7025495781071835 0.22377552793614594 0.6855803204104903 0.20430945381984036 0.6365513911060434
0 0 0.17821013683010262 0.03600581071835804 0.17473820980615734 0.005701343215507412 0.06847317445838084 0 0.06927444583808438 0 0.17821013683010262
0 0.14172981870011403 0.4298933614595211 0.10505109122006842 0.37768843557582665 0.0746715473204105 0.400145945267959 0.10901847434435576 0.44568394868871153 0.14172981870011403 0.4298933614595211
0 0.2848827206385405 0.4741305290763968 0.2568790216647663 0.4836628460661346 0.27754292474344355 0.5213317023945268 0.3057606510832383 0.5033751140250855 0.2848827206385405 0.4741305290763968
0 0.08522104218928164 0.7619140661345496 0.11306770239452679 0.802369771949829 0.16852132497149375 0.762198677309008 0.14565447662485745 0.7255384150513113 0.08522104218928164 0.7619140661345496
0 0.5922948244013683 0.6618694082098062 0.5640616841505132 0.6826241231470923 0.5924154481185862 0.7224105530216647 0.629665204104903 0.6988880946408209 0.5922948244013683 0.6618694082098062