0 0.12260937514253137 0.18798593728620297 0.160610937286203 0.3269625005701254 0.1974234378563284 0.3085515621436716 0.16179843785632841 0.17670156214367164 0.12260937514253137 0.18798593728620297
0 0.1968296875712657 0.16779375028506274 0.20989218700114023 0.2159 0.23601718700114027 0.21055624971493728 0.21701718700114025 0.16007187457240593 0.1968296875712657 0.16779375028506274
0 0.8959734378563283 0.16506406271379703 0.8921140627137971 0.20936718700114026 0.9550531254275941 0.2141203124287343 0.962771874572406 0.17492031242873432 0.8959734378563283 0.16506406271379703
0 0.9698968745724059 0.20402187457240595 0.9550531254275941 0.257475 0.9900843751425313 0.2628203124287343 0.998753125427594 0.20402187457240595 0.9698968745724059 0.20402187457240595
0 0.6964718745724059 0.5070656248574686 0.6908328129988597 0.5205781254275941 0.7288328129988597 0.5294875005701255 0.7323953124287343 0.5098890627137971 0.6964718745724059 0.5070656248574686
0 0.6911296875712657 0.5266593751425314 0.6902374994298747 0.5437421870011403 0.728239062713797 0.5502750000000001 0.7270515621436716 0.5330515621436717 0.6911296875712657 0.5266593751425314
0 0.6875671870011403 0.5498156248574687 0.6884578129988598 0.5669046875712657 0.7240828129988598 0.5716562497149373 0.728239062713797 0.5556203124287343 0.6875671870011403 0.5498156248574687
0 0.2867828129988597 0.530221874572406 0.2858921870011403 0.5407718745724059 0.32330000000000003 0.5437421870011403 0.3256734378563284 0.5288937502850627 0.2867828129988597 0.530221874572406
0 0.30103437514253134 0.5533796875712657 0.29836093728620294 0.568685937286203 0.32923749942987457 0.5734375005701254 0.33398593728620296 0.5574015621436715 0.30103437514253134 0.5533796875712657
0 0.30637656214367165 0.5854406248574686 0.3043 0.5989765621436717 0.3387375005701254 0.6031328129988598 0.3417062497149373 0.5865031254275941 0.30637656214367165 0.5854406248574686
0 0.3114234378563284 0.6298593751425313 0.3464546875712657 0.634610937286203 0.3523921870011403 0.6179812497149373 0.31261093728620293 0.6132296875712656 0.3114234378563284 0.6298593751425313
0 0.4533296875712657 0.7296375005701253 0.5281437502850628 0.7082562497149373 0.5222062497149372 0.662525 0.44798750057012543 0.6821234378563285 0.4533296875712657 0.7296375005701253
0 0.03473437514253135 0.44115937514253134 0.037109375142531355 0.4546546875712657 0.1546734378563284 0.4552484378563284 0.15348437514253135 0.4386187502850627 0.03473437514253135 0.44115937514253134
0 0.16565781299885976 0.37347187457240594 0.16654687457240594 0.3863546875712657 0.19801718700114024 0.39526250057012546 0.20276718700114024 0.3786328129988597 0.16565781299885976 0.37347187457240594
0 0.15823593728620297 0.4118921870011402 0.18198437514253138 0.41902031242873433 0.18554843785632838 0.4029843751425314 0.1594234378563284 0.3970453124287343 0.15823593728620297 0.4118921870011402
0 0.044828125427594075 0.4641578129988597 0.04304687457240593 0.4807875005701254 0.12439218700114026 0.4807875005701254 0.13032968757126567 0.46772031242873435 0.044828125427594075 0.4641578129988597
0 0.078375 0.572971874572406 0.07689218700114026 0.5900671870011402 0.17664218700114026 0.6019453124287343 0.18079843785632838 0.5847218745724059 0.078375 0.572971874572406
0 0.17248437514253137 0.5271124994298746 0.17426718700114024 0.544335937286203 0.18614218700114027 0.5461171870011402 0.19564218700114022 0.534239062713797 0.17248437514253137 0.5271124994298746
0 0.09440624971493729 0.6139406248574686 0.0929234378563284 0.6268906248574687 0.1594234378563284 0.64055 0.16536093728620296 0.6251078129988598 0.09440624971493729 0.6139406248574686
0 0.18020468757126568 0.6334234378563284 0.23126718700114027 0.632235937286203 0.22948593728620295 0.6215453124287343 0.1825796875712657 0.6209515621436716 0.18020468757126568 0.6334234378563284
0 0.11221875028506272 0.654910937286203 0.11192343785632838 0.6666828129988598 0.1427984378563284 0.672028125427594 0.1499234378563284 0.6571796875712657 0.11221875028506272 0.654910937286203
0 0.20484531242873433 0.4589718745724059 0.2045484378563284 0.47603437514253133 0.23661093728620297 0.47484843785632835 0.23898593728620296 0.46 0.20484531242873433 0.4589718745724059
0 0.28351718700114026 0.4956343751425314 0.3132046875712657 0.4873203124287343 0.2971734378563284 0.4404 0.2686734378563284 0.4433703124287343 0.28351718700114026 0.4956343751425314
0 0.20573593728620296 0.5070656248574686 0.2021734378563284 0.5591828129988597 0.22889218700114025 0.557996874572406 0.23839218700114026 0.5087 0.20573593728620296 0.5070656248574686
0 0.078375 0.32448593728620295 0.08757812542759406 0.3548765621436716 0.13032968757126567 0.34596718700114026 0.12557812542759406 0.30676875028506273 0.078375 0.32448593728620295
0 0.06412656214367161 0.2256265621436716 0.06976562485746864 0.24678437514253138 0.1237984378563284 0.23431250057012543 0.11904687457240594 0.21530624971493728 0.06412656214367161 0.2256265621436716
0 0.9128968745724059 0.3271578129988597 0.9022078129988598 0.3625968745724059 0.9455531254275941 0.36734843785632837 0.953271874572406 0.3323078129988597 0.9128968745724059 0.3271578129988597
0 0.9550531254275941 0.33112031242873435 0.9562406248574686 0.3685375005701254 0.9978031254275941 0.37447656214367164 0.998753125427594 0.33527812542759405 0.9550531254275941 0.33112031242873435