0 0.255235937286203 0.1674265621436716 0.2108484378563284 0.17434687457240594 0.22333281299885974 0.20478749942987456 0.2538484378563284 0.20202031242873433 0.255235937286203 0.1674265621436716
0 0.018032812998859747 0.29887968757126565 0.044389062713797035 0.3030296875712657 0.054098437856328396 0.28365937514253137 0.09293906271379704 0.28365937514253137 0.10126250057012544 0.2518328129988598 0.027742187001140253 0.2435312497149373 0.018032812998859747 0.29887968757126565
0 0.2774312497149373 0.25598437514253136 0.23304218700114024 0.260135937286203 0.23859062485746865 0.29334531242873435 0.27604375028506273 0.29334531242873435 0.2774312497149373 0.25598437514253136
0 0.760160937286203 0.15912500000000002 0.7518374994298745 0.2034031254275941 0.7892906248574687 0.2075546875712657 0.7990015621436717 0.17157968757126565 0.760160937286203 0.15912500000000002
0 0.7559999999999999 0.7817906248574686 0.7324187502850626 0.8039296875712657 0.7629343751425314 0.8357546875712657 0.7906781254275941 0.8066968745724059 0.7559999999999999 0.7817906248574686
0 0.6949656248574687 0.7817906248574686 0.7102234378563284 0.745814062713797 0.6478015621436717 0.7098375005701254 0.6339296875712657 0.7444312497149373 0.6949656248574687 0.7817906248574686
0 0.75045 0.3542265621436716 0.764321874572406 0.3182515621436716 0.7227078129988598 0.30856562485746863 0.7074499999999999 0.34454218700114025 0.75045 0.3542265621436716
0 0.715771874572406 0.5105859372862029 0.718546874572406 0.4746093751425313 0.6810937502850627 0.469075 0.6741578129988598 0.5008984378563284 0.715771874572406 0.5105859372862029
0 0.6741578129988598 0.8163828129988597 0.6852546875712656 0.7983953124287343 0.6256062497149374 0.7638015621436716 0.613121874572406 0.7748718745724059 0.6741578129988598 0.8163828129988597
0 0.457760937286203 0.473225 0.4536 0.482910937286203 0.5007625005701255 0.5078187502850627 0.511860937286203 0.49121250057012544 0.457760937286203 0.473225
0 0.5437656248574686 0.7679546875712657 0.5520875005701255 0.7555 0.5063125005701254 0.7278249999999999 0.49521406271379703 0.741664062713797 0.5437656248574686 0.7679546875712657
0 0.4882781254275941 0.733360937286203 0.497989062713797 0.7181406248574687 0.44389062485746866 0.7029187502850627 0.43834062485746866 0.7181406248574687 0.4882781254275941 0.733360937286203
0 0.36343437514253135 0.8371375005701254 0.3370781254275941 0.8163828129988597 0.3218203124287343 0.8357546875712657 0.3454015621436716 0.856510937286203 0.36343437514253135 0.8371375005701254
0 0.6228328129988597 0.850975 0.6311562497149373 0.8412906248574686 0.6047984378563284 0.8136156248574686 0.592314062713797 0.8246843751425313 0.6228328129988597 0.850975
0 0.6436406248574686 0.8426734378563283 0.6547359372862029 0.8288375005701254 0.6283812497149374 0.8053140627137971 0.6172828129988598 0.8149984378563284 0.6436406248574686 0.8426734378563283
0 0.24691406271379704 0.6268156248574687 0.2483015621436716 0.6074453124287343 0.20807343785632837 0.6074453124287343 0.2108484378563284 0.6240484378563284 0.24691406271379704 0.6268156248574687