0 0.20436885290763968 0.39335358608893956 0.10793175370581529 0.40170004332953246 0.11617085518814138 0.45736878221208666 0.2158541778791334 0.4458264321550741 0.20436885290763968 0.39335358608893956
0 0.2440148244013683 1 0.2376891710376283 0.9773479726339795 0.16648714937286202 1 0.2440148244013683 1
0 0.23216464538198403 0.8282210091220068 0.2240099407069555 0.8756001436716078 0.25968494982896234 0.8855694538198403 0.26712502736602056 0.8370713888255417 0.23216464538198403 0.8282210091220068
0 0.40482610262257696 0.8577880695553022 0.3468732143671608 0.8346534367160776 0.33883636488027363 0.8632878779931585 0.3961783044469783 0.8891151858608893 0.40482610262257696 0.8577880695553022
0 0.4303515621436716 0.7030126818700113 0.4376618244013683 0.6760005758266818 0.3764714652223489 0.6675205678449259 0.37557264082098063 0.6930653956670467 0.4303515621436716 0.7030126818700113
0 0.3051850490307868 0.6368414652223489 0.3041533705815279 0.666772645381984 0.3539476396807298 0.6747662029646522 0.361929007981756 0.6541392405929305 0.3051850490307868 0.6368414652223489
0 0.3983664652223489 0.3646131835803877 0.3639329623717218 0.35511040820980616 0.35619013340935 0.3779919771949829 0.38922684834663623 0.38842083010262257 0.3983664652223489 0.3646131835803877
0 0.4076313215507411 0.35051752451539336 0.41328973888255416 0.3362054697833523 0.37960482782212085 0.32244958266818696 0.3745044937286203 0.3420714538198404 0.4076313215507411 0.35051752451539336
0 0.37680871949828965 0.3185674640820981 0.41431867388825544 0.32893936145952113 0.4218120376282782 0.31502989395667047 0.38334108323831245 0.3011800205245154 0.37680871949828965 0.3185674640820981
0 0.19995110490307869 0.0502671527936146 0.20262015963511973 0.06430097833523375 0.23459856898517673 0.06750085404789054 0.23687193386545038 0.04936857924743444 0.19995110490307869 0.0502671527936146
0 0.24330826795895097 0.03676267958950969 0.24436691790193843 0.024113979475484607 0.21129906499429874 0.027589550741163055 0.20846892360319272 0.04042444241733181 0.24330826795895097 0.03676267958950969