0 0.24896310262257698 0.7014829418472064 0.2687636602052451 0.6097130182440136 0.19059131927023945 0.5844754310148234 0.16852132725199545 0.6788581516533637 0.24896310262257698 0.7014829418472064
0 0.2888395324971494 0.6919342189281642 0.34450496579247436 0.7068742690992018 0.3607997297605473 0.6349866909920182 0.30323804789053593 0.6194092394526796 0.2888395324971494 0.6919342189281642
0 0.412083905359179 0.38176064652223485 0.3933381140250855 0.4788412850627138 0.42727479247434436 0.4803034150513113 0.4461102873432155 0.38715909236031926 0.412083905359179 0.38176064652223485
0 0.29147309692132267 0.4364618962371722 0.31392188255416187 0.34335019840364883 0.2805135803876853 0.3344464526795895 0.25710027366020527 0.4261806738882554 0.29147309692132267 0.4364618962371722
0 0.1560166944127708 0.21964463511972634 0.2440276009122007 0.24722152337514253 0.25619679247434435 0.1884734150513113 0.17007849714937284 0.16725934207525656 0.1560166944127708 0.21964463511972634
0 0.2687309338654504 0.24735702166476625 0.3182759110604333 0.26393096237172176 0.33264559863169896 0.199541763968073 0.2816895233751425 0.18754228620296465 0.2687309338654504 0.24735702166476625
0 0.11074526339794756 0.4250936282782212 0.11903029874572406 0.3952032063854048 0.08300781870011402 0.3942776579247434 0.07740644355758267 0.41921509464082096 0.11074526339794756 0.4250936282782212
0 0 0.7115912006841505 0.030946047890535917 0.7203170592930445 0.039914635119726344 0.6591958700114026 0.007882269099201825 0.6493273329532497 0 0.6772074538198404 0 0.7115912006841505
0 0.10090668643101483 0.7989730592930445 0.11204330330672749 0.7460719749144812 0.050008181299885976 0.728501503990878 0.03653264538198404 0.780990172177879 0.10090668643101483 0.7989730592930445
0 0.05804444127708096 0.652143181299886 0.09551322576966934 0.665381945267959 0.1050709361459521 0.6248635587229191 0.06767136259977195 0.6146515473204105 0.05804444127708096 0.652143181299886
0 0.556774417331813 0.7880140421892816 0.60492917331813 0.7998210273660206 0.620740770809578 0.7272453443557583 0.575255007981756 0.7150046111744583 0.556774417331813 0.7880140421892816
0 0.47787332611174455 0.4259182120866591 0.4638149771949829 0.48945952907639684 0.5255708437856329 0.5042676659064994 0.5380493454960091 0.44376536830102625 0.47787332611174455 0.4259182120866591
0 0.45676917901938424 0.16595883580387685 0.4951317343215507 0.17754805131128848 0.5072301744583808 0.115772921322691 0.4732374139110604 0.10676453249714937 0.45676917901938424 0.16595883580387685
0 0.6189559475484607 0.19696996351197263 0.6348724595210946 0.1238082850627138 0.6010520125427594 0.11724191790193843 0.5900210843785633 0.19005923831242874 0.6189559475484607 0.19696996351197263
0 0.8819293295324973 0.5288185256556442 0.9104248152793614 0.5413794173318129 0.9295798358038769 0.49773001938426453 0.8970661163055873 0.48717210946408207 0.8819293295324973 0.5288185256556442
0 1 0.5198077582668187 0.9829440410490308 0.5131686636259978 0.9684683945267959 0.5576431619156215 0.994619605473204 0.5670776031927024 1 0.5365638688711516 1 0.5198077582668187
0 0.6421125758266819 0.4322689144811858 0.6520981117445838 0.43312685632839226 0.6704580729760546 0.3700425758266819 0.6542869635119726 0.36598694070695553 0.6421125758266819 0.4322689144811858
0 0.6661016271379703 0.43469168985176737 0.6783478871151654 0.4347408517673888 0.6935779942987458 0.3723105131128848 0.6798168244013683 0.3716927753705815 0.6661016271379703 0.43469168985176737
0 0.6026587001140251 0.6143258631698973 0.5912261220068415 0.6900869099201825 0.6237293477765108 0.700038472063854 0.6348957343215507 0.6230246693272521 0.6026587001140251 0.6143258631698973
0 0.6380918677309009 0.4704492086659065 0.685961125427594 0.48733058380843786 0.6895317377423034 0.4499752907639681 0.6428085712656785 0.43450340820980615 0.6380918677309009 0.4704492086659065
0 0.6254973808437856 0.583987094640821 0.6361286955530217 0.5852587719498289 0.6523541356898518 0.5205938859749145 0.6374573990877993 0.5161584606613455 0.6254973808437856 0.583987094640821
0 0.4569213101482326 0.631133551881414 0.5183371641961231 0.6410584595210946 0.5293412896237172 0.6026038449258837 0.4696819441277081 0.592084291904219 0.4569213101482326 0.631133551881414
0 0.30853317901938426 0.9724452656784494 0.313931425313569 0.9486778301026225 0.27911229646522234 0.944347007981756 0.27540056670467505 0.9653972736602052 0.30853317901938426 0.9724452656784494
0 0.5496690273660205 0.02558310262257697 0.60361796009122 0.04112485062713797 0.6074593375142532 0.01250078449258837 0.5477999908779931 0.0019812314709236035 0.5496690273660205 0.02558310262257697