0 0.2853 0.331714062713797 0.2734234378563284 0.36734843785632837 0.32448593728620295 0.38338593728620296 0.3369546875712657 0.3453734378563284 0.2853 0.331714062713797
0 0.2995484378563284 0 0.2823296875712657 0.03178750057012543 0.31439218700114024 0.047823437856328394 0.33339218700114026 0.013375 0.2995484378563284 0
0 0.18970468757126568 0.043665624857468645 0.20751718700114025 0.0009046875712656785 0.1594234378563284 0 0.14576718700114025 0.02347187457240593 0.18970468757126568 0.043665624857468645
0 0.42572187457240596 0.010093750285062713 0.401675 0.062076562143671604 0.4794562497149373 0.08345781299885975 0.49905 0.03535 0.42572187457240596 0.010093750285062713
0 0.5596140627137971 0.07157968757126568 0.6356140627137971 0.09236718700114024 0.6552062497149372 0.03891406271379704 0.577425 0.016345312428734323 0.5596140627137971 0.07157968757126568
0 0.938725 0 0.9235828129988597 0.04841718700114025 0.9568343751425313 0.06088906271379703 0.9734593751425313 0.005654687571265678 0.938725 0
0 0.7098328129988597 0.12028124971493728 0.694989062713797 0.17610781299885975 0.7751453124287344 0.19511406271379705 0.7965218745724059 0.14225624971493728 0.7098328129988597 0.12028124971493728
0 0.12201562485746865 0.6531296875712657 0.14101562485746866 0.6043218745724059 0.10598437514253135 0.594225 0.08757812542759406 0.646489062713797 0.12201562485746865 0.6531296875712657
0 0.07036093728620296 0.714789062713797 0.031765624857468644 0.7023171870011403 0.02345312542759407 0.7444843751425313 0.052546874572405936 0.7486421870011403 0.07036093728620296 0.714789062713797
0 0.0834234378563284 0.9309734378563284 0.0929234378563284 0.890589062713797 0.04007812542759407 0.8775218745724059 0.029390624857468642 0.9107812497149373 0.0834234378563284 0.9309734378563284
0 0.24937656214367163 0.7724734378563284 0.2567984378563284 0.7539875005701254 0.2045484378563284 0.7284484378563284 0.20098437514253134 0.7456734378563283 0.24937656214367163 0.7724734378563284
0 0.16654687457240594 0.9185375005701254 0.16179843785632841 0.9392890627137971 0.21345312542759406 0.9493859372862029 0.22057968757126567 0.9339437502850627 0.16654687457240594 0.9185375005701254
0 0.27698593728620297 0.854410937286203 0.26689218700114026 0.8929640627137971 0.29836093728620294 0.9024656248574686 0.3114234378563284 0.863860937286203 0.27698593728620297 0.854410937286203
0 0.5753484378563284 0.5720828129988598 0.5513 0.6357984378563284 0.6344265621436717 0.6577734378563284 0.6635203124287343 0.5977875005701254 0.5753484378563284 0.5720828129988598
0 0.7178484378563285 0.6157234378563284 0.6967703124287342 0.6696515621436716 0.7632703124287343 0.6910328129988598 0.7822703124287343 0.6352046875712657 0.7178484378563285 0.6157234378563284
0 0.7769265621436716 0.854953125427594 0.8208640627137971 0.8703953124287342 0.8398640627137971 0.817535937286203 0.8000828129988597 0.8020953124287343 0.7769265621436716 0.854953125427594
0 0.8656937502850628 0.6958796875712656 0.8535218745724059 0.7355765621436716 0.9241765621436716 0.7522062497149373 0.934271874572406 0.7141953124287344 0.8656937502850628 0.6958796875712656
0 0.9173484378563285 0.8392703124287344 0.896271874572406 0.8965281254275941 0.9277406248574686 0.9084046875712657 0.949114062713797 0.8436687502850627 0.9173484378563285 0.8392703124287344
0 0.9520828129988598 0.3233984378563284 0.9351625005701254 0.37703437514253135 0.9835531254275941 0.3946703124287343 0.998753125427594 0.33646562485746867 0.9520828129988598 0.3233984378563284
0 0.7784109372862029 0.3022203124287343 0.7525828129988598 0.3786328129988597 0.7882078129988597 0.3917 0.8137390627137971 0.31211406271379705 0.7784109372862029 0.3022203124287343
0 0.8318484378563283 0.3280484378563284 0.8143328129988598 0.38932343785632834 0.8511453124287343 0.39763906271379706 0.8683656248574686 0.3412171870011403 0.8318484378563283 0.3280484378563284
0 0.8656937502850628 0.28084531242873434 0.849364062713797 0.31805312542759406 0.8725218745724059 0.33052656214367165 0.8867703124287344 0.2937031254275941 0.8656937502850628 0.28084531242873434
0 0.8888484378563284 0.26125156214367157 0.9069593751425313 0.21055624971493728 0.8541140627137971 0.19392656214367163 0.8380828129988598 0.24440937514253136 0.8888484378563284 0.26125156214367157
0 0.9550531254275941 0.29073437514253136 0.998753125427594 0.3084546875712657 0.998753125427594 0.22480937514253138 0.9817718745724059 0.22302812542759407 0.9550531254275941 0.29073437514253136
0 0.6011765621436717 0.45006406271379706 0.5940515621436716 0.46772031242873435 0.6445203124287343 0.481975 0.6504578129988597 0.46593906271379704 0.6011765621436717 0.45006406271379706
0 0.43432968757126567 0.827039062713797 0.42215781299885974 0.8624281254275941 0.439675 0.8692062497149373 0.4468 0.8365421870011402 0.43432968757126567 0.827039062713797