0 0.5211261733181299 0.6963444002280501 0.5338080855188142 0.6649381744583809 0.4632225370581528 0.6446671117445838 0.45504611288483465 0.6746515872291904 0.5211261733181299 0.6963444002280501
0 0.2960783477765108 0.6333003774230331 0.3055592246294185 0.5999875233751426 0.2585229315849487 0.5858795746864309 0.24486107183580386 0.6198281505131129 0.2960783477765108 0.6333003774230331
0 0.2544122246294185 0.9843116408209807 0.26068824971493726 0.9492014697833524 0.23016327594070696 0.9386391037628279 0.2153768038768529 0.9707660706955531 0.2544122246294185 0.9843116408209807
0 0.10537113112884836 0.5821386248574686 0.11427977765108324 0.5481991698973774 0.07090731356898518 0.531251732041049 0.05550667730900798 0.5639529270239453 0.10537113112884836 0.5821386248574686
0 0.1513958905359179 0.4635882736602052 0.13547091676168757 0.5198558392246294 0.19991558608893956 0.5458473204104903 0.22786709236031927 0.49399904332953254 0.1513958905359179 0.4635882736602052
0 0.26950829418472066 0.2968196841505131 0.2954106966932725 0.24410405131128848 0.22979997377423034 0.21747773774230333 0.2083756841505131 0.2695555153933865 0.26950829418472066 0.2968196841505131
0 0.7943403888255416 0.5029506909920183 0.8060306282782213 0.4744225473204105 0.7454706248574686 0.4562807936145952 0.744062921322691 0.4965921596351197 0.7943403888255416 0.5029506909920183
0 0.9371267685290764 0.3441636978335234 0.9550422474344356 0.3074994161915621 0.9224128278221209 0.28914792474344353 0.9026308084378563 0.3282235336374002 0.9371267685290764 0.3441636978335234
0 0.1397302645381984 0.2362145142531357 0.1684257457240593 0.18862604446978334 0.13978292816419613 0.175160409350057 0.11488114139110604 0.2247418654503991 0.1397302645381984 0.2362145142531357
0 0.04421159179019384 0.16434342873432156 0.06869370695553022 0.13528639110604332 0.032855950969213225 0.10673077651083238 0.013704559863169897 0.13455278791334094 0.04421159179019384 0.16434342873432156
0 0.010804596351197264 0.5085215803876854 0.029535887115165336 0.47401520980615736 0.0024636510832383124 0.45645032725199547 0.0009110592930444699 0.5009107274800456 0.010804596351197264 0.5085215803876854