0 0 0.5216546875712657 0.04156250057012543 0.5271890627137971 0.04710468757126568 0.49121250057012544 0 0.48567812542759403 0 0.5216546875712657
0 0.11221875028506272 0.986578125427594 0.0027703124287343215 0.9699734378563284 0.0027703124287343215 0.9987546875712657 0.10944843785632838 0.997646874572406 0.11221875028506272 0.986578125427594
0 0.40038749942987456 0.8523593751425314 0.32695937514253137 0.8454406248574686 0.3283453124287343 0.8966374994298746 0.392075 0.9049406248574686 0.40038749942987456 0.8523593751425314
0 0.37683593728620296 0.9464515621436715 0.30063749942987456 0.9353812497149372 0.2950953124287343 0.9879609372862029 0.3726796875712657 0.9948796875712658 0.37683593728620296 0.9464515621436715
0 0.6303687502850627 0.866196874572406 0.534775 0.856510937286203 0.5250765621436716 0.924310937286203 0.6137437502850628 0.932614062713797 0.6303687502850627 0.866196874572406
0 0.5139921870011402 0.9353812497149372 0.40454375028506273 0.924310937286203 0.40731562485746864 0.9589046875712657 0.5070656248574686 0.9796593751425314 0.5139921870011402 0.9353812497149372
0 0.9310062497149373 0.6198984378563284 0.9379328129988598 0.5576312497149373 0.8825156248574686 0.5507125005701254 0.8783593751425314 0.6143624994298746 0.9310062497149373 0.6198984378563284
0 0.998753125427594 0.5036656248574686 0.8852874994298746 0.49536562485746866 0.8894421870011402 0.5313406248574687 0.998753125427594 0.5410265621436716 0.998753125427594 0.5036656248574686
0 0.9129953124287344 0.3113328129988598 0.9005265621436717 0.38328593728620297 0.9462453124287343 0.39712187457240594 0.9573296875712657 0.31963437514253135 0.9129953124287344 0.3113328129988598
0 0.925464062713797 0.10100937514253136 0.8298703124287342 0.07610312542759406 0.8146296875712657 0.14805624971493728 0.901910937286203 0.16465937514253134 0.925464062713797 0.10100937514253136
0 0.5818796875712657 0.17711406271379704 0.5888062497149372 0.1425203124287343 0.534775 0.13283593728620297 0.5209203124287343 0.17019531242873434 0.5818796875712657 0.17711406271379704
0 0.5153781254275941 0.18126562485746864 0.4447218745724059 0.16465937514253134 0.44195 0.19095 0.5153781254275941 0.20478749942987456 0.5153781254275941 0.18126562485746864
0 0.38653437514253136 0.1508234378563284 0.3948468745724059 0.09685937514253136 0.3047937502850627 0.07610312542759406 0.2992515621436716 0.12315 0.38653437514253136 0.1508234378563284
0 0.3990031254275941 0.29749531242873434 0.32695937514253137 0.28365937514253137 0.3297312497149373 0.30856562485746863 0.3990031254275941 0.31686718700114025 0.3990031254275941 0.29749531242873434
0 0.6192859372862031 0.482910937286203 0.5403156248574686 0.4746093751425313 0.5375453124287343 0.5078187502850627 0.6165140627137969 0.5092015621436716 0.6192859372862031 0.482910937286203
0 0.6068171870011403 0.5299578129988598 0.5361593751425313 0.5216546875712657 0.5361593751425313 0.5410265621436716 0.6109718745724059 0.545178125427594 0.6068171870011403 0.5299578129988598
0 0.667775 0.469075 0.627596874572406 0.46492343785632845 0.627596874572406 0.4939812497149373 0.666389062713797 0.4981312497149373 0.667775 0.469075
0 0.6622328129988598 0.5161203124287344 0.6289828129988597 0.5161203124287344 0.633139062713797 0.5285734378563284 0.666389062713797 0.5341078129988598 0.6622328129988598 0.5161203124287344
0 0.7840531254275941 0.12279999999999999 0.7089406248574687 0.10703906271379704 0.7056765621436716 0.15601718700114026 0.7834578129988597 0.163135937286203 0.7840531254275941 0.12279999999999999
0 0.21820468757126568 0.8785062497149373 0.22711093728620296 0.8268984378563284 0.15348437514253135 0.8245250000000001 0.1469531254275941 0.8684203124287343 0.21820468757126568 0.8785062497149373