0 0.814758047890536 0.9588676271379704 0.8067503751425313 0.901890078677309 0.726188070695553 0.9174047331812999 0.7420561197263399 0.9705952246294184 0.814758047890536 0.9588676271379704
0 0.8718494538198404 0.264385259977195 0.8525976545039909 0.20419444355758268 0.8057236431014824 0.21198132725199545 0.8214711402508552 0.2749572633979475 0.8718494538198404 0.264385259977195
0 0.9040537149372861 0 0.9029269064994299 0.0162231425313569 0.9354378939566705 0.014612499429874573 0.9333842405929305 0 0.9040537149372861 0
0 0.7656700900798176 0.03790851425313569 0.7100604675028506 0.04752111516533637 0.7238350992018244 0.11566882782212087 0.7823512576966933 0.09900654618015962 0.7656700900798176 0.03790851425313569
0 0.9239484150513113 0.38764497833523376 0.9213255598631699 0.3604610820980616 0.8312006271379704 0.3719281459521095 0.8400337354618015 0.4006375883694413 0.9239484150513113 0.38764497833523376
0 0.5298440410490308 0.33521312998859754 0.5300494002280501 0.31960925655644246 0.40531699087799317 0.33654124629418475 0.40991760205245154 0.35435558266818695 0.5298440410490308 0.33521312998859754
0 0.41715961345496005 0.3802875575826682 0.4181411927023945 0.3808612189281642 0.5466710353477765 0.3568079874572406 0.5486387616875713 0.3409564298745724 0.4091968757126568 0.36414806385404785 0.41715961345496005 0.3802875575826682
0 0.5606918050171038 0.42671828620296465 0.558483015963512 0.40246938882554156 0.4763521870011403 0.4068234139110604 0.48137479589509696 0.4404280022805017 0.5606918050171038 0.42671828620296465
0 0.5511794184720639 0.36755544697833525 0.4725445324971494 0.3839968152793614 0.47763091790193846 0.39885698289623717 0.5540774207525656 0.38392076510832385 0.5511794184720639 0.36755544697833525
0 0.4188946841505131 0.4160977092360319 0.46116771151653363 0.4011707354618016 0.45708224971493727 0.389166244013683 0.41112785746864305 0.3992190684150513 0.4188946841505131 0.4160977092360319
0 0.5963043831242874 0.6673049076396808 0.5233017468643102 0.6811591140250854 0.5267146978335233 0.6990441163055873 0.5961798928164197 0.6834954230330672 0.5963043831242874 0.6673049076396808
0 0.5379066351197264 0.6485576681870011 0.5399705290763968 0.6632430342075256 0.5918870547320411 0.6529502953249715 0.5875539087799315 0.6391834378563285 0.5379066351197264 0.6485576681870011
0 0.5252776077537058 0.5928276157354617 0.5254949509692133 0.6071729133409349 0.5805181505131128 0.5976427297605472 0.5838081527936146 0.5805339737742303 0.5252776077537058 0.5928276157354617
0 0.5273634549600912 0.6332668118586089 0.5838913683010262 0.6259219156214367 0.5820866750285062 0.6088033603192703 0.5309315929304447 0.6159927377423033 0.5273634549600912 0.6332668118586089
0 0.6048898392246294 0.16952348004561002 0.5942622234891676 0.11950168871151653 0.5265630661345496 0.12841817673888256 0.5327719771949829 0.17899628620296468 0.6048898392246294 0.16952348004561002