0 0.10626523261117446 0.7120415986316989 0.009127433295324972 0.7052490615735462 0.000364042189281642 0.7582214846066134 0.10444383238312428 0.7636465005701254 0.10626523261117446 0.7120415986316989
0 0.5809495518814138 0.7672352257696693 0.5776892018244013 0.7372770068415052 0.484515094640821 0.7503844389965791 0.4953942223489168 0.7820642497149374 0.5809495518814138 0.7672352257696693
0 0.5712574549600913 0.7100683215507412 0.567721259977195 0.6670089475484607 0.47492114481185865 0.6747904310148233 0.4831961094640821 0.7224321527936146 0.5712574549600913 0.7100683215507412
0 0.4317377058152793 0.9774074538198403 0.48014115279361463 0.9831698198403648 0.48099705815279364 0.9624180353477765 0.4345202953249715 0.9588939600912201 0.4317377058152793 0.9774074538198403
0 0.5482299680729761 0.9712826864310149 0.549802322690992 0.9487969692132269 0.5043735017103763 0.9515660091220067 0.5013139429874572 0.969784465222349 0.5026640045610035 0.9675012029646523 0.5482299680729761 0.9712826864310149
0 0.6426520558722919 1 0.6409864583808438 0.9896603192702395 0.5818388198403649 0.9843354789053591 0.5825929828962372 1 0.6426520558722919 1
0 0.7179483899657926 0.9700686875712656 0.71106303990878 0.9493692166476625 0.6512947856328392 0.9529195792474344 0.6538463215507412 0.9760131961231471 0.7179483899657926 0.9700686875712656
0 0.718369378563284 1 0.7163760353477766 0.9925544047890535 0.6567733454960092 0.9937371128848346 0.6571747890535918 1 0.718369378563284 1
0 0.77787434663626 0.01945827137970353 0.7049479714937287 0.015408193842645381 0.7113919144811859 0.025374165336374006 0.77826948004561 0.022319366020524513 0.77787434663626 0.01945827137970353
0 0.9890359030786774 0.6512725370581528 0.9910463671607753 0.6276286225769669 0.9639959019384264 0.6263322702394527 0.96247717331813 0.6480511094640821 0.9890359030786774 0.6512725370581528
0 0.8988244355758267 0.6645934025085519 0.8991424538198403 0.6515337730900799 0.8221429794754846 0.6461494458380843 0.8230276419612315 0.6632669167616875 0.8988244355758267 0.6645934025085519
0 0.8896266020524516 0.6258934606613454 0.8895591881413911 0.6098340125427594 0.8253405450399088 0.6089114743443558 0.8239188072976055 0.6249873968072976 0.8896266020524516 0.6258934606613454
0 0.8867072588369441 0.5995255872291905 0.8898512109464082 0.5801226339794755 0.8466114846066134 0.5770990171037629 0.8455745245153934 0.596184110604333 0.8867072588369441 0.5995255872291905
0 0.7245354629418472 0.6375400296465222 0.7242198677309007 0.6250297286202965 0.6913104823261118 0.6274869464082098 0.6941818278221209 0.6417736054732042 0.7245354629418472 0.6375400296465222