0 0.60305448004561 0.6455827605473203 0.7106096316989738 0.614796322690992 0.6923869760547321 0.5524568095781072 0.5837807605473204 0.5907079122006842 0.60305448004561 0.6455827605473203
0 0.30476918244013684 0.627481740022805 0.3436698301026226 0.624045472063854 0.329933945267959 0.571053503990878 0.2951824834663626 0.5799905062713797 0.30476918244013684 0.627481740022805
0 0.3119366818700114 0.7306084834663626 0.32877049258836943 0.7249706830102624 0.3040265416191562 0.680088142531357 0.2895409236031927 0.6906923306727479 0.3119366818700114 0.7306084834663626
0 0.10318666248574687 0.36717079475484604 0.15692097377423034 0.38163242873432157 0.16071639452679587 0.3541691778791334 0.11089162941847207 0.33986807525655643 0.10318666248574687 0.36717079475484604
0 0.03305037856328392 0.7655971641961231 0.12400844127708095 0.715484433295325 0.08620687913340934 0.6710594389965793 0.007940977194982896 0.7272626168757126 0.03305037856328392 0.7655971641961231
0 0.16519868072976054 0.815937795895097 0.20203023375142534 0.8565380627137971 0.220056913340935 0.8452129806157355 0.18642973546180158 0.8012347616875714 0.16519868072976054 0.815937795895097
0 0.38765694526795896 0.24494815849486887 0.4062575849486887 0.2380604344355758 0.3739486681870012 0.1637349087799316 0.3569429384264538 0.1702698825541619 0.38765694526795896 0.24494815849486887
0 0.5110948323831243 0.921494558722919 0.5575286522234891 0.8940291858608893 0.5404456830102623 0.8643260285062714 0.49311315393386546 0.887366945267959 0.5110948323831243 0.921494558722919
0 0.6049506522234892 0.9805987936145952 0.6388202348916762 0.9755543135689853 0.6347343272519954 0.943614952109464 0.6001825450399088 0.9412568563283923 0.6049506522234892 0.9805987936145952
0 0.4673783477765108 0.9161888848346637 0.45297975598631696 0.8953036659064995 0.4233929566704675 0.9159425530216647 0.4414140433295325 0.9384836077537058 0.4673783477765108 0.9161888848346637
0 0.1413543055872292 1 0.13828160661345495 0.9710513660205244 0.12463055302166477 0.9715280718358039 0.1260381630558723 1 0.1413543055872292 1
0 0.059058761687571265 0.31910186659064993 0.059134578107183575 0.27959077651083236 0.005229413911060433 0.27523501140250856 0.004776992018244014 0.31327397263397944 0.059058761687571265 0.31910186659064993
0 0.22121445381984037 0.6081203397947549 0.2519769749144812 0.5850639475484607 0.22728356556442417 0.5585971128848346 0.20197481413911061 0.5826512782212087 0.22121445381984037 0.6081203397947549