0 0.6720595290763968 0.4459671630558723 0.6425440672748005 0.4557016476624858 0.666481510832383 0.5251295564424173 0.6971809749144813 0.5108213489167617 0.6720595290763968 0.4459671630558723
0 0.6063109908779931 0.23893941049030784 0.5731239464082099 0.25435927822120863 0.5896742508551881 0.30059275598631696 0.6224452588369441 0.2893814127708096 0.6063109908779931 0.23893941049030784
0 0.9552248757126568 0.1911288779931585 0.9239158015963512 0.2075764811858609 0.9360612451539339 0.23750683010262258 0.9707948369441277 0.22940188141391107 0.9552248757126568 0.1911288779931585
0 0.5406022987457241 0.052768801596351195 0.5087519270239452 0.06985978107183581 0.5279460775370581 0.11228584378563283 0.5613727776510832 0.10161315279361459 0.5406022987457241 0.052768801596351195
0 0.47976493044469787 0.22855410718358038 0.530079283922463 0.19792737742303307 0.5007506488027366 0.13493131698973776 0.4453936442417332 0.1537792827822121 0.47976493044469787 0.22855410718358038
0 0.25460889395667047 0.2208358779931585 0.203723748004561 0.24495634663625998 0.23374737058152792 0.3090836385404789 0.2850351322690992 0.2804578118586089 0.25460889395667047 0.2208358779931585
0 0.5093700957810718 0.7439067936145952 0.4691876488027366 0.7474223021664766 0.4904740057012543 0.8069498437856328 0.5183512326111744 0.7937825792474344 0.5093700957810718 0.7439067936145952
0 0.3495310148232611 0.911069102622577 0.31154426909920185 0.932869070695553 0.3315783033067275 0.9644933295324971 0.36725471379703534 0.9446835438996579 0.3495310148232611 0.911069102622577
0 0.20496353363740022 0.12981483124287344 0.15675328620296466 0.1572773842645382 0.17169951539338654 0.18517620980615737 0.21772096237172178 0.15402946750285063 0.20496353363740022 0.12981483124287344
0 0.10960288369441278 0.033497041049030785 0.0828213078677309 0.05407827708095781 0.11321339110604334 0.08837243215507412 0.14094931242873432 0.062403141391106046 0.10960288369441278 0.033497041049030785
0 0.4747891824401368 0.0015473797035347775 0.43047097035347776 0.005424720638540479 0.4494286316989738 0.03154058038768529 0.4829073922462942 0.011029036488027368 0.4747891824401368 0.0015473797035347775