0 0.5334735051311289 0.039670553021664764 0.479551110604333 0.04042419726339795 0.48159920296465225 0.07114152109464082 0.5316672075256557 0.07005266476624857 0.5334735051311289 0.039670553021664764
0 0.8572106864310148 0.5709441277080958 0.8544194903078677 0.6094424036488028 0.9229478152793615 0.6094707571265678 0.9250325176738883 0.5773308688711516 0.8572106864310148 0.5709441277080958
0 0.8656373591790193 0.671468724059293 0.8555739509692132 0.7046324481185862 0.913474637400228 0.7186138072976054 0.9254999213226909 0.6844398631698975 0.8656373591790193 0.671468724059293
0 0.10115641277080958 0.27175168871151656 0.09404853477765109 0.3128235598631699 0.13924079817559865 0.31216476282782213 0.1446586180159635 0.28175350969213225 0.10115641277080958 0.27175168871151656
0 0.1832582622576967 0.24868627480045608 0.18148231014823263 0.28458005359179017 0.20503124857468644 0.28770868757126566 0.20511306955530217 0.2492368985176739 0.1832582622576967 0.24868627480045608
0 0.8587624150513112 0.6180796887115165 0.8597435997719498 0.6403511277080958 0.892464 0.6425261915621436 0.8981238380843785 0.6181679464082098 0.8587624150513112 0.6180796887115165
0 0.657254873432155 0.4328688996579248 0.6550664082098062 0.4485840900798176 0.6919832269099202 0.4508226510832383 0.6946775655644242 0.4338112622576967 0.657254873432155 0.4328688996579248
0 0.6547889589509692 0.45412136031927025 0.6545609600912201 0.4707529566704675 0.6879591402508551 0.47243421892816423 0.6910541527936146 0.45668859407069556 0.6547889589509692 0.45412136031927025
0 0.6631611881413911 0.4752837981755986 0.6625445655644242 0.4924613204104903 0.6741789372862029 0.4949051755986317 0.6825534538198403 0.4799957411630558 0.6631611881413911 0.4752837981755986
0 0.6726978187001141 0.768055157354618 0.6699541231470924 0.7834704241733181 0.7197390775370582 0.7955652257696693 0.7250578255416191 0.7771660490307868 0.6726978187001141 0.768055157354618
0 0.677620677309008 0.8337591881413912 0.6797674481185861 0.8505691630558723 0.7330117046750285 0.8559948859749145 0.735427394526796 0.840742818700114 0.677620677309008 0.8337591881413912
0 0.9332925302166477 0.7794789851767389 0.9348541927023946 0.8037787035347776 0.956503661345496 0.8060053397947549 0.959848425313569 0.7848873283922463 0.9332925302166477 0.7794789851767389
0 0.8712430171037627 0.85811386659065 0.8839083797035348 0.8901157240592931 0.9228629236031927 0.890875157354618 0.9230954230330672 0.8590430592930445 0.8712430171037627 0.85811386659065
0 0.9227946510832383 0.7850316807297606 0.909612779931585 0.7847473306727479 0.9112108278221208 0.8012362645381984 0.9221382805017104 0.8005623979475485 0.9227946510832383 0.7850316807297606
0 0.9061042622576968 0.7689540364880274 0.8866910695553022 0.762476457240593 0.8855395986316991 0.777327606613455 0.8986285872291904 0.7781983968072976 0.9061042622576968 0.7689540364880274
0 0.9234379703534777 0.8303116647662485 0.902431236031927 0.8263042748004561 0.9012175689851767 0.8453536328392246 0.9135328072976054 0.8473041744583809 0.9234379703534777 0.8303116647662485
0 0.3323581527936146 0 0.32556442759407067 0.004937537058152793 0.33327508437856324 0.016982669327251995 0.34431662827822124 0.011792929304446979 0.33874594298745725 0 0.3323581527936146 0
0 0.2934260661345496 0.01427969441277081 0.3015277149372862 0.025753963511972632 0.31645409236031924 0.01311618472063854 0.3060258996579247 0.003046822120866591 0.2934260661345496 0.01427969441277081
0 0.27137920752565564 0.02822594526795895 0.2863904572405929 0.0188478244013683 0.27401575256556443 0.00398842417331813 0.2645323409350057 0.014512587229190422 0.27137920752565564 0.02822594526795895
0 0.3178531858608894 0.05362439908779932 0.33106164766248575 0.03854880273660205 0.3149326328392246 0.030313337514253132 0.29853551083238317 0.04274823261117446 0.3178531858608894 0.05362439908779932