0 0.03474356442417332 0.1481960535917902 0.008630749144811859 0.19082232497149373 0.06399540250855187 0.21734405473204105 0.0800471858608894 0.17473017331812998 0.03474356442417332 0.1481960535917902
0 0.04605136944127708 0.6350527662485747 0.0884516716077537 0.6576450057012543 0.10646845610034208 0.6282888529076397 0.06307959977194982 0.6010458278221209 0.04605136944127708 0.6350527662485747
0 0.21663567046750287 0.2165024686431015 0.23955154846066132 0.17881122006841504 0.1935299258836944 0.15243131470923604 0.17515875370581527 0.18399054047890534 0.21663567046750287 0.2165024686431015
0 0.2832232873432155 0.14461055074116305 0.30525321892816415 0.1198709007981756 0.27085268072976054 0.09497124401368301 0.2533948757126568 0.12603282098061575 0.2832232873432155 0.14461055074116305
0 0.9057913090079817 0.012279631698973774 0.9034322998859748 0.009741190421892818 0.9016027810718358 0.04963714025085519 0.9157892862029646 0.05725724287343215 0.9057913090079817 0.012279631698973774
0 0.8705003158494868 0.1771958574686431 0.9437374675028507 0.19080226795895094 0.9341439897377423 0.1436093352337514 0.8786378654503991 0.1326173181299886 0.8705003158494868 0.1771958574686431
0 0.8670458996579248 0.431980157354618 0.862315236031927 0.4724911676168757 0.8987348893956671 0.47265070695553024 0.9024277742303307 0.4329688962371722 0.8670458996579248 0.431980157354618
0 0.8716407377423033 0.5391878950969213 0.9059470718358039 0.5379723956670467 0.9047420684150513 0.50662382668187 0.8728648814139112 0.5076265028506272 0.8716407377423033 0.5391878950969213
0 0.2573447001140251 0.6819152200684151 0.27859771379703535 0.6506571573546179 0.22894956556442417 0.6253500022805017 0.21382693044469783 0.6586499851767389 0.2573447001140251 0.6819152200684151
0 0.047155562143671614 0.5090094686431015 0.031953261117445834 0.5401986385404789 0.061524442417331814 0.5509302690992018 0.07277756556442418 0.5296969258836944 0.047155562143671614 0.5090094686431015
0 0.4306874207525656 0.8669100091220069 0.4624651334093501 0.8680546271379703 0.47083827594070693 0.8304162645381985 0.431784810718358 0.8283869019384265 0.4306874207525656 0.8669100091220069
0 0.4371878574686431 0.9402837605473204 0.47728895438996577 0.9463475313568985 0.48053629760547323 0.8988580490307867 0.4425808050171038 0.8962902006841506 0.4371878574686431 0.9402837605473204
0 0.7513067331812998 0.9288227605473204 0.7733445347776511 0.9326478700114025 0.7802240992018243 0.8965426031927024 0.7526293888255416 0.8960263979475485 0.7513067331812998 0.9288227605473204