0 0.13181250057012542 0.11593437514253135 0.10360937514253135 0.13585 0.13982968757126568 0.18804843785632838 0.1689234378563284 0.1678812497149373 0.13181250057012542 0.11593437514253135
0 0.2324546875712657 0.04746718700114025 0.25442343785632837 0.08424218700114025 0.2953921870011402 0.05517812542759407 0.2704546875712657 0.02433281299885975 0.2324546875712657 0.04746718700114025
0 0.2752046875712657 0.26448437514253137 0.2971734378563284 0.2966 0.34348593728620297 0.26338281299885974 0.32389218700114025 0.23609531242873433 0.2752046875712657 0.26448437514253137
0 0.32151718700114024 0.31202187457240593 0.3613 0.3001593751425314 0.3618921870011403 0.2847374994298746 0.3185484378563284 0.2983796875712657 0.32151718700114024 0.31202187457240593
0 0.33309531242873436 0.3240828129988597 0.33457968757126566 0.33575 0.36011250057012545 0.33278281299885976 0.36011250057012545 0.31676875028506274 0.33309531242873436 0.3240828129988597
0 0.3423 0.37549218700114023 0.4010812497149373 0.33041093728620297 0.3927687502850627 0.3179546875712657 0.33161093728620294 0.36362812542759404 0.3423 0.37549218700114023
0 0.051953125427594074 0.5522593751425314 0.10123437514253135 0.514889062713797 0.08164062485746865 0.48463593728620297 0.029984375142531355 0.5220062497149373 0.051953125427594074 0.5522593751425314
0 0.08876562485746864 0.7462265621436717 0.11726718700114025 0.7266531254275941 0.0834234378563284 0.6738593751425315 0.052546874572405936 0.6892828129988597 0.08876562485746864 0.7462265621436717
0 0.040968750285062715 0.7955296875712656 0.06560937514253136 0.8476593751425314 0.11489218700114025 0.8132546875712657 0.0857984378563284 0.7723265621436716 0.040968750285062715 0.7955296875712656
0 0.3464546875712657 0.5113296875712656 0.32418906271379705 0.4779703124287343 0.29420468757126567 0.5030249999999999 0.3280484378563284 0.53565 0.3464546875712657 0.5113296875712656
0 0.20484531242873433 0.35966406271379703 0.21761093728620298 0.3464265621436716 0.16239218700114025 0.2942281254275941 0.15289218700114024 0.31202187457240593 0.20484531242873433 0.35966406271379703
0 0.47381562485746864 0.10170312542759408 0.48598749942987457 0.1287312497149373 0.5109250000000001 0.11152968757126568 0.49667500000000003 0.08542968757126568 0.47381562485746864 0.10170312542759408
0 0.5717843751425313 0.2102234378563284 0.5833624994298745 0.22897812542759408 0.6290828129988598 0.19576093728620297 0.6201765621436717 0.17737187457240594 0.5717843751425313 0.2102234378563284
0 0.2689703124287343 0.6016125005701254 0.27698593728620297 0.6127625005701254 0.3066734378563284 0.5914078129988598 0.2995484378563284 0.5807312497149373 0.2689703124287343 0.6016125005701254
0 0.2858921870011403 0.6211828129988598 0.2959859372862029 0.636489062713797 0.3227062497149373 0.6139484378563284 0.31201718700114023 0.602085937286203 0.2858921870011403 0.6211828129988598
0 0.20395312542759408 0.39791250057012545 0.20811093728620297 0.4116765621436716 0.24076718700114028 0.39803437514253137 0.23839218700114026 0.3855765621436716 0.20395312542759408 0.39791250057012545
0 0.628489062713797 0.6376765621436716 0.6059249999999999 0.609796874572406 0.5697062497149373 0.6388625005701255 0.6005828129988597 0.661403125427594 0.628489062713797 0.6376765621436716
0 0.5771281254275941 0.6487578129988597 0.5513 0.6661484378563284 0.56555 0.6851296875712657 0.5904875005701254 0.661996874572406 0.5771281254275941 0.6487578129988597
0 0.8006765621436717 0.3730062497149373 0.830364062713797 0.37608593728620293 0.8339281254275941 0.323885937286203 0.8024578129988598 0.3232921870011402 0.8006765621436717 0.3730062497149373
0 0.22711093728620296 0.4165921870011402 0.2277046875712657 0.4288781254275941 0.24729843785632838 0.4259124994298746 0.24314218700114026 0.4110828129988598 0.22711093728620296 0.4165921870011402
0 0.5539718745724059 0.42192968757126564 0.5429875005701255 0.43243749942987453 0.5703 0.4680281254275941 0.5821765621436716 0.45913124971493724 0.5539718745724059 0.42192968757126564
0 0.22622031242873433 0.806203125427594 0.2277046875712657 0.8180015621436716 0.2639234378563284 0.8120703124287343 0.2615484378563284 0.7966468745724059 0.22622031242873433 0.806203125427594
0 0.25115781299885975 0.8231031254275941 0.255610937286203 0.8334234378563284 0.26748593728620296 0.8316437502850628 0.26748593728620296 0.8185937502850626 0.25115781299885975 0.8231031254275941
0 0.3135031254275941 0.7528312497149373 0.3138 0.7669874994298747 0.3328 0.7646156248574686 0.3286421870011403 0.7545312497149373 0.3135031254275941 0.7528312497149373
0 0.3188453124287343 0.7732906248574687 0.3191421870011403 0.7871562497149374 0.33517499999999995 0.7877500000000001 0.33814218700114024 0.7717328129988598 0.3188453124287343 0.7732906248574687
0 0.2876734378563284 0.7519421870011402 0.293610937286203 0.7658015621436717 0.31201718700114023 0.7610562497149372 0.30726875028506273 0.7468203124287343 0.2876734378563284 0.7519421870011402
0 0.1710015621436716 0.6825593751425313 0.16179843785632841 0.6465734378563284 0.11370312542759407 0.6602171870011403 0.13151562485746865 0.6922484378563285 0.1710015621436716 0.6825593751425313