0 0.0644234378563284 0.4314921870011403 0.09796875028506272 0.4295812497149373 0.09470312542759407 0.37685156214367166 0.05670312542759407 0.38100937514253136 0.0644234378563284 0.4314921870011403
0 0.21731406271379702 0.04928124971493729 0.22592343785632837 0.09058437514253136 0.262735937286203 0.08583281299885975 0.255610937286203 0.04425937514253136 0.21731406271379702 0.04928124971493729
0 0.33517499999999995 0.30558281299885975 0.371985937286203 0.30379999999999996 0.36842343785632836 0.2687593751425314 0.33517499999999995 0.2717296875712657 0.33517499999999995 0.30558281299885975
0 0.3580343751425314 0.1347812497149373 0.35951718700114027 0.16007187457240593 0.42661249942987456 0.1499765621436716 0.42305000000000004 0.12503281299885977 0.3580343751425314 0.1347812497149373
0 0.9117078129988598 0.25391093728620295 0.9093343751425315 0.307564062713797 0.9497093751425314 0.3085515621436716 0.9556468745724059 0.2556937502850627 0.9117078129988598 0.25391093728620295
0 0.8428328129988597 0.36794218700114023 0.8460984378563283 0.32626875028506275 0.7787078129988597 0.33112031242873435 0.778114062713797 0.3685375005701254 0.8428328129988597 0.36794218700114023
0 0.5079562497149372 0.21530624971493728 0.5147843751425314 0.25145468757126566 0.5548625005701254 0.23847031242873432 0.5435812497149373 0.20461562485746865 0.5079562497149372 0.21530624971493728
0 0.5602062497149373 0.44294062485746866 0.6011765621436717 0.43921250057012545 0.596425 0.42080156214367165 0.5590187502850626 0.43030468757126566 0.5602062497149373 0.44294062485746866
0 0.4889562497149373 0.42198906271379705 0.49608124971493733 0.45719062485746864 0.5536765621436716 0.44871562485746863 0.5477375005701255 0.4124859372862029 0.4889562497149373 0.42198906271379705
0 0.43462656214367157 0.3485343751425314 0.44323750057012545 0.383978125427594 0.482425 0.38100937514253136 0.4758937502850627 0.34656250057012544 0.43462656214367157 0.3485343751425314
0 0.16714218700114025 0.03891406271379704 0.24937656214367163 0.042157812998859755 0.24848593728620297 0.02109687457240593 0.16832968757126568 0.024660937286202965 0.16714218700114025 0.03891406271379704
0 0.18347031242873435 0.36456406271379704 0.18673593728620297 0.37982187457240596 0.22532968757126567 0.369725 0.21761093728620298 0.35784687457240594 0.18347031242873435 0.36456406271379704
0 0.18881406271379703 0.3877203124287343 0.19326718700114026 0.4006078129988598 0.22711093728620296 0.39763906271379706 0.22532968757126567 0.37744531242873436 0.18881406271379703 0.3877203124287343
0 0.18614218700114027 0.307564062713797 0.19089218700114027 0.32102343785632836 0.23126718700114027 0.3144906248574686 0.22592343785632837 0.29786093728620294 0.18614218700114027 0.307564062713797
0 0.19623593728620298 0.3507187502850627 0.23007968757126568 0.3447812497149373 0.22711093728620296 0.3275578129988597 0.19445312542759408 0.3329015621436716 0.19623593728620298 0.3507187502850627