0 0.49555229076396806 0.13306164424173317 0.5233857833523374 0.09013651539338655 0.47644795210946406 0.06116718015963512 0.44726741847206386 0.10572686887115165 0.49555229076396806 0.13306164424173317
0 0.5154746966932725 0 0.49005392360319266 0.02933991676168757 0.536771181299886 0.059194344355758266 0.5572025803876853 0.027038141391106045 0.5184109509692133 0 0.5154746966932725 0
0 0.8119040706955529 0.3495150022805017 0.8453422497149372 0.3025265553021665 0.8065289521094641 0.2778404196123147 0.7785387742303307 0.3292113443557583 0.8119040706955529 0.3495150022805017
0 0.6451797958950969 0.4194778358038769 0.7028051778791334 0.34238710034207526 0.6487961094640821 0.3041425176738882 0.5903064104903079 0.3849790889395667 0.6451797958950969 0.4194778358038769
0 0.7003207331813 0.4229900387685291 0.7295668654503992 0.3757738985176739 0.6992409076396807 0.3595536955530217 0.6709179623717217 0.4071031425313569 0.7003207331813 0.4229900387685291
0 0.7644343340935006 0.30424719384264537 0.7852277023945268 0.27622831128848346 0.7494255336374002 0.25872739224629415 0.7291682690992018 0.2894677172177879 0.7644343340935006 0.30424719384264537
0 0.5185383945267958 0.5252318494868872 0.4711613842645382 0.5150864846066134 0.45664489053591795 0.5467252006841505 0.5065945860889396 0.5590264196123147 0.5185383945267958 0.5252318494868872
0 0.4776252371721779 0.6502813295324972 0.4897242930444698 0.6182612314709236 0.4407612063854048 0.6036119635119727 0.42150216419612313 0.6355432576966933 0.4776252371721779 0.6502813295324972
0 0.16060894868871153 0.5011702702394527 0.1639100558722919 0.463964417331813 0.13412889965792474 0.460783850627138 0.12670850285062712 0.495205314709236 0.16060894868871153 0.5011702702394527
0 0.2093592189281642 0.8267807628278221 0.2299472850627138 0.7963973397947549 0.19930252793614595 0.7765332417331813 0.18201219156214368 0.8071410410490308 0.2093592189281642 0.8267807628278221
0 0.6479170672748004 0 0.64782234663626 0.000056183580387685286 0.7004831881413911 0.03653342075256557 0.7202325758266819 0.006800567844925883 0.7081744891676168 0 0.6479170672748004 0
0 0.6433853842645382 0.08559181641961232 0.620869291904219 0.11435743557582669 0.6712615188141392 0.13852931927023945 0.6851309600912201 0.10630727936145952 0.6433853842645382 0.08559181641961232
0 0.2495014754846066 0.5839016556442418 0.24431023489167616 0.5926906727480046 0.26812767502850626 0.6026433443557582 0.2720586807297605 0.5896685484606613 0.2495014754846066 0.5839016556442418
0 0.2698934275940707 0.5785446202964653 0.27395329988597494 0.5704490353477765 0.2539145404789054 0.5628117787913341 0.24862256442417333 0.5738556545039909 0.2698934275940707 0.5785446202964653
0 0.27824269327251994 0.5581643808437856 0.2822508164196123 0.5494773055872292 0.2570672326111744 0.537534566704675 0.2526246750285063 0.5514748072976055 0.27824269327251994 0.5581643808437856
0 0.2793389623717218 0.5366322109464082 0.28512155758266816 0.5277898893956671 0.2626145655644242 0.5191906556442417 0.2574766100342075 0.5319949942987457 0.2793389623717218 0.5366322109464082