0 0.3136599623717218 0.12966599087799316 0.34567367844925884 0.15434540820980616 0.3641469908779932 0.12373709350057013 0.3328217377423033 0.0987487377423033 0.3136599623717218 0.12966599087799316
0 0.4847875142531357 0.1269758677309008 0.45505827480045613 0.16728054047890537 0.5190750558722919 0.21961032725199542 0.550905126567845 0.17154593272519955 0.4847875142531357 0.1269758677309008
0 0.5819446807297606 0.11221393158494869 0.5614973489167617 0.14137366476624857 0.5958596191562144 0.16066752451539337 0.6119893797035348 0.1318816362599772 0.5819446807297606 0.11221393158494869
0 0.5695929190421892 0 0.5566963876852907 0.0194216921322691 0.581890078677309 0.040954031927023946 0.6040098095781071 0.015032790193842646 0.5881652257696693 0 0.5695929190421892 0
0 0.09923383922462942 1 0.12391449030786772 0.9599055176738882 0.07468150285062714 0.9298851790193843 0.037467988597491446 0.9940756727480046 0.05322779361459521 1 0.09923383922462942 1
0 0.35197786316989743 1 0.37726717673888255 0.9774553272519955 0.34322433979475486 0.9557805302166477 0.31166308893956673 0.9964156647662485 0.3186778973774231 1 0.35197786316989743 1
0 0.4887777194982896 0.9000911664766249 0.46742654161915625 0.9268897525655644 0.5124206909920183 0.9614363215507412 0.5362592531356899 0.9319235974914482 0.4887777194982896 0.9000911664766249
0 0.5747920011402509 0.5191226123147092 0.5591937263397947 0.5443361801596351 0.6251885792474344 0.5817838643101483 0.6425160228050171 0.5535709110604333 0.5747920011402509 0.5191226123147092
0 0 0.13883921208665906 0.016424681870011403 0.14465261915621438 0.02651266134549601 0.11003378677309007 0 0.09690129190421892 0 0.13883921208665906
0 0.32408656670467506 0.3809754230330673 0.3112628494868871 0.4004990752565564 0.3656165758266819 0.4461668027366021 0.3749006442417332 0.4335340992018244 0.32408656670467506 0.3809754230330673
0 0.48656799771949827 0.46721692816419613 0.46435585632839227 0.495812062713797 0.49577195781071837 0.518126550741163 0.516017449258837 0.4868934606613455 0.48656799771949827 0.46721692816419613
0 0.6445355496009121 0.4650534344355758 0.6547029692132269 0.4800188928164196 0.6898246145952109 0.43932161231470923 0.6729902132269099 0.4277386488027366 0.6445355496009121 0.4650534344355758
0 0.8107020798175598 0.07823201368301026 0.868966197263398 0.1529312291904219 0.9148504583808438 0.1271874549600912 0.8535887502850628 0.05462212998859749 0.8107020798175598 0.07823201368301026