0 0.4960091220068415 0.04218928164196123 0.043329532497149374 0.04446978335233751
0 0.1639815142531357 0.502911377423033 0.20729647092360318 0.4793238551881414 0.19106040592930446 0.4374094948688712 0.1394935952109464 0.4479677833523375 0.1639815142531357 0.502911377423033
0 0.44695862941847203 0.6507876442417332 0.4409816396807298 0.6170980193842646 0.388296298745724 0.631713165336374 0.39059114367160774 0.6823105610034207 0.44695862941847203 0.6507876442417332
0 0.7557555062713798 1 0.7804538460661345 0.9818497320410491 0.7613158472063853 0.9516662086659065 0.7272677958950969 0.9797924629418473 0.7403506636259978 1 0.7557555062713798 1
0 1 0.4485044606613455 0.9646250022805017 0.44739182554161916 0.9613431778791335 0.49432409692132273 0.999942850627138 0.49840943899657925 1 0.49440080273660203 1 0.4485044606613455
0 0.05865660319270239 0.6129087936145953 0.02233797605473204 0.6159170376282782 0.030945128848346635 0.6914216795895096 0.0720886567844926 0.6790412371721779 0.05865660319270239 0.6129087936145953
0 0 0.5211118608893957 0.057315507411630565 0.5129451744583808 0.046745036488027365 0.44562664310148237 0.0035573158494868868 0.44954230900798176 0 0.5004142976054732 0 0.5211118608893957
0 0.31841248232611175 0.2745933911060433 0.31115069897377423 0.2394089384264538 0.2730634515393387 0.24784139794754848 0.276468598631699 0.27859603420752566 0.31841248232611175 0.2745933911060433
0 0.7305357343215507 0.6981343181299885 0.7256624777651083 0.6656840798175598 0.6855359703534778 0.6777440604332953 0.6937636841505131 0.709037977194983 0.7305357343215507 0.6981343181299885
0 1 0.2825758836944128 0.9191334275940707 0.2950019680729761 0.9211308757126567 0.30474002394526795 1 0.29733271379703535 1 0.2825758836944128
0 0.7537166784492589 0.2644903158494869 0.7491283899657925 0.2790353717217788 0.8049703876852907 0.2805625575826682 0.8050598301026226 0.2665158301026226 0.7537166784492589 0.2644903158494869
0 0.7848450604332954 0.28748022462941847 0.7858902098061574 0.3065809087799316 0.8038661915621437 0.3048650456100342 0.805473251995439 0.2861612748004561 0.7848450604332954 0.28748022462941847