0 0.15962187457240593 0.213525 0.26841406271379703 0.1921453124287343 0.26544218700114025 0.16007187457240593 0.14951562485746864 0.17789062485746865 0.15962187457240593 0.213525
0 0.3130015621436716 0.13923593728620295 0.31894687457240595 0.17551562485746863 0.39504218700114024 0.15769687457240594 0.38790781299885974 0.11909218700114026 0.3130015621436716 0.13923593728620295
0 0.4672734378563284 0.392175 0.4770828129988598 0.42792968757126565 0.528803125427594 0.4118921870011402 0.5151296875712656 0.37566406271379704 0.4672734378563284 0.392175
0 0.16229687457240594 0.5854406248574686 0.16913281299885974 0.6209515621436716 0.2404734378563284 0.5983812497149372 0.23215 0.5657171870011403 0.16229687457240594 0.5854406248574686
0 0 0.6500531254275941 0.02675312542759407 0.6442234378563284 0.019915624857468645 0.6096656248574686 0 0.610260937286203 0 0.6500531254275941
0 0.19261718700114025 0.7350671870011402 0.198264062713797 0.7456734378563283 0.2511734378563284 0.7308250000000001 0.24641875028506272 0.7159781254275941 0.19261718700114025 0.7350671870011402
0 0.198264062713797 0.7753687502850627 0.2529578129988597 0.7599265621436716 0.2511734378563284 0.7421093751425314 0.19588593728620296 0.7623031254275942 0.198264062713797 0.7753687502850627
0 0.2624687502850627 0.8234765621436716 0.1732953124287343 0.8466390627137971 0.18577968757126567 0.8882125005701254 0.26841406271379703 0.8573296875712657 0.2624687502850627 0.8234765621436716
0 0.6780218745724059 0.9481984378563284 0.6922890627137971 0.998753125427594 0.7261765621436717 0.9957109372862029 0.7130968745724059 0.9381015621436716 0.6780218745724059 0.9481984378563284
0 0.938114062713797 0.8900375005701254 0.9473281254275941 0.9220656248574687 0.977053125427594 0.9179078129988597 0.9705125005701254 0.8858359372862029 0.938114062713797 0.8900375005701254
0 0.911064062713797 0.9986812497149372 0.9455437502850627 0.9927421870011403 0.9396 0.9547312497149373 0.9051187502850627 0.9618578129988598 0.911064062713797 0.9986812497149372
0 0.6500796875712657 0.7439734378563284 0.6524578129988597 0.7575515621436716 0.717853125427594 0.7427031254275941 0.716664062713797 0.7242921870011403 0.6500796875712657 0.7439734378563284
0 0.6411624994298746 0.7083484378563284 0.6453249999999999 0.7290437502850626 0.6803999999999999 0.7242921870011403 0.6786156248574686 0.7017234378563284 0.6411624994298746 0.7083484378563284
0 0.7615484378563284 0.42334687457240594 0.7778968745724059 0.48791406271379706 0.8022703124287343 0.4837562497149373 0.7862203124287344 0.41902031242873433 0.7615484378563284 0.42334687457240594
0 0.7900843751425314 0.4278 0.8016765621436716 0.4790046875712657 0.8224843751425314 0.47069062485746865 0.81 0.42258281299885975 0.7900843751425314 0.4278
0 0.8129718745724058 0.4089234378563284 0.827239062713797 0.4671265621436716 0.8563703124287343 0.45940624971493726 0.838535937286203 0.4006078129988598 0.8129718745724058 0.4089234378563284