0 0.5293504424173319 0.8086962645381984 0.5305323956670467 0.767529669327252 0.4748801984036488 0.7647735758266818 0.46919610376282783 0.8060517799315849 0.5293504424173319 0.8086962645381984
0 0.37465983010262255 0.7588745404789053 0.3087946488027366 0.7614542257696693 0.30916094868871147 0.8011435883694413 0.3706239851767389 0.7975329783352337 0.37465983010262255 0.7588745404789053
0 0.31242795781071836 0.3512317309007982 0.2936624059293044 0.30635385176738883 0.24298014367160775 0.32152585632839226 0.2558787172177879 0.3690327787913341 0.31242795781071836 0.3512317309007982
0 0.864572015963512 0.418912393386545 0.7581998551881414 0.3900832462941847 0.7252987890535918 0.4821625347776511 0.8344832075256556 0.511554070695553 0.864572015963512 0.418912393386545
0 0.1297222132269099 0.9255411140250855 0.1279441117445838 0.8915221151653364 0.0956808802736602 0.8966080843785633 0.096712417331813 0.9281027468643102 0.1297222132269099 0.9255411140250855
0 0.3605067628278221 0.5897074789053591 0.36299462713797037 0.5525278118586089 0.30893488483466364 0.5519644401368301 0.3083991288483466 0.5916668939566705 0.3605067628278221 0.5897074789053591
0 0.11528545153933865 0.4504411322690992 0.11123053705815279 0.43429210832383125 0.07831329988597491 0.43907929190421896 0.07879166362599772 0.4520590410490308 0.11528545153933865 0.4504411322690992
0 0.12677105245153933 0.4574516214367161 0.08466898289623717 0.46487535233751426 0.08948021778791335 0.47848413797035344 0.12476965792474344 0.47346430330672745 0.12677105245153933 0.4574516214367161
0 0.17107619954389966 0.21292444583808437 0.1423435473204105 0.14571303876852906 0.10678650855188142 0.15947306157354618 0.145105755986317 0.22292516191562145 0.17107619954389966 0.21292444583808437
0 0.07789520068415051 0.23839048004561006 0.07669877423033067 0.2145088597491448 0.053574787913340936 0.21672674230330674 0.06152123261117446 0.24127765222348918 0.07789520068415051 0.23839048004561006
0 0.10058432953249714 0.2747466362599772 0.10262031927023944 0.2521006077537058 0.0790494834663626 0.24836501368301026 0.08431319384264539 0.278217 0.10058432953249714 0.2747466362599772
0 0.057478562143671606 0.1944066408209806 0.055350424173318126 0.17550782326111747 0.036100383124287344 0.17916232725199543 0.03818094640820981 0.19780933181299884 0.057478562143671606 0.1944066408209806
0 0 0.18281868301026227 0.022605566704675027 0.18128162485746863 0.02663656898517674 0.16310233979475483 0 0.16638654732041047 0 0.18281868301026227