0 0 0.2834118015963512 0.014684453819840364 0.32207897377423034 0.02799366818700114 0.31282888027366024 0.002978111744583808 0.24320093842645382 0 0.24492500798175598 0 0.2834118015963512
0 0.27289351311288484 0.6401049578107183 0.28500761459521096 0.6371453534777651 0.28192226111744584 0.6026184595210947 0.2669953911060433 0.6055199486887115 0.27289351311288484 0.6401049578107183
0 0.29780206727480046 0.6376858608893956 0.31213270695553025 0.6336905404789054 0.3076563215507412 0.5982227194982896 0.2937002120866591 0.603055717217788 0.29780206727480046 0.6376858608893956
0 0.3277713831242874 0.6706209954389966 0.3482499304446978 0.6702727309007982 0.3407324652223489 0.591186913340935 0.32338829874572406 0.597284937286203 0.3277713831242874 0.6706209954389966
0 0.4769242633979476 0.43692863511972635 0.543296574686431 0.44885838312428733 0.5502901573546181 0.42266774914481187 0.4785327001140251 0.4117847662485747 0.4769242633979476 0.43692863511972635
0 0.6674272018244014 0.5434310216647662 0.6845095792474344 0.547376858608894 0.7019093614595211 0.44103903648802734 0.6840965735461801 0.4390513568985177 0.6674272018244014 0.5434310216647662
0 0.6916111288483466 0.5466029122006841 0.7081264458380844 0.5476314766248574 0.7262068791334093 0.4447953010262258 0.7072883454960092 0.4418112405929304 0.6916111288483466 0.5466029122006841
0 0.757075905359179 0.5538637970353477 0.7881326659064994 0.5550932896237173 0.7936309144811858 0.5025475108323831 0.7567228665906499 0.500335189281642 0.757075905359179 0.5538637970353477
0 0.921913102622577 0.48790738426453817 0.9723981505131128 0.4896008084378563 0.973887361459521 0.44752325769669327 0.9255037263397948 0.4442100433295325 0.921913102622577 0.48790738426453817
0 0.5915963911060432 0 0.6051658038768529 0.03348726567844926 0.6161454846066134 0.024691579247434436 0.6066919863169898 0 0.5915963911060432 0
0 0.20027055872291905 0.15458386887115166 0.2178522132269099 0.15177120524515395 0.2080076180159635 0.11977108437856329 0.1903801550741163 0.13167514937286204 0.20027055872291905 0.15458386887115166