0 0.21553281299885976 0.07421875028506271 0.19029843785632838 0.09771250057012543 0.21464218700114024 0.1256265621436716 0.24373593728620296 0.0994937502850627 0.21553281299885976 0.07421875028506271
0 0.37495468757126565 0.25590781299885973 0.3482375005701254 0.28301406271379703 0.3969234378563284 0.3133031254275941 0.4183 0.28538906271379705 0.37495468757126565 0.25590781299885973
0 0.4996437502850627 0.19534531242873432 0.4723312497149373 0.22184062485746864 0.4937062497149373 0.23847031242873432 0.5168624994298746 0.21293124971493727 0.4996437502850627 0.19534531242873432
0 0.600285937286203 0.17753281299885976 0.5459562497149373 0.237875 0.5697062497149373 0.25628750057012545 0.624925 0.19273750057012543 0.600285937286203 0.17753281299885976
0 0.6100828129988598 0.21850156214367158 0.5815828129988597 0.24915937514253136 0.624925 0.2752921870011403 0.6528312497149373 0.2503484378563284 0.6100828129988598 0.21850156214367158
0 0.6480828129988597 0.2628203124287343 0.6979578129988598 0.29667343785632844 0.7205203124287343 0.26578906271379704 0.6694578129988598 0.2325296875712657 0.6480828129988597 0.2628203124287343
0 0.9016140627137971 0.10068124971493728 0.8719281254275941 0.13032968757126567 0.9033968745724059 0.15354062485746864 0.9259593751425313 0.12740781299885975 0.9016140627137971 0.10068124971493728
0 0.907553125427594 0.6299718745724059 0.9277406248574686 0.5995703124287344 0.8665828129988598 0.558589062713797 0.8452078129988597 0.5912546875712656 0.907553125427594 0.6299718745724059
0 0.8371937502850627 0.587221874572406 0.8588656248574686 0.557996874572406 0.8374906248574686 0.5401781254275941 0.8101765621436716 0.5710625005701254 0.8371937502850627 0.587221874572406
0 0.684003125427594 0.6210656248574686 0.6575828129988597 0.6506453124287344 0.7068640627137971 0.6922203124287344 0.7312078129988598 0.66015 0.684003125427594 0.6210656248574686
0 0.7223015621436717 0.7432968745724059 0.7062703124287343 0.776035937286203 0.730614062713797 0.7914046875712657 0.754364062713797 0.7563624994298747 0.7223015621436717 0.7432968745724059
0 0.402564062713797 0.9274437502850627 0.40820624971493724 0.911375 0.3476437502850627 0.8888062497149373 0.34289218700114027 0.9078125005701254 0.402564062713797 0.9274437502850627
0 0.07807812542759407 0.5894734378563284 0.10123437514253135 0.5621531254275941 0.07273437514253135 0.5407718745724059 0.11964062485746865 0.48137968757126565 0.08698437514253135 0.4528734378563284 0.014249999999999999 0.5355656248574686 0.07807812542759407 0.5894734378563284
0 0.4485812497149373 0.47128437514253135 0.4794562497149373 0.4962281254275941 0.5002374994298745 0.46296875028506274 0.4723312497149373 0.43921250057012545 0.4485812497149373 0.47128437514253135
0 0.4185953124287343 0.42869062485746867 0.44798750057012543 0.38991718700114025 0.4188921870011402 0.369725 0.39039218700114026 0.4107046875712657 0.4185953124287343 0.42869062485746867
0 0.6287859372862029 0.587221874572406 0.6296765621436716 0.5300828129988597 0.5798 0.5283 0.5798 0.5900671870011402 0.6287859372862029 0.587221874572406