0 0.4379448358038769 0.550183763968073 0.449881503990878 0.5177161516533637 0.3506544994298746 0.5004076431014823 0.3399858232611175 0.5352042976054732 0.4379448358038769 0.550183763968073
0 0.29092757012542764 0.4573846248574686 0.23649451881413913 0.44682162713797036 0.21594006385404788 0.5217314743443557 0.2686136727480046 0.5329500262257697 0.29092757012542764 0.4573846248574686
0 0.08899493956670468 0.5783947514253136 0.19459302622576968 0.5994644526795895 0.21193816989737743 0.5432373648802736 0.09828351539338655 0.5210903637400228 0.08899493956670468 0.5783947514253136
0 0.39354655872291905 0.6824122291904219 0.4056123831242873 0.6450918415051311 0.3219775222348917 0.631987047890536 0.31489145952109465 0.6672527058152793 0.39354655872291905 0.6824122291904219
0 0.41359539338654505 0.6014851117445837 0.4212541231470924 0.5656053432155074 0.33829548232611173 0.5548518209806157 0.33174225997719503 0.5883180980615735 0.41359539338654505 0.6014851117445837
0 0.26134724857468644 0.9033136111744584 0.27988209578107187 0.8216091698973774 0.22244065792474343 0.8099630034207526 0.20497736488027368 0.8883264492588369 0.26134724857468644 0.9033136111744584
0 0.12809192018244014 0.9409011151653365 0.14083625541619157 0.9059975815279362 0.050467126567844925 0.8871930889395667 0.03380401824401368 0.9204182998859749 0.12809192018244014 0.9409011151653365
0 0.15207404446978334 1 0.15392403420752565 0.9916039110604332 0.07468590193842646 0.9682550581527936 0.06202744355758267 1 0.15207404446978334 1
0 0.616462244013683 0.8900231174458381 0.6132109201824402 0.8734765074116306 0.527416496009122 0.8835956043329533 0.5249463808437856 0.8979264777651084 0.616462244013683 0.8900231174458381
0 0.6320252371721778 0.850859245153934 0.6297689669327251 0.8372875324971494 0.5782062394526796 0.8408673511972633 0.5788272873432155 0.8586518232611174 0.6320252371721778 0.850859245153934
0 0.08846543557582669 0.4696594914481186 0.10018604789053591 0.4224982805017104 0.04808510604332953 0.41066562029646525 0.0338232645381984 0.4616147001140251 0.08846543557582669 0.4696594914481186
0 0.5204713888255417 0.08074734891676169 0.5230116784492589 0.05991944355758267 0.45292280957810716 0.043374181299885975 0.44724430558722916 0.06790761573546181 0.5204713888255417 0.08074734891676169
0 0.6935194469783352 0.16193095096921323 0.6972420285062714 0.14939496009122008 0.6625150091220069 0.14170535689851768 0.6569951220068415 0.1537678472063854 0.6935194469783352 0.16193095096921323
0 0.9319007856328392 0.04682894526795895 0.9294995724059293 0.029106638540478905 0.9083445917901938 0.035780251995438994 0.9184598517673888 0.05323317901938427 0.9319007856328392 0.04682894526795895
0 0.9047981915621437 0.07032975370581528 0.8932477137970354 0.04580385632839224 0.8804622782212087 0.053965971493728615 0.8895755324971494 0.07679620524515395 0.9047981915621437 0.07032975370581528
0 0.8754413511972634 0.08882337058152794 0.8690085621436716 0.06623723831242874 0.8514123500570125 0.07278657582668187 0.8610392816419612 0.09322398859749144 0.8754413511972634 0.08882337058152794
0 0.854482897377423 0.10112480387685291 0.843291244013683 0.07841248916761688 0.8110067730900797 0.08962884606613455 0.8202473694412771 0.11601617787913342 0.854482897377423 0.10112480387685291
0 0.823378558722919 0.17170019726339794 0.8052940171037628 0.18123402166476626 0.8149401094640821 0.20226487571265678 0.8283810433295326 0.19586064310148232 0.823378558722919 0.17170019726339794
0 0.8576804549600912 0.1926908654503991 0.8465413694412771 0.17148388255416191 0.8320187742303307 0.18089488369441278 0.8391877594070696 0.1990432462941847 0.8576804549600912 0.1926908654503991
0 0.8499282599771949 0.2258941402508552 0.8394775895096922 0.2073428745724059 0.824682709236032 0.2090461835803877 0.8325900250855188 0.23132441847206384 0.8499282599771949 0.2258941402508552
0 0.8850140285062713 0.23535042417331814 0.8753691562143672 0.21439926339794754 0.8612742850627138 0.2190455598631699 0.8673170969213227 0.23901558380843788 0.8850140285062713 0.23535042417331814
0 0.8715782531356899 0.25896027137970357 0.8630407194982896 0.23560337400228049 0.845955118586089 0.23976156100342078 0.8538433295324972 0.261447913340935 0.8715782531356899 0.25896027137970357
0 0.906665582668187 0.2684165017103763 0.9004104538198404 0.25091789281641963 0.8828364686431014 0.25805900342075255 0.8935642782212088 0.2760846510832383 0.906665582668187 0.2684165017103763
0 0.8904593865450399 0.2892510307867731 0.8825950763968073 0.2681595188141391 0.8690283603192702 0.27100659977194985 0.876281740022805 0.29152689737742304 0.8904593865450399 0.2892510307867731
0 0.9309252725199544 0.2996107274800456 0.9197991459521095 0.27873005473204104 0.9034311527936146 0.28642472633979477 0.9159421938426453 0.3043865393386545 0.9309252725199544 0.2996107274800456
0 0.91457248004561 0.31620247776510835 0.9069155883694412 0.30114020980615736 0.8899780513112885 0.30944888369441276 0.8988428631698975 0.3251647046750285 0.91457248004561 0.31620247776510835
0 0.9402229338654504 0.3361835233751425 0.9318878392246294 0.3186684321550741 0.917894961231471 0.32628016305587226 0.9279688323831243 0.34254787457240593 0.9402229338654504 0.3361835233751425
0 0.9204410604332953 0.34815150399087796 0.9078885758266819 0.32900291448118585 0.8945527571265679 0.3383724732041049 0.911236677309008 0.356782677309008 0.9204410604332953 0.34815150399087796