0 0.7919984378563284 0.9301140627137969 0.8294156248574687 0.9324906248574686 0.8339281254275941 0.8977562497149373 0.7973421870011402 0.893303125427594 0.7919984378563284 0.9301140627137969
0 0.9868015621436717 0.13686093728620297 0.9511671870011402 0.14339218700114026 0.9642328129988597 0.20632968757126566 0.9986937502850627 0.19950156214367162 0.9868015621436717 0.13686093728620297
0 0.08167656214367161 0.002671874572405929 0.027035937286202964 0 0.027035937286202964 0.033546874572405926 0.08286406271379704 0.025234375142531358 0.08167656214367161 0.002671874572405929
0 0.13691093728620296 0.2449234378563284 0.17135624971493726 0.2425484378563284 0.17195156214367163 0.20276718700114024 0.13745312542759408 0.20840781299885974 0.13691093728620296 0.2449234378563284
0 0.08167656214367161 0.6385828129988598 0.11671718700114025 0.6403625005701253 0.11968749942987457 0.6077062497149374 0.0831265621436716 0.605628125427594 0.08167656214367161 0.6385828129988598
0 0.8377296875712656 0.8220531254275941 0.8003125005701254 0.8321453124287342 0.8098156248574686 0.8778656248574687 0.8472875005701255 0.8665828129988598 0.8377296875712656 0.8220531254275941
0 0.862675 0.5827687502850627 0.9190953124287343 0.5845515621436715 0.9238796875712657 0.5236906248574686 0.870989062713797 0.5150812497149373 0.862675 0.5827687502850627
0 0.1184984378563284 0.03770312542759407 0.11493593728620297 0.08401562485746863 0.13656406271379704 0.08371875028506272 0.13453437514253136 0.03948437514253136 0.1184984378563284 0.03770312542759407
0 0.0597 0.03592343785632839 0.062076562143671604 0.07689218700114026 0.07421875028506271 0.07659531242873431 0.0775187502850627 0.03532812542759407 0.0597 0.03592343785632839
0 0.14225624971493728 0.3886124994298745 0.18204687457240595 0.38445468757126566 0.18264218700114027 0.35001718700114026 0.14101562485746866 0.3526890627137971 0.14225624971493728 0.3886124994298745
0 0.15650937514253135 0.7169578129988597 0.14581875028506272 0.7502078129988596 0.1971265621436716 0.7605984378563284 0.20402187457240595 0.725864062713797 0.15650937514253135 0.7169578129988597
0 0.9244406248574686 0.2894546875712657 0.9291921870011403 0.22354843785632839 0.8793046875712657 0.23007968757126568 0.8793484378563284 0.2930171870011402 0.9244406248574686 0.2894546875712657