0 0.002872402508551881 0.40663939566704677 0.03532577765108324 0.41908424287343216 0.04905719270239453 0.3626121630558723 0.005660064994298746 0.349087094640821 0.002872402508551881 0.40663939566704677
0 0.15990752793614596 0.5643743728620296 0.19055766362599771 0.5779738620296465 0.20255026111744584 0.5505696134549601 0.17166685176738883 0.5372629726339795 0.15990752793614596 0.5643743728620296
0 0.06049419498289624 0.7467312075256557 0.11184732953249715 0.7654427924743443 0.12996966932725199 0.7140949999999999 0.07924284378563284 0.6936128255416192 0.06049419498289624 0.7467312075256557
0 0 0.8308053511972634 0.01665469897377423 0.8421697012542759 0.04285979589509692 0.7686924139110604 0.021054592930444697 0.7602949566704675 0 0.8175699840364881 0 0.8308053511972634
0 0.17199456328392249 0.926831149372862 0.1566229110604333 0.9906976043329533 0.21181156898517675 0.9937987514253136 0.22498994982896237 0.9491344435575826 0.17199456328392249 0.926831149372862
0 0.4313579429874572 0.9052293740022805 0.4837844104903079 0.9304919395667046 0.5031769954389966 0.8744140330672747 0.44754266248574687 0.855035441277081 0.4313579429874572 0.9052293740022805
0 0.5006432086659065 0.40701581413911064 0.5339079076396808 0.40700104789053587 0.5345635644241733 0.36039601824401374 0.49850236488027366 0.3594696465222349 0.5006432086659065 0.40701581413911064
0 0.5057316522234891 0.45579954846066134 0.5378193671607754 0.4551719612314709 0.5390515781071836 0.409467755986317 0.5006432086659065 0.40701581413911064 0.5057316522234891 0.45579954846066134
0 0.8298800262257697 0.1597835085518814 0.8465825085518814 0.08762651767388825 0.8223294789053591 0.08185861459521093 0.8045518950969213 0.1513261220068415 0.8298800262257697 0.1597835085518814
0 0.9292713238312429 0.21674711516533637 0.9566302736602053 0.11270874914481185 0.9407625769669327 0.10293032953249714 0.9130095803876852 0.21468174230330675 0.9292713238312429 0.21674711516533637
0 0.651047338654504 0.6382712611174459 0.6715044572405929 0.5893380216647662 0.6427078084378564 0.5716155644241733 0.6228962166476625 0.6175877434435576 0.651047338654504 0.6382712611174459
0 0.4942286624857469 0.6723520889395667 0.5236205062713797 0.6900864982896238 0.5410260706955531 0.6535706431014824 0.5054995142531357 0.6392937571265678 0.4942286624857469 0.6723520889395667
0 1 0.2790491254275941 0.9823151812998859 0.2746816818700114 0.9707350205245154 0.32554982668187005 1 0.3346932212086659 1 0.2790491254275941
0 0.28046794298745725 0.49759327023945266 0.3036683637400228 0.4956228734321551 0.29523559977194985 0.43430855074116304 0.27736775142531356 0.43696586887115163 0.28046794298745725 0.49759327023945266
0 0.45973175028506275 0.3005965393386545 0.49772653591790195 0.3018535815279362 0.49731639338654504 0.25730838882554163 0.45080035803876856 0.2600594914481186 0.45973175028506275 0.3005965393386545