0 0.8874524082098061 0.1258299771949829 0.9045571026225769 0.09347048688711516 0.8636933819840366 0.06302809007981756 0.8440673124287343 0.09770034549600913 0.8874524082098061 0.1258299771949829
0 0.1827844709236032 0.36503500570125424 0.18916492246294186 0.32842418358038766 0.16426999315849486 0.3218400399087799 0.15658831128848347 0.35686589623717213 0.1827844709236032 0.36503500570125424
0 0.17583613454960093 0.30399444355758265 0.17166352679589508 0.28267106727480046 0.11834289623717219 0.3042399418472064 0.12624606841505132 0.3149851322690992 0.17583613454960093 0.30399444355758265
0 0.4179334766248575 0.9281942930444698 0.3782531676168757 0.8592818848346636 0.3289046704675028 0.8865171676168757 0.3705983021664766 0.9543630992018244 0.4179334766248575 0.9281942930444698
0 0.8811942428734322 0.905608212086659 0.8781074127708095 0.8742769042189282 0.8324439190421893 0.8774700068415051 0.8302232394526796 0.9138964606613456 0.8811942428734322 0.905608212086659
0 0.8187172337514252 0.8814418950969213 0.8148031277080958 0.8638376716077537 0.7638708358038768 0.8769130045610034 0.7626985336374003 0.8942401128848346 0.8187172337514252 0.8814418950969213
0 0.7805729007981757 0.9708846499429874 0.7902141083238313 0.9809272018244013 0.8465546545039909 0.9769874868871152 0.8049706043329532 0.9448004629418473 0.7805729007981757 0.9708846499429874
0 0.9082704127708096 0.6919975667046749 0.9438392132269099 0.6466966875712657 0.9154150091220069 0.6237109669327252 0.8792522348916761 0.6690518152793614 0.9082704127708096 0.6919975667046749
0 0.6821232736602053 0.3854040718358039 0.7040676465222349 0.3625833454960091 0.6808975735461801 0.3380398221208666 0.6542104834663627 0.3654760638540479 0.6821232736602053 0.3854040718358039
0 0.5090927354618016 0.3270585085518814 0.5350767229190422 0.3066133409350057 0.5092033021664767 0.27750195324971494 0.48315138312428735 0.3054874150513113 0.5090927354618016 0.3270585085518814
0 0.3208161231470924 0.22965475028506271 0.3454941744583809 0.20332384378563284 0.3235371288483466 0.18761566248574688 0.29897407981755986 0.21133531128848349 0.3208161231470924 0.22965475028506271
0 0.5697496248574686 0.2612905267958951 0.5933889042189281 0.2371279897377423 0.5784644595210946 0.21973764082098063 0.5508126316989738 0.24188924515393387 0.5697496248574686 0.2612905267958951
0 0.8749970319270239 0.2800714196123147 0.8989588198403649 0.2520316259977195 0.8699820604332954 0.22967817787913342 0.8461783283922463 0.2557223979475485 0.8749970319270239 0.2800714196123147
0 0.8911653329532497 0.7925575906499429 0.8652826659064994 0.7675474640820981 0.83969734663626 0.7937162633979475 0.868882535917902 0.8190280045610034 0.8911653329532497 0.7925575906499429
0 0.7782624789053592 0.11117347890535917 0.7640878403648803 0.10448345496009122 0.7440624766248575 0.12491136488027367 0.7586557958950969 0.13756640022805017 0.7782624789053592 0.11117347890535917
0 0.7996305997719498 0.1269713968072976 0.7825836716077537 0.11329753363740022 0.7617859931584949 0.13972674914481184 0.7793838072976055 0.1527668905359179 0.7996305997719498 0.1269713968072976
0 0.7767098574686431 0.24236072519954388 0.7844601984036488 0.23387441619156216 0.749759590649943 0.21489565222348916 0.7485458700114025 0.23163045610034205 0.7767098574686431 0.24236072519954388
0 0.8805828859749145 0.20656207981755986 0.8869876168757127 0.1916226670467503 0.8510050091220069 0.17986811630558722 0.8454733660205245 0.1945256259977195 0.8805828859749145 0.20656207981755986
0 0.6148599384264538 0.9063980535917903 0.595115157354618 0.8839566510832383 0.5703849885974914 0.9053087525655644 0.5878456602052452 0.924899417331813 0.6148599384264538 0.9063980535917903