0 0.3972379258836944 1 0.39762640935005705 0.963581063854048 0.3159085324971494 0.9708734002280501 0.3200020091220069 1 0.3972379258836944 1
0 0.07952631927023944 0.3128425347776511 0.07761113911060434 0.3760081755986317 0.12895192132269098 0.37228449258836943 0.1267308677309008 0.3074075393386545 0.07952631927023944 0.3128425347776511
0 0.17335683580387684 0.12294989167616877 0.11725184264538198 0.12903775598631698 0.11805777537058153 0.19236690763968073 0.1788998654503991 0.19225448004561005 0.17335683580387684 0.12294989167616877
0 0.05653373888255416 0.48199964652223487 0.06150538654503991 0.508853441277081 0.14575060205245155 0.49821271835803876 0.14632813683010262 0.4681806966932725 0.05653373888255416 0.48199964652223487
0 0.42139223489167615 0.3348800250855188 0.4258906499429875 0.34982282668187004 0.546447717217788 0.3351675256556442 0.5459598118586089 0.31677518700114027 0.42139223489167615 0.3348800250855188
0 0.4094070718358039 0.36052416761687567 0.41566785404789053 0.37521928392246295 0.545848637400228 0.3629131083238312 0.5466340695553021 0.3620911094640821 0.5498396966932725 0.3443820045610034 0.4094070718358039 0.36052416761687567
0 0.4168994378563284 0.42236766362599776 0.4214601151653364 0.446286023945268 0.5014834275940707 0.4376019179019384 0.4970487890535918 0.4039146966932725 0.4168994378563284 0.42236766362599776
0 0.494417078677309 0.38092282896237173 0.41429651995439 0.3867930843785633 0.4160216738882554 0.40332323489167615 0.493623748004561 0.39660933751425315 0.494417078677309 0.38092282896237173
0 0.5100869543899658 0.3942955849486887 0.5548368278221208 0.3969922862029647 0.5576503968072976 0.37862666818700114 0.5107052656784492 0.3816300205245154 0.5100869543899658 0.3942955849486887
0 0.5275351425313569 0.6805641493728619 0.4535417673888255 0.6873688848346636 0.4581241459521095 0.7028978928164197 0.5291841778791334 0.6986970535917901 0.5275351425313569 0.6805641493728619
0 0.5065737400228051 0.6679366476624857 0.5045098460661346 0.6532512816419612 0.4542019361459521 0.6579248346636261 0.4538313090079818 0.6723527651083238 0.5065737400228051 0.6679366476624857
0 0.5050335381984037 0.6100485769669327 0.5012883625997719 0.5961990843785633 0.4416366043329532 0.6005148814139111 0.4495149692132269 0.6160540262257697 0.5050335381984037 0.6100485769669327
0 0.45406722462941845 0.6441675096921322 0.5104298711516534 0.6356466716077537 0.5022385769669327 0.6200252782212087 0.45108349372862033 0.6272146567844926 0.45406722462941845 0.6441675096921322
0 0.3045097867730901 0.1602237377423033 0.30808174116305587 0.21123713797035346 0.38001693842645384 0.20046460661345494 0.37204411174458385 0.15013439908779933 0.3045097867730901 0.1602237377423033