0 0.3526408643101482 0.6004980148232612 0.3815455165336374 0.7085740820980616 0.4441935644241733 0.6914421767388825 0.40784372633979477 0.5821849281641961 0.3526408643101482 0.6004980148232612
0 0.37594492360319265 0.3025740535917902 0.3787017582668187 0.341528748004561 0.4319253797035348 0.32871979247434435 0.4235962348916762 0.2938176522234892 0.37594492360319265 0.3025740535917902
0 0.2727087970353478 0.30794065222348915 0.2780519486887115 0.32487029190421896 0.3233594937286203 0.30091341733181304 0.31300973090079814 0.286244937286203 0.2727087970353478 0.30794065222348915
0 0.6397343215507412 0.10556528848346637 0.6243370980615736 0.15903902622576968 0.6517299270239453 0.16331316761687573 0.6668984127708096 0.11374557924743443 0.6397343215507412 0.10556528848346637
0 0.2425926818700114 0.028486188141391106 0.29111034321550744 0.12030498517673889 0.3361882998859749 0.08328450285062713 0.28135961117445835 0.004049640820980615 0.2425926818700114 0.028486188141391106
0 0.18995341163055873 0.15973579703534777 0.14871652907639682 0.19585316875712655 0.15972527822120866 0.21407475256556444 0.2042836738882554 0.18122022234891677 0.18995341163055873 0.15973579703534777
0 0.7569736522234892 0.3921253238312429 0.763535701254276 0.410843338654504 0.8384137753705815 0.3798365005701254 0.8321765883694412 0.36271931128848345 0.7569736522234892 0.3921253238312429
0 0.07837600456100341 0.503737047890536 0.1050268141391106 0.5506431322690992 0.13502358608893955 0.534081157354618 0.11281224401368302 0.4863537172177879 0.07837600456100341 0.503737047890536
0 0.01764276282782212 0.5965470615735462 0.022095368301026225 0.6304995245153934 0.05410117331812998 0.6269716579247435 0.057061922462941846 0.5924662930444697 0.01764276282782212 0.5965470615735462
0 0.08444382896237172 0.46011981870011404 0.10557715735461802 0.4460879167616876 0.08545777423033067 0.416145425313569 0.06260564196123147 0.4337703717217788 0.08444382896237172 0.46011981870011404
0 0 0.13324355872291904 0.03533323375142531 0.13011571835803878 0.035094844925883696 0.11645842417331813 0 0.11757990992018244 0 0.13324355872291904
0 0.6885660672748004 0.062283027366020524 0.7280698164196123 0.06304839566704676 0.7333656932725199 0.009227459521094642 0.6953404207525655 0.008111234891676169 0.6885660672748004 0.062283027366020524
0 0.39676160661345494 0.2193699543899658 0.4192776066134549 0.25053018015963513 0.4461713705815279 0.22630244127708096 0.42256256670467507 0.20057774116305588 0.39676160661345494 0.2193699543899658