0 0.5837814321550742 0.3842461117445838 0.5701213568985176 0.4302473660205245 0.6357769931584949 0.4622368095781072 0.6517803169897378 0.41237251539338654 0.5837814321550742 0.3842461117445838
0 0.5360136009122007 0.5278834846066135 0.5202291687571265 0.5634026989737743 0.6178946932725199 0.602286023945268 0.6250504355758266 0.5662909828962372 0.5360136009122007 0.5278834846066135
0 0.49486217103762825 0.5945788244013683 0.4892383067274801 0.6303284218928165 0.5253624492588369 0.6378005233751425 0.5296744401368301 0.6049859749144813 0.49486217103762825 0.5945788244013683
0 0.441078724059293 0.576238566704675 0.4300705131128848 0.6076370877993159 0.45612668985176735 0.6184861778791334 0.46614272633979476 0.5834816659064994 0.441078724059293 0.576238566704675
0 0.22309178335233754 0.39944573660205246 0.22024272862029645 0.43678290193842645 0.27486183124287344 0.453443425313569 0.27969445267958953 0.41265813911060434 0.22309178335233754 0.39944573660205246
0 0.6865295256556443 0.4765567445838084 0.6697747263397947 0.5275130171037629 0.706744275940707 0.5375022736602053 0.7225949361459522 0.4865798734321551 0.6865295256556443 0.4765567445838084
0 0.8792270969213227 0.5773165883694412 0.8609359144811859 0.6178734572405928 0.8974100946408209 0.6313874492588369 0.9122780456100342 0.5895905279361459 0.8792270969213227 0.5773165883694412
0 0.8252860524515393 0.3894356887115165 0.79937117331813 0.43730899771949827 0.8411477194982896 0.45575739566704676 0.8662471482326112 0.4115531801596351 0.8252860524515393 0.3894356887115165
0 0.8009774538198403 0.30215789281641964 0.7839747525655644 0.3548780809578107 0.8207998403648803 0.37442777423033063 0.842978858608894 0.32115069555302167 0.8009774538198403 0.30215789281641964
0 0.8820181026225768 0.2716174789053592 0.8539974743443558 0.3173976659064994 0.9131030057012542 0.3490645575826682 0.9386484834663625 0.29956463397947547 0.8820181026225768 0.2716174789053592
0 0.6351156031927024 0.29202577879133407 0.6181350729760547 0.318990590649943 0.6684108437856329 0.34522417901938424 0.6822441368301027 0.3129335895096922 0.6351156031927024 0.29202577879133407
0 0.7080186898517674 0.40470129076396805 0.6956608472063854 0.43291536374002276 0.7347447844925884 0.4491913181299886 0.7448460296465222 0.4178467844925884 0.7080186898517674 0.40470129076396805
0 0.5788828802736602 0.16312493044469784 0.5538038757126568 0.20931695781071838 0.5949399384264539 0.24085516875712656 0.623880370581528 0.19065213797035346 0.5788828802736602 0.16312493044469784
0 0.6335540592930444 0.1666161014823261 0.6521250330672748 0.13687846408209806 0.6198171835803876 0.11077333865450399 0.5962238517673889 0.14639425541619158 0.6335540592930444 0.1666161014823261
0 0.4366643911060433 0 0.4210947810718358 0.01875223261117446 0.4703899988597492 0.056229086659064995 0.49160447092360315 0.02474706385404789 0.4522896408209806 0 0.4366643911060433 0