0 0.7870376442417333 0.37955659863169894 0.7698036590649943 0.3866766659064994 0.8241322006841506 0.5305681721778791 0.8426949942987457 0.5258693922462941 0.7870376442417333 0.37955659863169894
0 0.7662503876852907 0.3886335381984036 0.742587354618016 0.40117472519954395 0.7977372770809578 0.5385581197263398 0.817443841505131 0.535087503990878 0.7662503876852907 0.3886335381984036
0 0.7193427981755987 0.4039261151653364 0.7723617947548461 0.5513365621436715 0.7916630273660205 0.5425047856328392 0.7361285484606613 0.3991652793614595 0.7193427981755987 0.4039261151653364
0 0.7150279372862031 0.4085298950969213 0.693499818700114 0.4131235610034208 0.747931968072976 0.554048126567845 0.7641673363740022 0.5480798460661346 0.7150279372862031 0.4085298950969213
0 0.6897856841505131 0.41180719954389966 0.6675739532497149 0.4246945598631699 0.7231290980615735 0.5674422394526796 0.741162283922463 0.5609410661345496 0.6897856841505131 0.41180719954389966
0 0.6653169464082098 0.42431868757126573 0.6454937810718357 0.42808385062713794 0.7001256636259977 0.5803019532497149 0.7201860558722919 0.5667437913340935 0.6653169464082098 0.42431868757126573
0 0.6434841413911061 0.4378165188141391 0.61985048004561 0.44857639566704677 0.673918795895097 0.5829514595210946 0.6949364116305587 0.57596351995439 0.6434841413911061 0.4378165188141391
0 0.6197675940706955 0.4509499486887115 0.5981980330672748 0.4567303911060433 0.6498113603192702 0.593399299885975 0.6709326932725199 0.5834412953249715 0.6197675940706955 0.4509499486887115
0 0.5974934218928164 0.4549250125427594 0.5788967993158495 0.46556216761687574 0.6323094526795895 0.6016997981755987 0.6479706465222349 0.5951157936145952 0.5974934218928164 0.4549250125427594
0 0.9453829144811858 0.7388813466362599 0.8202619304446979 0.7603558939566705 0.8360156887115164 0.8191289965792474 0.9626453990877993 0.7962218540478905 0.9453829144811858 0.7388813466362599
0 0.9297738825541619 0.8800319600912201 0.873778299885975 0.8935234606613456 0.8945023625997719 0.9459364606613455 0.9434656237172178 0.9375463933865451 0.9297738825541619 0.8800319600912201
0 0.9470990695553021 0.4858480364880274 0.816528007981756 0.5273320684150513 0.83331030672748 0.5736647366020524 0.9618919315849487 0.5288436168757127 0.9470990695553021 0.4858480364880274
0 0.7446782690992019 0.24172712770809576 0.7257375952109464 0.15284008551881412 0.6269706408209806 0.17671865222348918 0.6432050250855189 0.25570990535917903 0.7446782690992019 0.24172712770809576
0 0.9379795575826682 0.12579324629418473 0.9057622212086659 0.13060774800456101 0.916958488027366 0.18387469099201825 0.9485856157354617 0.179038015963512 0.9379795575826682 0.12579324629418473
0 0.8928215838084379 0.04222728734321551 0.8611093899657926 0.0426051527936146 0.8681073021664766 0.08711086316989737 0.8956459977194983 0.08034908095781072 0.8928215838084379 0.04222728734321551