0 0.5786670649942988 0.8514960262257697 0.5509206396807298 0.8036614378563284 0.49679053819840363 0.8425847662485746 0.5254353329532497 0.8841499384264538 0.5786670649942988 0.8514960262257697
0 0.342918921322691 0.9362851448118586 0.3163747172177879 0.9133059498289624 0.2810878734321551 0.9558169179019385 0.30868579703534776 0.9764376602052451 0.342918921322691 0.9362851448118586
0 0.8897521140250855 0.8182126282782213 0.884279889395667 0.7853928483466363 0.8347214184720639 0.7980471710376283 0.8450264503990879 0.8292797080957811 0.8897521140250855 0.8182126282782213
0 0.7287212668187002 0.5078872098061573 0.7131056510832383 0.4742280843785633 0.6515100752565565 0.5152058255416192 0.665783236031927 0.54506217331813 0.7287212668187002 0.5078872098061573
0 0.6994769190421892 0.32943232611174456 0.6528159794754846 0.34454614823261115 0.6637038517673888 0.37566539338654503 0.7077901664766248 0.36286502394526793 0.6994769190421892 0.32943232611174456
0 0.6601732782212086 0.24392327137970352 0.6466965883694413 0.21037684036488025 0.6080636248574687 0.22634645267958953 0.6256868916761688 0.26099059749144815 0.6601732782212086 0.24392327137970352
0 0.7584363808437856 0.03996398175598632 0.7476380684150513 0.004637856328392247 0.7162794732041049 0.01133821322690992 0.7230704846066135 0.046274937286202966 0.7584363808437856 0.03996398175598632
0 0.625270015963512 0.2697370877993159 0.6105536818700114 0.23915668643101481 0.5703493945267959 0.2657048540478905 0.5902058745724059 0.29628731927023944 0.625270015963512 0.2697370877993159
0 0.7607358779931584 0.3131809190421893 0.7550838551881414 0.27632440478905357 0.7194172542759407 0.2826524264538198 0.7215115895096922 0.3245443568985177 0.7607358779931584 0.3131809190421893
0 0.9452385427594071 0.23392308551881413 0.9557154697833523 0.22403131698973777 0.9469841687571267 0.17911267046750287 0.9219186647662485 0.19796998175598632 0.9452385427594071 0.23392308551881413
0 0.32221631356898517 1 0.35534451197263395 0.9628682622576967 0.3393383397947548 0.9505380296465222 0.3076615370581528 0.9929505496009122 0.3164892588369441 1 0.32221631356898517 1