0 0.7911765621436716 0.17559218700114027 0.883803125427594 0.1874562497149373 0.8861765621436716 0.12991718700114024 0.8024578129988598 0.11864687457240593 0.7911765621436716 0.17559218700114027
0 0.8460984378563283 0.25114218700114027 0.8339281254275941 0.2977875005701254 0.8808343751425314 0.2995671870011402 0.8832078129988598 0.25863593728620293 0.8460984378563283 0.25114218700114027
0 0.957428125427594 0.40769687457240594 0.9467406248574686 0.4419281254275941 0.998753125427594 0.456164062713797 0.998753125427594 0.4193875005701254 0.957428125427594 0.40769687457240594
0 0.6964718745724059 0.5589171870011402 0.6908328129988597 0.6204734378563285 0.7573328129988598 0.622846874572406 0.763864062713797 0.5641218745724059 0.6964718745724059 0.5589171870011402
0 0.7715828129988598 0.6815703124287343 0.8107703124287343 0.6863156248574687 0.8137390627137971 0.649539062713797 0.7798953124287343 0.6459796875712657 0.7715828129988598 0.6815703124287343
0 0.36515781299885974 0.6131765621436717 0.352985937286203 0.6714875005701254 0.40761250057012544 0.678010937286203 0.42008124971493727 0.622846874572406 0.36515781299885974 0.6131765621436717
0 0.08371875028506272 0.914725 0.07867187457240593 0.9467203124287343 0.12617187457240592 0.9621437502850627 0.13389218700114025 0.9259593751425313 0.08371875028506272 0.914725
0 0.44442499999999996 0.7643953124287343 0.4390812497149373 0.7776656248574686 0.51805 0.7924937502850627 0.5216124994298745 0.7746999999999999 0.44442499999999996 0.7643953124287343
0 0.44709531242873435 0.7981968745724058 0.4485812497149373 0.8162218745724059 0.4806437502850627 0.821560937286203 0.48598749942987457 0.8073234378563284 0.44709531242873435 0.7981968745724058
0 0.8852874994298746 0.9538624994298746 0.8796453124287343 0.9983265621436715 0.9508968745724059 0.9987546875712657 0.9568343751425313 0.9645156248574687 0.8852874994298746 0.9538624994298746
0 0.861239062713797 0.8284406248574686 0.8541140627137971 0.8666406248574686 0.8891453124287343 0.8737593751425313 0.8974593751425314 0.8352031254275941 0.861239062713797 0.8284406248574686
0 0.1594234378563284 0.7474937502850627 0.1522984378563284 0.7859703124287344 0.20098437514253134 0.7871562497149374 0.20811093728620297 0.7515656248574687 0.1594234378563284 0.7474937502850627
0 0.11904687457240594 0.5546312497149373 0.17723593728620296 0.564714062713797 0.18436093728620295 0.5421750000000001 0.12676718700114026 0.5326843751425313 0.11904687457240594 0.5546312497149373