0 0.197075 0.5392093751425313 0.19112968757126567 0.5753921870011403 0.30586718700114024 0.5860703124287343 0.310625 0.5487 0.197075 0.5392093751425313
0 0.5671484378563284 0.5073234378563284 0.5573390627137971 0.5854765621436716 0.6043046875712657 0.5860703124287343 0.6150046875712657 0.5154812497149374 0.5671484378563284 0.5073234378563284
0 0.6316499999999999 0.6566578129988598 0.6798046875712657 0.6608093751425314 0.6916953124287344 0.5902218745724059 0.6453249999999999 0.5866625005701255 0.6316499999999999 0.6566578129988598
0 0.4761906248574686 0.12482968757126567 0.46578593728620293 0.18033750057012543 0.503239062713797 0.18033750057012543 0.5115624994298745 0.129325 0.4761906248574686 0.12482968757126567
0 0.3124062497149373 0.8310515621436716 0.3082453124287343 0.8713875005701254 0.38434062485746867 0.8773187502850627 0.39325781299885976 0.8387625005701254 0.3124062497149373 0.8310515621436716
0 0.14267968757126567 0.7599484378563284 0.13405937514253136 0.8185937502850626 0.20955937514253134 0.8233406248574687 0.21550468757126567 0.769360937286203 0.14267968757126567 0.7599484378563284
0 0.2238281254275941 0.5985265621436716 0.2764406248574686 0.5998343751425314 0.27911562485746866 0.5842906248574686 0.2238281254275941 0.5801375005701255 0.2238281254275941 0.5985265621436716
0 0.08560624971493729 0.4904234378563284 0.08174218700114026 0.5231937502850627 0.10968437514253135 0.5267515621436716 0.11681718700114024 0.495314062713797 0.08560624971493729 0.4904234378563284
0 0.14892187457240594 0.12482968757126567 0.1518937502850627 0.10797031242873432 0.1132515621436716 0.10619062485746864 0.11146875028506271 0.11983437514253135 0.14892187457240594 0.12482968757126567
0 0.15783906271379702 0.10348124971493729 0.16318906271379702 0.08958124971493728 0.12632968757126567 0.08305781299885975 0.12395312542759407 0.09907187457240592 0.15783906271379702 0.10348124971493729
0 0.19529218700114026 0.23550312542759405 0.2051015621436716 0.1951015621436716 0.17686249942987456 0.1922015621436716 0.16616093728620296 0.2295718745724059 0.19529218700114026 0.23550312542759405
0 0.1869687502850627 0.27583906271379705 0.1917234378563284 0.2574515621436716 0.10790156214367161 0.24795937514253136 0.11027812542759406 0.2657546875712657 0.1869687502850627 0.27583906271379705
0 0.18934687457240593 0.25389218700114025 0.19974999999999998 0.2351312497149373 0.13881406271379704 0.2295718745724059 0.13643749942987457 0.2461812497149373 0.18934687457240593 0.25389218700114025
0 0.14357031242873433 0.7290249999999999 0.2826828129988597 0.7385984378563283 0.2910046875712657 0.7112296875712656 0.14713750057012545 0.7011453124287343 0.14357031242873433 0.7290249999999999
0 0.48362187457240596 0.8079171870011402 0.5270203124287344 0.8120703124287343 0.5311812497149373 0.7960531254275941 0.4877828129988597 0.7948671870011402 0.48362187457240596 0.8079171870011402
0 0.49135 0.7450406248574686 0.49135 0.7652078129988598 0.5341531254275941 0.7705468745724059 0.5365312497149373 0.7539375005701254 0.49135 0.7450406248574686