0 0.2799349258836944 0.14083698403648803 0.28865594526795896 0.027070477765108323 0.2409859692132269 0.021841133409350056 0.23273864538198405 0.13265362371721778 0.2799349258836944 0.14083698403648803
0 1 0.017531957810718358 0.9573458232611175 0.01655726339794755 0.9511195632839224 0.12684621778791336 0.9937268517673888 0.13100760091220068 1 0.07565179247434435 1 0.017531957810718358
0 0.893451929304447 0.52051251995439 0.8980935621436716 0.3875935404789054 0.8549528494868871 0.3837090216647662 0.8519952291904219 0.5178765963511972 0.893451929304447 0.52051251995439
0 0.7931396522234891 0.43561464196123145 0.7984581927023945 0.3853008563283923 0.7536409635119726 0.37928152907639684 0.7497416453819841 0.43766538540478905 0.7931396522234891 0.43561464196123145
0 0.5882717502850626 0.3874667753705815 0.5537636921322691 0.3898263979475485 0.56274017331813 0.47272298403648805 0.5932427423033066 0.4660631391106043 0.5882717502850626 0.3874667753705815
0 0.3560029954389966 0.30806234093500573 0.31289358380843785 0.301804031927024 0.30902769441277084 0.3955402793614595 0.3517924310148232 0.39465564424173316 0.3560029954389966 0.30806234093500573
0 0.3317043568985177 0.510995763968073 0.3385264732041049 0.4345935621436716 0.28815147662485746 0.4298638677309008 0.2854239110604333 0.5105678403648802 0.3317043568985177 0.510995763968073
0 0.20156631927023946 0.8213336875712657 0.2033277069555302 0.7708941208665907 0.15778413911060432 0.7663331448118585 0.15411987229190421 0.820269369441277 0.20156631927023946 0.8213336875712657
0 0.6936560364880274 0.9389227525655645 0.688889441277081 0.9904440376282783 0.7191863021664767 0.9897196898517673 0.7189773831242874 0.9386187708095781 0.6936560364880274 0.9389227525655645
0 0.367691771949829 0.8402038152793615 0.3673994754846066 0.7635531698973774 0.309450149372862 0.7630148152793614 0.3058936761687571 0.8422045610034207 0.367691771949829 0.8402038152793615
0 0.30355621550741163 0.6371543238312429 0.30490317217787916 0.5985825222348916 0.2621384891676169 0.5994655940706956 0.2571100513112885 0.641471944127708 0.30355621550741163 0.6371543238312429
0 0.6320419578107184 0.595749338654504 0.5444084207525656 0.5897185484606614 0.5437343397947548 0.6770294606613454 0.6200200615735463 0.6883064766248574 0.6320419578107184 0.595749338654504
0 0.7890664446978335 0.8412555324971495 0.7973024025085519 0.8433239110604333 0.8039113272519954 0.7900846259977196 0.7909037787913341 0.79052155986317 0.7890664446978335 0.8412555324971495
0 0.8169275883694413 0.842228465222349 0.8318518494868872 0.8397790718358039 0.8323865792474344 0.7904848928164196 0.8158259395667046 0.7905006932725199 0.8169275883694413 0.842228465222349
0 0.8465481733181299 0.8438569509692132 0.8606511641961231 0.8479125461801595 0.8689335233751425 0.7977022588369441 0.8505265153933865 0.7908212964652224 0.8465481733181299 0.8438569509692132
0 0.9108963888255416 0.6328147343215508 0.9227324481185861 0.6338237343215508 0.922176473204105 0.5987501516533638 0.9108298871151653 0.5933055324971493 0.9108963888255416 0.6328147343215508