0 0.061567900798175604 0.4698962269099202 0.10223923603192703 0.5042897126567845 0.13525470809578108 0.4596960205245154 0.09604158608893956 0.42683873660205246 0.061567900798175604 0.4698962269099202
0 0.0044810513112884835 0.42245314937286205 0.03163602394526796 0.45251290421892815 0.06696132269099202 0.40978220980615737 0.0375347685290764 0.38558424743443553 0.0044810513112884835 0.42245314937286205
0 0.3168528449258837 0.16868142645381987 0.36442971493728615 0.2027235096921323 0.3886482394526796 0.1720813078677309 0.34608512656784496 0.13316592018244014 0.3168528449258837 0.16868142645381987
0 0.32373609350057014 0.3284439714937286 0.39684202052451545 0.3963491961231471 0.4377710022805017 0.34608916875712653 0.3682776567844926 0.2794983204104903 0.32373609350057014 0.3284439714937286
0 0.3848819190421893 0.28512810490307866 0.4286252417331813 0.31903475484606614 0.4479770148232611 0.29178727366020524 0.4046770250855188 0.25700493728620294 0.3848819190421893 0.28512810490307866
0 0.29092312770809575 0.22302991220068413 0.31896557924743446 0.24688248460661347 0.33793274344355756 0.21368045381984038 0.3126567844925884 0.18962743329532497 0.29092312770809575 0.22302991220068413
0 0.5410932588369441 0.5487263158494868 0.5593901231470924 0.5006480798175599 0.5273030364880273 0.48467477651083235 0.5114594891676169 0.5304622371721779 0.5410932588369441 0.5487263158494868
0 0.5956202622576967 0.5714243591790193 0.6249664583808439 0.594431291904219 0.6464343580387685 0.5405226716077537 0.6161274367160775 0.5246115324971494 0.5956202622576967 0.5714243591790193
0 0.41648769099201827 0.8583647058152793 0.44974826453819844 0.8699247137970354 0.4598001824401368 0.8370039019384264 0.42327396009122004 0.8291931482326113 0.41648769099201827 0.8583647058152793
0 0.7378262018244014 0.8321570433295326 0.76609869327252 0.8530486522234891 0.7889247867730901 0.828298945267959 0.7612768916761687 0.8041615324971494 0.7378262018244014 0.8321570433295326
0 0.06442078563283922 0.24452881527936146 0.03731640136830103 0.22130311288483467 0.008042077537058153 0.26097749714937285 0.02179770125427594 0.29235167388825545 0.06442078563283922 0.24452881527936146
0 0.1620951961231471 0.28596284378563286 0.1318035929304447 0.26826990421892816 0.10615503534777651 0.3071797354618016 0.13196221778791334 0.33303364310148237 0.1620951961231471 0.28596284378563286
0 0.5736201277080958 0.7426530604332954 0.5612211140250856 0.737170126567845 0.5527481755986318 0.75885638654504 0.5608390273660205 0.7650800433295325 0.5736201277080958 0.7426530604332954
0 0.5323533158494869 0.7519060068415051 0.5426699429874572 0.7585044469783352 0.5499162234891676 0.737963574686431 0.542375755986317 0.7329473603192703 0.5323533158494869 0.7519060068415051
0 0.5076487331812999 0.7456962964652223 0.52094365336374 0.7518046282782213 0.5307054150513113 0.7271928164196123 0.522571558722919 0.7221558802736602 0.5076487331812999 0.7456962964652223
0 0.49011760433295326 0.7379547525655644 0.5022003420752565 0.7446148665906499 0.5094673443557582 0.7234806066134549 0.5013956522234891 0.7166635062713798 0.49011760433295326 0.7379547525655644