0 0.25293906271379707 0.2351312497149373 0.22592343785632837 0.2687203124287343 0.30073593728620296 0.31142968757126566 0.32389218700114025 0.2728734378563284 0.25293906271379707 0.2351312497149373
0 0.42572187457240596 0.06612031242873431 0.4254234378563284 0.08187031242873433 0.5085500000000001 0.0634812497149373 0.5067687502850627 0.046873437856328394 0.42572187457240596 0.06612031242873431
0 0.747239062713797 0.430825 0.742489062713797 0.4484531254275941 0.8173015621436716 0.44489375028506273 0.816114062713797 0.4318437502850627 0.747239062713797 0.430825
0 0.7695046875712657 0.45662187457240594 0.7727703124287343 0.46921406271379706 0.816114062713797 0.4686218745724059 0.8167078129988598 0.450825 0.7695046875712657 0.45662187457240594
0 0.7668328129988597 0.590939062713797 0.7721765621436716 0.6074234378563285 0.8238328129988598 0.5985265621436716 0.8226453124287343 0.5813234378563283 0.7668328129988597 0.590939062713797
0 0.771285937286203 0.6140656248574687 0.7715828129988598 0.6305578129988597 0.8250218745724059 0.6210671870011403 0.823239062713797 0.6050515621436716 0.771285937286203 0.6140656248574687
0 0.42661249942987456 0.6194031254275941 0.4034546875712657 0.6453875005701254 0.45155 0.6797906248574687 0.47411250057012544 0.6513187502850627 0.42661249942987456 0.6194031254275941
0 0.589596874572406 0.820435937286203 0.5596140627137971 0.8696078129988598 0.5916765621436716 0.8862171870011403 0.618989062713797 0.8452875005701255 0.589596874572406 0.820435937286203
0 0.7145828129988597 0.8286781254275941 0.7567390627137971 0.8494390627137971 0.782864062713797 0.8209671870011402 0.7389265621436716 0.7930875005701254 0.7145828129988597 0.8286781254275941
0 0.6908328129988597 0.9597703124287343 0.6661921870011402 0.9965609372862029 0.7098328129988597 0.9987546875712657 0.7240828129988598 0.9823093751425314 0.6908328129988597 0.9597703124287343
0 0.8674734378563285 0.9947828129988597 0.8855828129988598 0.963328125427594 0.8659906248574687 0.9526531254275942 0.8428328129988597 0.9823093751425314 0.8674734378563285 0.9947828129988597
0 0.8208640627137971 0.9283312497149373 0.7988953124287342 0.960089062713797 0.8262078129988597 0.970446874572406 0.851739062713797 0.9396015621436716 0.8208640627137971 0.9283312497149373