0 0.11674864994298745 0.5263669201824401 0.12283605473204105 0.5858728472063853 0.2111122748004561 0.5636538460661346 0.20318171721778794 0.5076787890535919 0.11674864994298745 0.5263669201824401
0 0.49835061459521096 0.06376414823261117 0.5120594652223489 0.09489095324971493 0.5529672953249715 0.06471748574686431 0.5344781083238312 0.03528719726339795 0.49835061459521096 0.06376414823261117
0 0.567741298745724 0.11987435347776511 0.520490393386545 0.15622087229190423 0.5330222873432156 0.18673329418472062 0.589562205245154 0.145546590649943 0.567741298745724 0.11987435347776511
0 0.5815714241733181 0.5013644503990878 0.5592147309007981 0.5233979407069556 0.575379582668187 0.5498153295324971 0.6037495610034208 0.5235814583808438 0.5815714241733181 0.5013644503990878
0 0.5932352234891676 0.5816099213226911 0.6142441755986316 0.6027673010262258 0.6432166396807297 0.5759485427594071 0.6198418494868871 0.5541560262257696 0.5932352234891676 0.5816099213226911
0 1 0.13106194526795895 0.9615307388825542 0.1668900250855188 0.9870402166476625 0.20238125769669327 1 0.19056392360319271 1 0.13106194526795895
0 0.6573876670467503 0.9207186841505131 0.6577680661345495 0.9670573808437857 0.7185286442417332 0.9562380250855189 0.7222121356898518 0.9153163911060433 0.6573876670467503 0.9207186841505131
0 0.5676148483466362 0.7906196168757127 0.5611544823261118 0.820433283922463 0.5866092531356899 0.825037606613455 0.5972301094640821 0.794927755986317 0.5676148483466362 0.7906196168757127
0 0.40947717673888256 0.9196934549600911 0.40948955986316987 0.9359945917901938 0.48178128962371725 0.9449779372862029 0.48561272177879133 0.9296018369441277 0.40947717673888256 0.9196934549600911
0 0.2429586134549601 0.9675602212086658 0.24041346180159634 0.9942979999999999 0.2706900992018244 0.99482648004561 0.26769949030786777 0.9620317913340934 0.2429586134549601 0.9675602212086658
0 0.32355341733181303 0.9431349486887116 0.31462246978335234 0.9955933226909921 0.3579596191562144 0.9963497753705816 0.36233133979475485 0.9500205781071835 0.32355341733181303 0.9431349486887116
0 0.029236899657924746 0.3686156031927024 0.0023290399087799317 0.3622059566704675 0.0010408882554161915 0.43600409007981755 0.017952686431014823 0.4367290399087799 0.029236899657924746 0.3686156031927024
0 0.012697017103762828 0.2785413489167617 0.0025156168757126565 0.3515169600912201 0.027725396807297607 0.35314624287343216 0.03729083124287343 0.2814381984036488 0.012697017103762828 0.2785413489167617
0 0.12263170695553022 0.1552161904218928 0.15044041847206385 0.16104771949828964 0.16741403648802738 0.10728888825541619 0.1360728928164196 0.0996141778791334 0.12263170695553022 0.1552161904218928