0 0.4866688449258837 0.3587802063854048 0.5252331505131129 0.326782748004561 0.5058913523375143 0.2951669338654504 0.46348219270239455 0.3262987217787913 0.4866688449258837 0.3587802063854048
0 0.8548645792474344 0.1198822212086659 0.8459672075256556 0.08527479589509691 0.7780101516533637 0.10012698061573547 0.783845937286203 0.140027094640821 0.8548645792474344 0.1198822212086659
0 0.9487407343215507 0.28724920296465223 0.9113477023945268 0.25214438312428733 0.875882778791334 0.27668385974914483 0.9065937445838085 0.3203718061573546 0.9487407343215507 0.28724920296465223
0 0.9597987582668187 0.13003074686431015 0.9538075096921322 0.09903709007981756 0.9137050296465222 0.10008267730900798 0.9193780684150513 0.1322959669327252 0.9597987582668187 0.13003074686431015
0 0.053155791334093504 0.5632736305587229 0.07839760433295326 0.5120360433295325 0.042696329532497156 0.49908443557582666 0.021326200684150514 0.5496504264538199 0.053155791334093504 0.5632736305587229
0 0.1453055085518814 0.38727380843785636 0.10432355302166477 0.4216044287343215 0.12405346066134548 0.44808560889395666 0.1649701174458381 0.41731689167616876 0.1453055085518814 0.38727380843785636
0 0.2528464994298746 0.4521152212086659 0.22662932155074117 0.42314700684150514 0.1996060330672748 0.4403608198403649 0.22221743101482327 0.47177741505131127 0.2528464994298746 0.4521152212086659
0 0.384942078677309 0.5732218643101482 0.3333483489167617 0.6032103728620296 0.3506901299885975 0.6302437080957811 0.4004526054732041 0.603194 0.384942078677309 0.5732218643101482
0 0.25667609350057013 0.5389077765108323 0.23579151653363742 0.5106249190421893 0.18608672862029646 0.5514699224629418 0.2090410684150513 0.580249913340935 0.25667609350057013 0.5389077765108323
0 0.10686702166476626 0.8202267183580388 0.0528543637400228 0.8186900832383125 0.05079636031927024 0.8685508232611174 0.11957797149372863 0.87450213340935 0.10686702166476626 0.8202267183580388
0 0.5856933033067274 0.7074068312428735 0.584088511972634 0.6972819692132269 0.5539671482326112 0.7048683717217789 0.5534801972633979 0.7157552816419612 0.5856933033067274 0.7074068312428735
0 0.47914085404789053 0.7560374526795896 0.47560714139110605 0.720335969213227 0.4413769007981756 0.7251721174458381 0.4475110444697834 0.7649899258836944 0.47914085404789053 0.7560374526795896
0 0.5520855758266819 0.7276108722919042 0.5425634287343215 0.6947756248574686 0.47463587799315854 0.7079374424173318 0.48168131584948687 0.7465787867730901 0.5520855758266819 0.7276108722919042
0 0.8129288745724059 0.6852380125427595 0.7848760912200684 0.6253471140250856 0.7363128608893957 0.651823913340935 0.7607725997719499 0.7134336168757127 0.8129288745724059 0.6852380125427595
0 0.9438296123147092 0.8407759224629419 0.924765929304447 0.8101479247434435 0.8761343671607753 0.8236184264538198 0.8900063717217788 0.862408621436716 0.9438296123147092 0.8407759224629419
0 0.510362716077537 0.9745828232611173 0.5027252269099202 0.9358389418472064 0.4740787673888256 0.9439808574686431 0.4817322919042189 0.9818061277080958 0.510362716077537 0.9745828232611173
0 0.7199882805017104 0.9746788072976055 0.7187463090079818 0.9437680501710376 0.6708007867730901 0.9518668928164197 0.6728300615735462 0.9887047947548461 0.7199882805017104 0.9746788072976055
0 0.39181821550741164 0.7236257149372861 0.3648221071835804 0.7391928757126568 0.37975972633979477 0.7679657685290764 0.40608961117445835 0.7565454230330673 0.39181821550741164 0.7236257149372861
0 0.4973246054732041 0.4967762542759407 0.5302972234891676 0.4789364891676169 0.5031867742303306 0.4501120809578107 0.47513872177879135 0.4750029281641961 0.4973246054732041 0.4967762542759407