0 0.2523018084378563 0.1953218472063854 0.2114184994298746 0.18723539908779932 0.20865040592930442 0.20492050057012545 0.25049242987457243 0.21005805473204103 0.2523018084378563 0.1953218472063854
0 0.25014049600912197 0.2519004903078677 0.24663570353477765 0.2317245370581528 0.20368584036488027 0.22585274914481185 0.20181590649942988 0.2459669771949829 0.25014049600912197 0.2519004903078677
0 0.9375735689851767 0.6604477571265678 0.9212359338654503 0.744786913340935 0.9700877434435575 0.7561706157354617 0.982032417331813 0.6666842884834664 0.9375735689851767 0.6604477571265678
0 0.9014094047890536 0.7430483329532497 0.8944265131128849 0.777995322690992 0.9666877343215506 0.7916567058152794 0.9687643740022805 0.7572045450399089 0.9014094047890536 0.7430483329532497
0 0.9638651254275941 0.8146450045610034 0.8868467092360318 0.8031748871151653 0.8833009350057012 0.8442457765108324 0.9581471687571266 0.8612140296465223 0.9638651254275941 0.8146450045610034
0 0.9070288802736602 0.8507500296465221 0.8925635404789054 0.9393286510832384 0.9475795724059293 0.9472801870011403 0.9583000923603192 0.8570453432155074 0.9070288802736602 0.8507500296465221
0 0.874579725199544 1 0.8761226271379704 0.9660318608893956 0.8158579361459521 0.9550430342075256 0.8139305438996579 1 0.874579725199544 1
0 0.34724555644241734 0.21378331356898517 0.34200466248574685 0.22967084378563285 0.44192956328392247 0.25869465336374003 0.4504503945267959 0.24777512656784492 0.34724555644241734 0.21378331356898517
0 0.5004851584948689 0.22272832269099202 0.4974829589509692 0.23499922348916763 0.6012763911060434 0.24714524743443558 0.6066217160775371 0.23284319726339794 0.5004851584948689 0.22272832269099202
0 0.49578695781071835 0.26830012884834664 0.5470581710376283 0.27459544127708096 0.5454765131128848 0.2582448745724059 0.4964900478905359 0.25282987571265675 0.49578695781071835 0.26830012884834664
0 1 0.27796826909920186 0.9750647594070696 0.2747181755986317 0.9752005245153934 0.29066452109464086 1 0.2931257537058153 1 0.27796826909920186
0 1 0.30709051539338655 0.9688309828962371 0.3035641071835804 0.9721087958950969 0.3255886784492588 1 0.3259463420752565 1 0.30709051539338655