0 0.4898350433295325 0.14802076396807298 0.4951721151653364 0.11346827480045611 0.4452344116305587 0.10151591220068415 0.4338150034207526 0.1346223968072976 0.4898350433295325 0.14802076396807298
0 0.8210477958950969 0 0.8145941493728621 0.008404589509692133 0.8467336875712658 0.027692449258836942 0.8652251516533638 0 0.8210477958950969 0
0 0.9287371208665907 0.029750562143671607 0.9009962690992018 0.010068176738882554 0.8100250034207526 0.12740159977194981 0.840048393386545 0.14853066590649944 0.9287371208665907 0.029750562143671607
0 0.17389752109464082 0.9516460535917901 0.2089837046750285 0.9418745632839225 0.20087519954389965 0.9058415735461801 0.1604755621436716 0.9164546339794756 0.17389752109464082 0.9516460535917901
0 0.32333935803876857 1 0.31062811858608896 0.9769383785632839 0.28230875028506275 0.9919581094640821 0.28579353021664766 1 0.32333935803876857 1
0 0.2977856704675028 0.9223930250855188 0.26556233865450396 0.9274966989737743 0.26660357354618014 0.9610389623717218 0.30299371607753706 0.9552753295324972 0.2977856704675028 0.9223930250855188
0 0.8791640535917902 0.501671882554162 0.8989069486887116 0.47085715849486887 0.8826788734321551 0.4631952063854048 0.8645428015963512 0.4943565872291904 0.8791640535917902 0.501671882554162
0 0.9043386134549601 0.5127323876852908 0.9238670889395667 0.4843593922462942 0.9099832314709236 0.47632615393386546 0.8904964230330673 0.5046925484606614 0.9043386134549601 0.5127323876852908
0 0.9331557970353477 0.3420432326111745 0.9138330296465222 0.3944581687571266 0.9282089007981756 0.4018123295324971 0.953550338654504 0.3532580832383124 0.9331557970353477 0.3420432326111745
0 0.8825986248574686 0.8911626887115165 0.916429787913341 0.8924249304446978 0.9182797149372862 0.8548131003420754 0.8816440992018244 0.858207842645382 0.8825986248574686 0.8911626887115165
0 0.2043248118586089 0.8252424389965792 0.1876876738882554 0.7694914857468643 0.17293590535917902 0.7790512428734322 0.19143547890535917 0.8272839087799316 0.2043248118586089 0.8252424389965792
0 0.038033766248574685 0.7715260011402508 0.047551507411630556 0.7682135039908781 0.05307539794754846 0.6969153272519955 0.026176278221208667 0.6966607673888255 0.038033766248574685 0.7715260011402508
0 0.2514305245153934 0.034400973774230334 0.235612078677309 0.03690636944127708 0.2429124355758267 0.08299900684150513 0.2566870273660205 0.07961502394526797 0.2514305245153934 0.034400973774230334