0 0.3251505245153934 0.4917181368301026 0.36391851539338654 0.4599677685290764 0.3364580296465222 0.43100936145952107 0.2978061710376283 0.46669911972633976 0.3251505245153934 0.4917181368301026
0 0.026880810718358038 0.7604775153933865 0.05915470239452679 0.77581482668187 0.0924804526795895 0.709944818700114 0.054426937286202966 0.696602953249715 0.026880810718358038 0.7604775153933865
0 0.17820934663625995 0.8564970057012543 0.20553426567844924 0.8999013363740023 0.24609033865450397 0.8648487970353478 0.20906499087799316 0.8263660250855187 0.17820934663625995 0.8564970057012543
0 0.01981335347776511 0.8689624572405928 0.049094385404789054 0.8807574982896237 0.05903061687571266 0.8415116750285062 0.028491643101482327 0.8297962805017104 0.01981335347776511 0.8689624572405928
0 0.5922604378563284 0.08844021322690993 0.6473730102622577 0.073438755986317 0.6400734754846066 0.03959453477765108 0.5863589110604333 0.050923588369441275 0.5922604378563284 0.08844021322690993
0 0.498543401368301 0.09663466362599772 0.45702380615735466 0.13031307411630558 0.48276272862029646 0.15534887913340936 0.5207734036488028 0.1210549236031927 0.498543401368301 0.09663466362599772
0 0.47672059635119723 0.21698766818700113 0.5001541106043329 0.24825055872291907 0.5252993557582668 0.2219359566704675 0.49877442987457243 0.19374542417331814 0.47672059635119723 0.21698766818700113
0 0.6331127411630558 0.35610367616875716 0.5938306590649943 0.4010274070695553 0.620292574686431 0.4219719144811859 0.6563404298745724 0.3782850444697834 0.6331127411630558 0.35610367616875716
0 0.5608430649942988 0.24267310034207526 0.5846213204104903 0.26857059293044466 0.634293078677309 0.22969920866590648 0.6104217502850627 0.20167512314709235 0.5608430649942988 0.24267310034207526
0 0.8981542588369441 0.12187862371721779 0.8893565598631699 0.17519212086659067 0.9402094196123147 0.1980257708095781 0.9474916009122007 0.1293723078677309 0.8981542588369441 0.12187862371721779
0 0.6776124994298746 0.6201867434435576 0.6872451299885974 0.6236939646522235 0.7015867468643101 0.5936656636259977 0.6908069452679589 0.5920663477765108 0.6776124994298746 0.6201867434435576
0 0.7209421539338654 0.5180973922462943 0.7553134367160775 0.5283783443557583 0.7701366795895096 0.49903787571265684 0.7322208871151654 0.4854188380843785 0.7209421539338654 0.5180973922462943
0 0.6830755632839225 0.5789463603192703 0.7134906225769669 0.5945588187001141 0.7455438095781072 0.5290673329532497 0.7089567491448119 0.5147782234891677 0.6830755632839225 0.5789463603192703
0 0.5686872132269098 0.8035594720638541 0.622125023945268 0.8425245689851767 0.6597544823261118 0.7967065267958952 0.6039438608893957 0.760940497149373 0.5686872132269098 0.8035594720638541
0 0.7502799270239453 1 0.7813334298745724 0.9519916807297606 0.7459028232611175 0.9309730262257697 0.7234004743443558 0.9761407970353477 0.7490767194982897 1 0.7502799270239453 1
0 0.9273113557582668 0.5858371470923603 0.9638861003420753 0.6007269954389965 0.9764396351197264 0.5740008643101482 0.9407696830102623 0.5592705553021665 0.9273113557582668 0.5858371470923603
0 0.8938760182440136 0.7994022588369442 0.9239818779931585 0.8065194629418473 0.9467483808437855 0.7629039566704675 0.9109744994298745 0.7538829623717217 0.8938760182440136 0.7994022588369442
0 0.7605913865450399 0.412945858608894 0.7401591379703535 0.43647561801596346 0.7697509076396808 0.4567661847206385 0.7859854082098062 0.4330991584948689 0.7605913865450399 0.412945858608894
0 0.4735425017103763 0.5257214709236032 0.49734597377423034 0.49675863968072975 0.48020595096921326 0.47082582782212085 0.45042059749144814 0.4936091607753706 0.4735425017103763 0.5257214709236032