0 0.5610198312428735 0.4359280205245154 0.5651034754846066 0.41286040592930445 0.4738506659064994 0.39076267616875715 0.4698660969213227 0.41524714367160775 0.5610198312428735 0.4359280205245154
0 0.5992187194982896 0.4731274549600912 0.6094651550741164 0.45674779931584947 0.571633 0.4451539076396807 0.5618819441277081 0.4686178255416191 0.5992187194982896 0.4731274549600912
0 0.6727639521094642 0.4252665484606613 0.6803748346636259 0.4119187514253136 0.6436623033067275 0.3959752257696693 0.6337130957810718 0.4166054378563284 0.6727639521094642 0.4252665484606613
0 0.7206350034207526 0.5600399099201825 0.7381638540478905 0.5459985792474344 0.6848041185860889 0.49562148802736605 0.6704062018244014 0.5137152246294184 0.7206350034207526 0.5600399099201825
0 0.6930578688711516 0.5932945997719498 0.7103885678449259 0.5764195644241733 0.6873506328392246 0.5523993477765108 0.667184669327252 0.5694726442417332 0.6930578688711516 0.5932945997719498
0 0.7140250262257696 0.6487843625997719 0.7671765724059293 0.6351011790193843 0.7602210649942988 0.6170768392246294 0.712736929304447 0.6303637183580387 0.7140250262257696 0.6487843625997719
0 0.7892251984036488 0.6449512018244014 0.8370064526795895 0.6359133215507411 0.8344005792474345 0.6190086066134549 0.7853015473204106 0.6295624150513113 0.7892251984036488 0.6449512018244014
0 0.847341015963512 0.7633434561003422 0.9356907240592931 0.764285913340935 0.9403969452679589 0.7297829521094641 0.8493126077537059 0.7304554994298745 0.847341015963512 0.7633434561003422
0 0.3916416978335234 0.6720856978335235 0.3487257080957811 0.6732431231470923 0.3502577947548461 0.7302751767388825 0.39902918472063853 0.7294162770809578 0.3916416978335234 0.6720856978335235
0 0.3450153762827822 0.6728885781071836 0.2663048688711517 0.6716339030786773 0.26722056100342073 0.702290015963512 0.349641401368301 0.7038992371721778 0.3450153762827822 0.6728885781071836
0 0.4519112622576967 0.44355763511972635 0.456093984036488 0.4219068734321551 0.3399292725199544 0.41009540478905354 0.33311255758266817 0.43477791448118586 0.4519112622576967 0.44355763511972635