0 0.3565642850627138 0.8579055267958952 0.33657514937286204 0.8312900889395668 0.3082789703534778 0.8479413762827822 0.3251112850627138 0.8800381733181301 0.3565642850627138 0.8579055267958952
0 0.4284117833523375 0.9490719247434436 0.40340156214367157 0.9162492588369442 0.37482096807297605 0.937939441277081 0.4006359338654504 0.9690205883694413 0.4284117833523375 0.9490719247434436
0 0.5686079201824401 0.9260964857468642 0.5460611904218928 0.8916176670467504 0.5142332896237172 0.912245818700114 0.5328535917901938 0.9509780992018244 0.5686079201824401 0.9260964857468642
0 0.5440964515393387 0.8837869224629419 0.5296590205245154 0.8645987776510832 0.5006341904218928 0.8743743831242873 0.5050200228050171 0.9010623694412772 0.5440964515393387 0.8837869224629419
0 0.48902801824401365 0.8238226841505131 0.41306232383124286 0.7092508677309008 0.3819494994298746 0.72486269327252 0.4540512976054732 0.8368521870011402 0.48902801824401365 0.8238226841505131
0 0.5002414469783353 0.7572229646522234 0.5202325872291904 0.8064304059293045 0.5578805758266818 0.793243614595211 0.5301683979475484 0.7415489885974915 0.5002414469783353 0.7572229646522234
0 0.5873378882554162 0.6934125393386545 0.568279425313569 0.6490089304446979 0.5368253808437856 0.6598463557582668 0.56057969327252 0.7077661698973774 0.5873378882554162 0.6934125393386545
0 0.806313473204105 0.8220193990877993 0.8394566670467503 0.8356460935005702 0.8496162006841506 0.8013964891676169 0.8183728768529077 0.784597692132269 0.806313473204105 0.8220193990877993
0 0 0.5638593078677309 0.01995958038768529 0.5483303614595211 0 0.5137778312428735 0 0.5638593078677309
0 0.7940128779931585 0.5466826716077536 0.7804204595210947 0.5453757582668187 0.7782418586088939 0.5996642645381984 0.7912160935005702 0.6000484982896237 0.7940128779931585 0.5466826716077536
0 0.6614643648802736 0.6277332588369441 0.6219010216647662 0.6232800068415052 0.6174215758266818 0.6599098335233751 0.6599426761687571 0.6680839190421892 0.6614643648802736 0.6277332588369441