0 0.19415781299885973 0.41837187457240593 0.20336093728620297 0.450825 0.26036093728620296 0.4253187502850627 0.24076718700114028 0.3915078129988597 0.19415781299885973 0.41837187457240593
0 0.04720312542759407 0.4039656248574686 0.078375 0.41926093728620295 0.10360937514253135 0.3772718745724059 0.07095312542759406 0.3535453124287343 0.04720312542759407 0.4039656248574686
0 0.27639218700114027 0.28295781299885975 0.2752046875712657 0.3203281254275941 0.3630796875712657 0.31380156214367166 0.3690171870011402 0.27524531242873435 0.27639218700114027 0.28295781299885975
0 0.1997984378563284 0.28948124971493727 0.2092984378563284 0.250925 0.17248437514253137 0.24262187457240592 0.16120468757126566 0.27643281299885974 0.1997984378563284 0.28948124971493727
0 0.4604562497149373 0.048059375142531356 0.47025312542759407 0.08302187457240594 0.5097375005701255 0.07771875028506271 0.5038 0.04094218700114025 0.4604562497149373 0.048059375142531356
0 0.41058124971493726 0.38101093728620294 0.3868296875712657 0.3458328129988597 0.3535796875712657 0.37074687457240596 0.3725812497149373 0.4057453124287343 0.41058124971493726 0.38101093728620294
0 0.26807968757126566 0.5500218745724059 0.2924234378563284 0.5249718745724059 0.26807968757126566 0.4959062497149373 0.2372046875712657 0.521414062713797 0.26807968757126566 0.5500218745724059
0 0.41473750057012543 0.47514531242873437 0.38653437514253136 0.5010968745724059 0.4064234378563284 0.5231937502850627 0.439675 0.4965 0.41473750057012543 0.47514531242873437
0 0.3615953124287343 0.7208093751425313 0.38505 0.6904687502850627 0.3547687502850627 0.661403125427594 0.3256734378563284 0.6916546875712656 0.3615953124287343 0.7208093751425313
0 0.472925 0.669114062713797 0.5032062497149373 0.646089062713797 0.47411250057012544 0.6192875005701254 0.44798750057012543 0.6430156248574687 0.472925 0.669114062713797
0 0.6617375005701255 0.6016125005701254 0.6326453124287342 0.6275921870011403 0.6789578129988598 0.661996874572406 0.6961765621436715 0.6305578129988597 0.6617375005701255 0.6016125005701254
0 0.7267546875712657 0.5927171870011403 0.7033015621436717 0.6252187502850627 0.7561453124287344 0.6602171870011403 0.7787078129988597 0.6258124994298746 0.7267546875712657 0.5927171870011403
0 0.9128968745724059 0.5706468745724059 0.883803125427594 0.6050515621436716 0.9324906248574686 0.6347093751425313 0.9508968745724059 0.5931874994298746 0.9128968745724059 0.5706468745724059
0 0.7365515621436717 0.46996406271379704 0.7709890627137971 0.436589062713797 0.7460515621436716 0.4122687502850627 0.7110203124287343 0.44667343785632835 0.7365515621436717 0.46996406271379704
0 0.6480828129988597 0.40218593728620294 0.683114062713797 0.42726718700114025 0.7027062497149372 0.4069296875712657 0.6730203124287344 0.3808312497149373 0.6480828129988597 0.40218593728620294
0 0.19148437514253133 0.7474937502850627 0.2211734378563284 0.7136031254275941 0.1950484378563284 0.6898749999999999 0.1689234378563284 0.7177546875712657 0.19148437514253133 0.7474937502850627
0 0.12973593728620297 0.6436078129988598 0.14517343785632839 0.655875 0.17545312542759406 0.6252187502850627 0.16179843785632841 0.6145421870011402 0.12973593728620297 0.6436078129988598
0 0.11014062485746864 0.6234390627137971 0.12825 0.6371937502850628 0.16595312542759405 0.6014921870011403 0.1522984378563284 0.5902218745724059 0.11014062485746864 0.6234390627137971
0 0.6415515621436716 0.8648624994298746 0.6198796875712658 0.9182828129988597 0.6522375005701254 0.9342640627137971 0.6753953124287343 0.8820640627137971 0.6415515621436716 0.8648624994298746
0 0.22354843785632839 0.8518124994298746 0.24403281299885973 0.8702484378563284 0.2686734378563284 0.8411343751425313 0.24907968757126567 0.8251203124287343 0.22354843785632839 0.8518124994298746
0 0.6676765621436715 0.695214062713797 0.685785937286203 0.672775 0.6581765621436717 0.649539062713797 0.6385828129988598 0.6756390627137969 0.6676765621436715 0.695214062713797
0 0.27253281299885973 0.8302203124287343 0.30548593728620294 0.8043593751425314 0.2799546875712657 0.7812234378563284 0.24611093728620295 0.8079171870011402 0.27253281299885973 0.8302203124287343
0 0.6825203124287343 0.28117812542759407 0.7347703124287343 0.33653593728620296 0.7715828129988598 0.2877031254275941 0.7228953124287344 0.24321406271379703 0.6825203124287343 0.28117812542759407