0 0.8015671870011403 0.8168765621436717 0.8368953124287343 0.8162218745724059 0.8386765621436717 0.7598703124287343 0.8042390627137971 0.7598703124287343 0.8015671870011403 0.8168765621436717
0 0.9262562497149373 0.5295609372862029 0.9283343751425313 0.5771718745724059 0.9894906248574686 0.5807312497149373 0.9847406248574686 0.5344625005701255 0.9262562497149373 0.5295609372862029
0 0.6795515621436716 0.6140656248574687 0.6795515621436716 0.6471671870011402 0.7490203124287343 0.6459796875712657 0.7478328129988597 0.6145421870011402 0.6795515621436716 0.6140656248574687
0 0.09975 0.998335937286203 0.10004687457240592 0.967460937286203 0.020484375142531357 0.9644937502850628 0.022265624857468642 0.9987546875712657 0.09975 0.998335937286203
0 0.42928437514253137 0.5464593751425313 0.42482968757126566 0.579525 0.5002374994298745 0.5789312497149373 0.5020187502850627 0.5421546875712656 0.42928437514253137 0.5464593751425313
0 0.477675 0.14354062485746863 0.5121125005701254 0.15685 0.5311125005701254 0.10972968757126567 0.49667500000000003 0.0972734378563284 0.477675 0.14354062485746863
0 0.8888484378563284 0.17286093728620297 0.8772703124287344 0.22124687457240594 0.974053125427594 0.23310937514253136 0.9799906248574687 0.18684218700114028 0.8888484378563284 0.17286093728620297
0 0.6896453124287343 0.4442796875712657 0.7418953124287344 0.44416406271379705 0.7454578129988597 0.38318281299885976 0.6872687502850627 0.3837765621436716 0.6896453124287343 0.4442796875712657
0 0.420675 0.43122968757126573 0.4720343751425314 0.41747812542759405 0.4592687502850627 0.34818593728620295 0.4046437502850627 0.3588625005701254 0.420675 0.43122968757126573
0 0.25857968757126565 0.5279171870011402 0.3117203124287343 0.521553125427594 0.31023749942987455 0.4430937502850627 0.25086093728620296 0.4419078129988598 0.25857968757126565 0.5279171870011402
0 0.23364218700114026 0.10201875028506271 0.23690781299885974 0.046548437856328395 0.19564218700114022 0.04863281299885975 0.19148437514253133 0.10498437514253135 0.23364218700114026 0.10201875028506271
0 0.1712984378563284 0 0.08401562485746863 0.0006906248574686431 0.09114062485746864 0.022045312428734323 0.11132968757126567 0.013148437856328393 0.11548437514253136 0.03390937514253135 0.1710015621436716 0.022559375142531358 0.1712984378563284 0
0 0.24047031242873432 0 0.24373593728620296 0.023231249714937285 0.28114218700114024 0.025010937286202965 0.2847046875712657 0.00009843785632839225 0.24047031242873432 0
0 0.2443296875712657 0.930096874572406 0.2796578129988598 0.9342937502850628 0.28886093728620293 0.875525 0.25145468757126566 0.866628125427594 0.2443296875712657 0.930096874572406
0 0.14932968757126566 0.7100296875712657 0.10064062485746864 0.7074656248574687 0.09826718700114025 0.7580765621436716 0.14754687457240592 0.7592625005701253 0.14932968757126566 0.7100296875712657
0 0.9473343751425313 0.6062375005701255 0.9544593751425314 0.641235937286203 0.998753125427594 0.6382687502850628 0.9972093751425314 0.6026781254275941 0.9473343751425313 0.6062375005701255