0 0.23108294982896238 0.15691423831242873 0.2588512052451539 0.0677550535917902 0.20259843329532495 0.0554261220068415 0.17696173318129987 0.13591592588369442 0.23108294982896238 0.15691423831242873
0 0.3150222588369441 0.11594586887115166 0.35884557354618013 0.13603116077537059 0.36874340706955533 0.09014656214367162 0.32884613797035345 0.08070154503990878 0.3150222588369441 0.11594586887115166
0 0.5047189247434435 0 0.4885307263397947 0.03349296579247434 0.5203860627137971 0.04996229418472064 0.5434376009122007 0.001212025085518814 0.5365638654503991 0 0.5047189247434435 0
0 0.5921390855188141 0.31674383694412767 0.6517809464082098 0.3329863591790194 0.6656659281641962 0.2679087867730901 0.6089672326111745 0.2512792725199544 0.5921390855188141 0.31674383694412767
0 0.7259717115165336 0.2640724937286203 0.7374497708095782 0.22630435575826682 0.7017474446978335 0.2169945245153934 0.6923652394526796 0.2497060330672748 0.7259717115165336 0.2640724937286203
0 0.588042055872292 0.652446534777651 0.643353496009122 0.6745590809578107 0.659263630558723 0.6218952006841506 0.6071028095781072 0.6000367411630558 0.588042055872292 0.652446534777651
0 0.8361379144811859 0.9819732428734321 0.8667707662485746 0.9924993728620297 0.8902081755986317 0.9483992565564423 0.8559141402508552 0.9345128814139111 0.8361379144811859 0.9819732428734321
0 0.750728055872292 0.6006424549600912 0.7628688301026226 0.6082093876852908 0.7911844629418472 0.5330152269099202 0.7742796613454961 0.5264169977194983 0.750728055872292 0.6006424549600912
0 0.7844797913340935 0.6038822907639682 0.8024889817559863 0.6055489361459521 0.8133145267958951 0.5749006556442418 0.8002212588369441 0.5671657742303307 0.7844797913340935 0.6038822907639682
0 0.8861793785632839 0.201282086659065 0.9225617913340934 0.21493220182440137 0.9356555051311288 0.1816693135689852 0.8991287331812998 0.16678633751425312 0.8861793785632839 0.201282086659065
0 0.6845932645381984 0.8783792770809578 0.7212480376282783 0.892077417331813 0.7308701824401369 0.8443370649942987 0.6970577742303307 0.8311385245153934 0.6845932645381984 0.8783792770809578
0 0.4876494618015964 0.8846522086659064 0.5076835188141391 0.829098030786773 0.48672411858608894 0.8181674082098062 0.4673766282782212 0.8732381505131128 0.4876494618015964 0.8846522086659064