0 0.9544216145952109 0.6999865735461802 0.9219830615735463 0.7141470980615735 0.9351465917901939 0.775133102622577 0.9673102394526797 0.7643354652223489 0.9544216145952109 0.6999865735461802
0 0.983968582668187 0.5464593090079818 0.927581007981756 0.5648442805017103 0.9361044925883695 0.5892664709236032 0.9923197525655644 0.5733235210946408 0.983968582668187 0.5464593090079818
0 0.8347305336374002 0.4618386465222349 0.7968970353477765 0.4727300798175598 0.8111927844925884 0.5298973979475484 0.8479992006841505 0.5231059794754845 0.8347305336374002 0.4618386465222349
0 0.8249412166476624 0.6317765313568986 0.7947355621436716 0.6346925518814139 0.7976934355758266 0.668536842645382 0.8352815370581528 0.6610046830102623 0.8249412166476624 0.6317765313568986
0 0.48711786773090077 0.5092652189281642 0.4565350684150513 0.5237014344355758 0.4690103819840365 0.5739548312428734 0.5048852941847206 0.5622045165336373 0.48711786773090077 0.5092652189281642
0 0.8500830969213227 0.23123017787913341 0.8148625085518814 0.25010161915621437 0.8285394116305587 0.2832616750285063 0.8614811140250855 0.2666007924743444 0.8500830969213227 0.23123017787913341
0 0.8400145963511974 0.19803677194982897 0.8257529635119726 0.16497981984036486 0.790427732041049 0.1832668015963512 0.8077484709236031 0.22000471949828962 0.8400145963511974 0.19803677194982897
0 0.3651585074116306 0.2582532405929304 0.3431652166476625 0.28383599429874573 0.36567447092360317 0.3021746590649943 0.38794010376282784 0.27473515507411633 0.3651585074116306 0.2582532405929304
0 0.11333211060433296 0.9103946157354618 0.08202577651083238 0.9207364572405929 0.09522281527936145 0.97508296009122 0.12846030900798175 0.9656064230330672 0.11333211060433296 0.9103946157354618
0 0.03514906727480045 0.6582956966932726 0.02259715849486887 0.664727717217788 0.03439803876852907 0.7190205324971494 0.0510601984036488 0.710956228050171 0.03514906727480045 0.6582956966932726
0 0.8387960581527936 0.8469870695553022 0.7991066465222348 0.867850717217788 0.809897030786773 0.8948893272519954 0.8492769726339795 0.882519394526796 0.8387960581527936 0.8469870695553022
0 0.515026102622577 0.7358630980615736 0.49616244355758266 0.7416009076396808 0.5157164139110605 0.7978426465222348 0.5300096830102623 0.7935120433295325 0.515026102622577 0.7358630980615736