0 0.8096951265678449 0.5655097137970354 0.7988061493728621 0.5335827183580387 0.7432191607753706 0.5620371619156215 0.7645555860889396 0.5947763055872293 0.8096951265678449 0.5655097137970354
0 0.9572023831242874 0.5722052063854047 0.9252727331812999 0.5585622645381983 0.9022704789053592 0.6018144481185862 0.9361237263397948 0.6237993979475485 0.9572023831242874 0.5722052063854047
0 0.7346604766248575 0.7050420091220068 0.7338905381984036 0.6676607628278222 0.6464775416191563 0.6787774036488027 0.6425660570125428 0.7175915587229191 0.7346604766248575 0.7050420091220068
0 0.8108078460661345 0.694518905359179 0.8033387445838085 0.7335195074116305 0.8405369064994298 0.7398845541619156 0.8500316077537058 0.7055296191562144 0.8108078460661345 0.694518905359179
0 0.5631423021664765 0.9492516955530217 0.551529055872292 0.9148498403648803 0.5123763375142532 0.922212149372862 0.5202304378563284 0.958627566704675 0.5631423021664765 0.9492516955530217
0 0.5955236111744584 0.6141461767388825 0.6210837035347777 0.6480330296465222 0.6529842348916762 0.6214129418472064 0.6321770364880274 0.5874569327251996 0.5955236111744584 0.6141461767388825
0 0.7289845313568986 0.4379089076396807 0.7059851584948689 0.4641986305587229 0.7318167240592931 0.49195036830102623 0.7613144355758267 0.4648616408209806 0.7289845313568986 0.4379089076396807
0 0.5864464435575827 0.5203583306727481 0.6132527183580387 0.49296629646522233 0.5922344515393387 0.4719406168757127 0.5604255028506271 0.5003380364880273 0.5864464435575827 0.5203583306727481
0 0.6266587388825541 0.2722496944127708 0.6048241003420752 0.3037762622576967 0.6365850285062714 0.33121725541619157 0.6640572223489168 0.29948442075256554 0.6266587388825541 0.2722496944127708
0 0.5181871482326111 0.3297007058152793 0.489152433295325 0.35427894982896235 0.5196089965792474 0.3795211322690992 0.5444563591790194 0.35445824971493733 0.5181871482326111 0.3297007058152793
0 0.33316616761687573 0.4069914424173318 0.36085881413911064 0.37952479247434434 0.31280918129988594 0.3475910649942987 0.29725942303306724 0.37988819954389963 0.33316616761687573 0.4069914424173318
0 0.2687036294184721 0.41927730216647663 0.2904236123147092 0.3855928392246294 0.23582060661345497 0.35340799543899654 0.21508962941847204 0.38894636259977194 0.2687036294184721 0.41927730216647663
0 0.08397161459521095 0.4510592976054732 0.11122488939566705 0.41517911060433293 0.0610519441277081 0.38811005017103767 0.044844006841505135 0.43053832953249715 0.08397161459521095 0.4510592976054732
0 0.265344582668187 0.5423749258836944 0.23270099087799315 0.5775065062713797 0.25887714139110607 0.6004883603192702 0.292059779931585 0.5642974298745724 0.265344582668187 0.5423749258836944
0 0.3572393215507411 0.6054300672748004 0.3209434298745724 0.5822165849486888 0.3024424754846066 0.6035515883694413 0.3334536168757127 0.6280606168757127 0.3572393215507411 0.6054300672748004
0 0.7951399931584948 0.23669897149372862 0.7672653158494869 0.2720969555302166 0.79459634663626 0.2944252850627138 0.819226433295325 0.2652165290763968 0.7951399931584948 0.23669897149372862
0 0.8622407765108324 0.33721087229190416 0.846182417331813 0.32576843329532496 0.8175486510832384 0.3579673865450399 0.831743393386545 0.3679146864310148 0.8622407765108324 0.33721087229190416
0 0.8828647844925884 0.35632644355758264 0.8640603637400228 0.34353837742303306 0.8282773842645382 0.3811642417331813 0.8425032006841505 0.39170447776510836 0.8828647844925884 0.35632644355758264
0 0.3395470011402508 0.14304576852907638 0.35839337286202966 0.08856444697833524 0.3252435108323831 0.07429857582668187 0.3048493728620296 0.12763902394526797 0.3395470011402508 0.14304576852907638
0 0.7576602508551881 0.13420129076396806 0.736239086659065 0.11686268757126568 0.7131559429874572 0.14722644127708095 0.733560952109464 0.1621930992018244 0.7576602508551881 0.13420129076396806
0 0.32233651767388827 0.31382898403648807 0.30542633067274805 0.33718506727480047 0.33421394298745727 0.35894419726339793 0.3524148711516533 0.3318545085518814 0.32233651767388827 0.31382898403648807
0 0.7098730558722919 0.15832753021664764 0.6783185484606613 0.1858776590649943 0.7050256499429874 0.20764568757126567 0.737425976054732 0.17921727594070697 0.7098730558722919 0.15832753021664764
0 0.32918207753705814 0.7280743614595211 0.27410648004561 0.6755269692132269 0.23990014139110605 0.7262194754846066 0.2908492953249715 0.7680994606613455 0.32918207753705814 0.7280743614595211