0 0.51805 0.1494937502850627 0.5406125005701254 0.27249062485746867 0.5857375005701254 0.26278906271379704 0.5613937502850627 0.14712031242873433 0.51805 0.1494937502850627
0 0.6911296875712657 0.391685937286203 0.6967703124287342 0.4247265621436716 0.7466453124287343 0.4140484378563284 0.7430828129988597 0.37549218700114023 0.6911296875712657 0.391685937286203
0 0.6955828129988597 0.49842812542759407 0.6884578129988598 0.5344625005701255 0.7294265621436716 0.5415812497149373 0.730614062713797 0.5036171870011402 0.6955828129988597 0.49842812542759407
0 0.8588656248574686 0.890960937286203 0.8977562497149373 0.90405 0.9111140627137971 0.8684203124287343 0.8671765621436716 0.8565578129988597 0.8588656248574686 0.890960937286203
0 0.2787671870011403 0.3819015621436716 0.31261093728620293 0.37371249942987456 0.29836093728620294 0.34286875028506275 0.2692671870011403 0.3505796875712657 0.2787671870011403 0.3819015621436716
0 0.08282968757126569 0.18626875028506273 0.12825 0.18709531242873434 0.13507812542759406 0.14712031242873433 0.07689218700114026 0.14415468757126568 0.08282968757126569 0.18626875028506273
0 0.9128968745724059 0.13169687457240592 0.9259593751425313 0.16610156214367158 0.9609906248574687 0.15423750057012542 0.949114062713797 0.12220624971493728 0.9128968745724059 0.13169687457240592
0 0.8086921870011402 0.13016718700114024 0.8268015621436716 0.11686875028506272 0.7870203124287343 0.04924687457240593 0.7727703124287343 0.05932968757126568 0.8086921870011402 0.13016718700114024
0 0.7727703124287343 0 0.7692078129988597 0.007723437856328392 0.8006765621436717 0.026112499429874574 0.8125531254275941 0 0.7727703124287343 0
0 0.7056765621436716 0.06288906271379703 0.7463484378563284 0.060784375142531356 0.7478328129988597 0.046873437856328394 0.7050828129988598 0.048059375142531356 0.7056765621436716 0.06288906271379703
0 0.7021140627137971 0.017214062713797034 0.740114062713797 0.01630781299885975 0.7389265621436716 0.000012500570125427595 0.6997374994298746 0.0012 0.7021140627137971 0.017214062713797034
0 0.10836093728620297 0.2859234378563284 0.049875 0.2742687502850627 0.04601562485746864 0.3262593751425314 0.09410937514253136 0.33871562485746864 0.10836093728620297 0.2859234378563284
0 0.22592343785632837 0.28888906271379705 0.2282984378563284 0.3612562497149373 0.265110937286203 0.36185 0.2639234378563284 0.2841437502850627 0.22592343785632837 0.28888906271379705
0 0.21998593728620297 0.09847968757126568 0.21820468757126568 0.17677812542759405 0.25145468757126566 0.1726265621436716 0.2621421870011402 0.09432812542759406 0.21998593728620297 0.09847968757126568