0 0.7551081584948689 0.8349512417331814 0.7463976898517674 0.7957454469783352 0.6740952291904219 0.8114139247434435 0.680650393386545 0.8477049133409351 0.7551081584948689 0.8349512417331814
0 0.5379804754846066 0.6263624002280502 0.5316497548460661 0.574913874572406 0.4826587958950969 0.5811222109464083 0.49039816305587225 0.6346591379703534 0.5379804754846066 0.6263624002280502
0 0.3915743625997719 0.642071669327252 0.3917038791334093 0.6227348608893957 0.3167914104903079 0.6378195997719498 0.31897871379703535 0.6545808449258838 0.3915743625997719 0.642071669327252
0 0.39782439338654507 0.6783765678449258 0.3959945815279361 0.6628961288483467 0.34201585860889394 0.6729738460661346 0.3482812177879134 0.6905293785632839 0.39782439338654507 0.6783765678449258
0 0.3922051071835804 0.6948300923603192 0.3726636294184721 0.6988980171037629 0.37726313340935 0.7094730615735462 0.39495887457240597 0.7086771322690992 0.3922051071835804 0.6948300923603192
0 0.3865172782212087 0.17642333523375142 0.4128273477765108 0.15310097491448119 0.37568782440136833 0.12011302508551881 0.3460578255416191 0.14496438084378563 0.3865172782212087 0.17642333523375142
0 0.44897743899657927 0.11959246522234893 0.4648761220068415 0.109371094640821 0.42503298631698977 0.0716379007981756 0.4111734481185861 0.08380759407069556 0.44897743899657927 0.11959246522234893
0 0.2257964275940707 0.06350357354618016 0.25330463511972634 0.04646432839224629 0.23820562941847206 0.01989833409350057 0.20661105245153932 0.04706900570125428 0.2257964275940707 0.06350357354618016
0 0.16451757810718357 0.10181012884834663 0.18443154389965793 0.12383167844925884 0.21550002166476623 0.09780348802736602 0.19061022576966932 0.06871516875712656 0.16451757810718357 0.10181012884834663
0 0.091484834663626 0.11967970125427593 0.06561787115165336 0.11428079589509693 0.05886203990877993 0.14903653477765108 0.08513864652223489 0.152328007981756 0.091484834663626 0.11967970125427593
0 0.21637572976054734 0.2613328882554162 0.23169112086659066 0.2292182919042189 0.17655690193842646 0.21568708095781072 0.16609080045610033 0.24308881299885973 0.21637572976054734 0.2613328882554162
0 0.6044607890535918 0.9067091379703535 0.6004764275940707 0.8805224503990878 0.5511687286202964 0.8836926556442417 0.5546604036488028 0.9139698643101482 0.6044607890535918 0.9067091379703535
0 0.4617937571265679 0.9685210820980615 0.45774587343215506 0.9520046316989738 0.4111472383124287 0.9599084059293044 0.41221995781071835 0.974616125427594 0.4617937571265679 0.9685210820980615
0 0.22321858380843787 0.9542872782212086 0.2867498015963512 0.966636496009122 0.2956030410490308 0.9210905279361459 0.23063421664766248 0.9130254002280502 0.22321858380843787 0.9542872782212086
0 0.20988912314709238 0.6587865917901938 0.20757323375142533 0.617801054732041 0.14962734207525655 0.6296257730900797 0.15181566932725202 0.6650440592930446 0.20988912314709238 0.6587865917901938
0 0.2786620969213227 0.4325620877993158 0.27864556670467505 0.4077531231470924 0.20080594184720638 0.4036757092360319 0.2013385085518814 0.432053393386545 0.2786620969213227 0.4325620877993158
0 0.5442632668187002 0.7122867605473204 0.4928437309007982 0.7216537981755987 0.5109284891676169 0.7717563078677309 0.5506754025085518 0.7602047035347776 0.5442632668187002 0.7122867605473204
0 0 0.6290449874572406 0.007463045610034208 0.6328398483466362 0.016028075256556442 0.6198940946408209 0 0.6086297457240593 0 0.6290449874572406