0 0.07481250057012542 0.29334531242873435 0.10944843785632838 0.27397187457240596 0.09005312542759407 0.23937968757126568 0.049875 0.260135937286203 0.07481250057012542 0.29334531242873435
0 0.25353281299885977 0.13698593728620298 0.2687734378563284 0.18126562485746864 0.3228046875712657 0.15497343785632842 0.3047937502850627 0.12038281299885975 0.25353281299885977 0.13698593728620298
0 0.037406249714937286 0.3846687502850627 0.05957343785632839 0.41787812542759406 0.09975 0.3902031254275941 0.07481250057012542 0.3569953124287343 0.037406249714937286 0.3846687502850627
0 0.500139062713797 0.5700843751425314 0.4655031254275941 0.5313406248574687 0.44333593728620296 0.5590156248574687 0.46965937514253137 0.5908390627137969 0.500139062713797 0.5700843751425314
0 0.7467437502850627 0.5756187502850627 0.7162640627137971 0.5991421870011402 0.7605984378563284 0.6420375005701253 0.7883062497149372 0.6143624994298746 0.7467437502850627 0.5756187502850627
0 0.8492656248574687 0.13837031242873432 0.8783593751425314 0.11484687457240593 0.8603484378563284 0.08717343785632839 0.8326406248574686 0.11346250057012543 0.8492656248574687 0.13837031242873432
0 0.3532828129988597 0.8219171870011402 0.33111718700114023 0.799778125427594 0.3020218745724059 0.8219171870011402 0.3144906248574686 0.8399046875712657 0.3532828129988597 0.8219171870011402
0 0.7356609372862029 0.2117062497149373 0.752285937286203 0.24214687457240594 0.7758375005701255 0.22139218700114024 0.7592125005701253 0.19095 0.7356609372862029 0.2117062497149373
0 0.8963703124287343 0.5977578129988598 0.9074531254275942 0.6157453124287343 0.9573296875712657 0.6019093751425313 0.9573296875712657 0.586689062713797 0.8963703124287343 0.5977578129988598
0 0.5389296875712657 0.7264421870011403 0.550014062713797 0.719525 0.5320031254275941 0.6835484378563285 0.5126078129988597 0.6973843751425314 0.5389296875712657 0.7264421870011403
0 0.5250765621436716 0.7430468745724059 0.5375453124287343 0.7305937502850628 0.5029093751425313 0.69185 0.491825 0.701535937286203 0.5250765621436716 0.7430468745724059
0 0.5306187502850627 0.765185937286203 0.491825 0.7070703124287344 0.47935624971493723 0.719525 0.5209203124287343 0.7748718745724059 0.5306187502850627 0.765185937286203