0 0.07748437514253136 0.3988015621436716 0.06620312542759407 0.369560937286203 0.029390624857468642 0.38201718700114023 0.03889062485746864 0.415235937286203 0.07748437514253136 0.3988015621436716
0 0.2419546875712657 0.28236406271379705 0.18139218700114026 0.30965 0.2045484378563284 0.34286875028506275 0.255610937286203 0.31617500000000004 0.2419546875712657 0.28236406271379705
0 0.37050312542759406 0.26448437514253137 0.4046437502850627 0.24855312542759406 0.3856437502850627 0.19694687457240592 0.35001718700114026 0.20703124971493728 0.37050312542759406 0.26448437514253137
0 0.5085500000000001 0.15507343785632838 0.548925 0.13881562485746865 0.5311125005701254 0.08958124971493728 0.491925 0.103225 0.5085500000000001 0.15507343785632838
0 0.5275500000000001 0.03145156214367161 0.5450656248574687 0.06612031242873431 0.5726765621436716 0.04924687457240593 0.5613937502850627 0.018993750285062713 0.5275500000000001 0.03145156214367161
0 0.5878171870011403 0.04922031242873432 0.5982062497149373 0.06822812542759407 0.624925 0.051618750285062714 0.6106765621436716 0.03500937514253136 0.5878171870011403 0.04922031242873432
0 0.6038484378563284 0.07679531242873433 0.6124562497149373 0.08839531242873432 0.6439265621436716 0.07653124971493729 0.6373937502850627 0.05992343785632839 0.6038484378563284 0.07679531242873433
0 0.7383328129988598 0 0.7178484378563285 0.01630781299885975 0.740114062713797 0.04924687457240593 0.8291765621436716 0 0.7383328129988598 0
0 0.6483796875712657 0.27782656214367163 0.6540203124287344 0.31202187457240593 0.7128015621436716 0.29126093728620295 0.7044890627137971 0.26100937514253136 0.6483796875712657 0.27782656214367163
0 0.8318484378563283 0.26359531242873435 0.8458015621436716 0.2977875005701254 0.9045828129988597 0.2705 0.8861765621436716 0.2384687502850627 0.8318484378563283 0.26359531242873435
0 0.806614062713797 0.5451406248574686 0.8339281254275941 0.523785937286203 0.7953328129988598 0.4876031254275941 0.7668328129988597 0.5101437502850628 0.806614062713797 0.5451406248574686
0 0.882614062713797 0.7729203124287344 0.8576765621436717 0.8044234378563284 0.926553125427594 0.8524046875712656 0.9467406248574686 0.821560937286203 0.882614062713797 0.7729203124287344
0 0.4580812497149373 0.6388625005701255 0.41414375028506273 0.6131765621436717 0.38505 0.662589062713797 0.43373750057012544 0.688689062713797 0.4580812497149373 0.6388625005701255
0 0.5127062497149373 0.7628359372862029 0.5168624994298746 0.7705468745724059 0.5388312497149372 0.7397031254275941 0.4996437502850627 0.7153828129988598 0.46936250057012546 0.7617265621436715 0.4996437502850627 0.7812234378563284 0.5127062497149373 0.7628359372862029
0 0.6572859372862029 0.07679531242873433 0.6825203124287343 0.103225 0.7151765621436715 0.08246406271379704 0.6955828129988597 0.051618750285062714 0.6572859372862029 0.07679531242873433
0 0.54655 0.688689062713797 0.5664406248574686 0.712803125427594 0.5993937502850627 0.6922484378563285 0.5821765621436716 0.6631812497149373 0.54655 0.688689062713797
0 0.5913796875712657 0.7741812497149373 0.5821765621436716 0.7847828129988598 0.6302687502850627 0.8185937502850626 0.6373937502850627 0.8096968745724059 0.5913796875712657 0.7741812497149373
0 0.5949406248574687 0.7635062497149372 0.6362062497149373 0.7966468745724059 0.6516453124287342 0.7859703124287344 0.6059249999999999 0.7527515621436717 0.5949406248574687 0.7635062497149372
0 0.8701453124287343 0.9423 0.9016140627137971 0.963328125427594 0.9271453124287343 0.9295187502850627 0.8986453124287344 0.9075703124287343 0.8701453124287343 0.9423
0 0.685785937286203 0.7394890627137971 0.7021140627137971 0.7207203124287344 0.6712374994298747 0.6898749999999999 0.6486765621436716 0.7124156248574687 0.685785937286203 0.7394890627137971
0 0.520128125427594 0.6709968745724059 0.5459562497149373 0.6418281254275942 0.5263625005701255 0.628185937286203 0.4996437502850627 0.6608093751425314 0.520128125427594 0.6709968745724059
0 0.42750312542759406 0.8586843751425314 0.44976875028506275 0.8233406248574687 0.4212687502850627 0.803171874572406 0.3963296875712657 0.8357968745724059 0.42750312542759406 0.8586843751425314
0 0.36604843785632835 0.783596874572406 0.34111093728620295 0.822214062713797 0.3927687502850627 0.8387625005701254 0.41355000000000003 0.8073234378563284 0.36604843785632835 0.783596874572406
0 0.4568937502850627 0.8387625005701254 0.44353437514253136 0.8702484378563284 0.4646124994298746 0.8850296875712657 0.4865812497149373 0.8518124994298746 0.4568937502850627 0.8387625005701254