0 0.831611385404789 0.8421554036488027 0.8008706590649943 0.8597101619156214 0.8333129099201825 0.9146937947548461 0.8631444754846066 0.8973120182440136 0.831611385404789 0.8421554036488027
0 0.6650604378563284 0.9609619384264537 0.6872146966932725 0.9938633215507411 0.7270863888255417 0.9741288996579248 0.7084063876852909 0.9355791368301025 0.6650604378563284 0.9609619384264537
0 0.6352959327251996 0.7493578871151654 0.6524368608893957 0.7782492576966933 0.7034133591790194 0.7542116191562144 0.684327267958951 0.7203035017103764 0.6352959327251996 0.7493578871151654
0 0.6188209076396807 0.7264802508551882 0.663188716077537 0.7166676316989737 0.6614202588369441 0.702818614595211 0.6207549464082098 0.7111686727480045 0.6188209076396807 0.7264802508551882
0 0.6247812474344355 0.678772874572406 0.6233855290763968 0.6947259988597492 0.6509373717217788 0.6897944709236031 0.6504755074116306 0.6780423090079818 0.6247812474344355 0.678772874572406
0 0.5909569076396808 0.6906983945267958 0.6558626989737742 0.6505290125427594 0.6462483329532497 0.6377784834663626 0.5837616738882554 0.677565062713797 0.5909569076396808 0.6906983945267958
0 0.9154283249714937 0.5517680193842646 0.9701450444697833 0.5190420513112884 0.9508966259977195 0.4869893454960091 0.8985458688711516 0.5199223090079818 0.9154283249714937 0.5517680193842646
0 0.9301442052451538 0.36310925199543903 0.9622475153933866 0.350435574686431 0.9311295632839225 0.29055184150513114 0.9010305210946408 0.3075667206385405 0.9301442052451538 0.36310925199543903
0 0.9109443067274801 0.22150169897377422 0.9363602234891676 0.26480976738882556 0.983041606613455 0.2456021014823261 0.9630381482326112 0.1915232109464082 0.9109443067274801 0.22150169897377422
0 0.7052758449258837 0.5149227548460662 0.6744043363740022 0.47947222462941846 0.653948473204105 0.5020957810718358 0.6732219099201825 0.5372687913340936 0.7052758449258837 0.5149227548460662
0 0.818388913340935 0.7344133101482326 0.8294035895096921 0.7175152508551882 0.7818004515393386 0.6655263432155074 0.7679296795895098 0.677600873432155 0.818388913340935 0.7344133101482326
0 0.4552591539338654 0.886039889395667 0.4671801641961231 0.9132825404789054 0.49137087571265675 0.8990633534777651 0.4816009749144812 0.8710772303306729 0.4552591539338654 0.886039889395667
0 0.34489220410490307 0.7918310330672749 0.3521618517673888 0.8109263500570125 0.40323309464082097 0.7824174538198404 0.3933336077537058 0.7627250342075257 0.34489220410490307 0.7918310330672749
0 0.7005576123147091 0.42578954161915616 0.7067249749144813 0.43704646180159634 0.7390066624857469 0.4189097297605473 0.7319933261117446 0.40710355074116306 0.7005576123147091 0.42578954161915616
0 0.686550354618016 0.40193733865450404 0.6961648574686431 0.4146863124287343 0.7238548460661345 0.39793905017103764 0.7151335336374002 0.38181131698973775 0.686550354618016 0.40193733865450404
0 0.7493594640820981 0.6241712428734322 0.7506396567844925 0.6367886453819841 0.7860228152793615 0.6275012109464082 0.7830804424173318 0.6134271482326111 0.7493594640820981 0.6241712428734322
0 0.44266166818700114 0.35559061345496007 0.4138671448118586 0.3304446921322691 0.38399918015963513 0.3516487787913341 0.40404750513112886 0.3813889635119726 0.44266166818700114 0.35559061345496007
0 0.4508345530216648 0.30986172748004565 0.4239757890535918 0.3307330672748005 0.4361304675028506 0.34508609578107186 0.46337600228050174 0.3300127172177879 0.4508345530216648 0.30986172748004565
0 0.15199322006841506 0.646340141391106 0.18329202964652222 0.6496744515393387 0.18939936830102624 0.6003048118586088 0.1600932497149373 0.5946494070695553 0.15199322006841506 0.646340141391106
0 0.7452828050171038 0.5958299680729761 0.748130748004561 0.6109654640820982 0.7645811676168758 0.6068742702394527 0.7650604663625998 0.5945833340935005 0.7452828050171038 0.5958299680729761
0 0.42718098061573545 0.5257231630558723 0.4145741984036488 0.5335510729760548 0.4394292291904219 0.5730692725199544 0.45128762029646524 0.5635587970353477 0.42718098061573545 0.5257231630558723
0 0.7623769395667046 0.20969263740022803 0.7633986602052452 0.22526437970353477 0.7994252337514253 0.2188235416191562 0.7989748084378564 0.20694063055872292 0.7623769395667046 0.20969263740022803
0 0.7605339338654503 0.1898831904218928 0.7593965518814139 0.20288353135689852 0.7760555598631699 0.1998144047890536 0.7725188563283923 0.18914524971493726 0.7605339338654503 0.1898831904218928
0 0.6896265245153934 0.2509637571265678 0.6928896054732041 0.2613721356898518 0.7078228928164196 0.2643851231470924 0.7087609464082097 0.2502568677309008 0.6896265245153934 0.2509637571265678
0 0.6892768563283923 0.2277104207525656 0.6849249703534778 0.24340805017103764 0.7042841870011403 0.243538 0.7051969110604333 0.22969926339794755 0.6892768563283923 0.2277104207525656
0 0.7100200330672749 0.256320929304447 0.7135096567844926 0.2709165484606614 0.7334768038768529 0.267522007981756 0.7287698221208666 0.2531978848346636 0.7100200330672749 0.256320929304447
0 0.8987907457240593 0.3740604789053592 0.8838377366020524 0.34059865450399085 0.8436575974914481 0.3468094218928164 0.8496893204104904 0.38346052679589504 0.8987907457240593 0.3740604789053592