0 0 0.3600703124287343 0.026421874572405926 0.3660015621436716 0.04007812542759407 0.31736093728620296 0 0.3155812497149373 0 0.3600703124287343
0 0.9360531254275941 0.6425312497149372 0.9241765621436716 0.6815703124287343 0.9954281254275941 0.7035187502850627 0.998753125427594 0.6661484378563284 0.9360531254275941 0.6425312497149372
0 0.7537703124287343 0.43836875028506267 0.7864265621436716 0.44861562485746864 0.799489062713797 0.4110828129988598 0.7680203124287343 0.39981249942987457 0.7537703124287343 0.43836875028506267
0 0.7234890627137971 0.5077703124287344 0.7641609372862029 0.5224453124287343 0.7680203124287343 0.4947203124287343 0.7383328129988598 0.482264062713797 0.7234890627137971 0.5077703124287344
0 0.8030531254275941 0.389135937286203 0.8202703124287344 0.355325 0.7810828129988597 0.34286875028506275 0.7703953124287344 0.3784578129988598 0.8030531254275941 0.389135937286203
0 0.2591734378563284 0.14617812542759406 0.24789218700114024 0.16906718700114023 0.31439218700114024 0.19398124971493727 0.32448593728620295 0.17321875028506273 0.2591734378563284 0.14617812542759406
0 0.023156249714937287 0.9360734378563285 0.033546874572405926 0.9496859372862029 0.0929234378563284 0.906978125427594 0.08460937514253135 0.8927406248574686 0.023156249714937287 0.9360734378563285
0 0.10242343785632839 0.876475 0.13686093728620297 0.9194343751425313 0.17070468757126567 0.904010937286203 0.14220468757126567 0.8577437502850627 0.10242343785632839 0.876475
0 0 0.4543843751425313 0.029390624857468642 0.46640624971493727 0.03414062485746864 0.4443015621436716 0 0.4407421870011402 0 0.4543843751425313
0 0.03473437514253135 0.4343828129988598 0.04007812542759407 0.41582812542759406 0.0008906248574686432 0.4110828129988598 0 0.4270984378563284 0.03473437514253135 0.4343828129988598
0 0.039187500570125426 0.40325000000000005 0.04304687457240593 0.3855765621436716 0 0.3873562497149373 0.002671874572405929 0.4009984378563284 0.039187500570125426 0.40325000000000005
0 0.2496734378563284 0.44726718700114027 0.2636265621436716 0.48597500000000005 0.31201718700114023 0.45201250057012543 0.2948 0.422946874572406 0.2496734378563284 0.44726718700114027
0 0.1522984378563284 0.9494156248574687 0.20751718700114025 0.9318906248574685 0.20276718700114024 0.9004515621436716 0.14576718700114025 0.90935 0.1522984378563284 0.9494156248574687
0 0.5043937502850627 0.5736125005701254 0.5308156248574687 0.5856015621436717 0.5447687502850628 0.5504796875712656 0.5162687502850627 0.5427687502850627 0.5043937502850627 0.5736125005701254
0 0.6065203124287344 0.4876031254275941 0.5756453124287343 0.5759843751425314 0.6866765621436716 0.6139484378563284 0.713989062713797 0.5196343751425314 0.6065203124287344 0.4876031254275941
0 0.6504578129988597 0.39328750057012546 0.6724265621436716 0.36837499999999995 0.6439265621436716 0.34464687457240595 0.6201765621436717 0.37134062485746866 0.6504578129988597 0.39328750057012546
0 0.008906249714937286 0.5891593751425314 0.03889062485746864 0.5860703124287343 0.03295312542759407 0.5451406248574686 0.008609375142531357 0.5540390627137971 0.008906249714937286 0.5891593751425314