0 0.8389774903078678 0.9185891014823261 0.869723070695553 0.9384490228050172 0.9036111334093501 0.9003940296465223 0.8707813409350057 0.8778207571265678 0.8389774903078678 0.9185891014823261
0 0.662098566704675 0.19575454618015964 0.6980139806157355 0.20530156100342073 0.7067428050171037 0.18107521094640822 0.6725197366020524 0.1703700558722919 0.662098566704675 0.19575454618015964
0 0.7235124389965792 0.19415268529076396 0.7451183397947548 0.19185441049030785 0.728278740022805 0.13685683010262256 0.7168856316989738 0.1437934241733181 0.7235124389965792 0.19415268529076396
0 0.08058768415051311 0.38092617331812995 0.15269622690992019 0.3474029714937287 0.12986558722919042 0.29586854846066135 0.05864399087799316 0.3314903614595211 0.08058768415051311 0.38092617331812995
0 0.06271198175598632 0.844392598631699 0.0941930992018244 0.8440482189281642 0.09499198289623717 0.7982801904218928 0.05889768871151653 0.7928931870011403 0.06271198175598632 0.844392598631699
0 0.09223156898517673 0.7842595667046751 0.11010994070695553 0.7818946636259978 0.1015234047890536 0.7300165940706955 0.08436440364880274 0.7273385963511972 0.09223156898517673 0.7842595667046751
0 0 0.7978454082098061 0.030312198403648804 0.7650431847206385 0.00645366818700114 0.7384649350057012 0 0.743659740022805 0 0.7978454082098061
0 0.2731499304446978 0.8899831299885975 0.315178401368301 0.9293648129988598 0.3405539874572406 0.9030521083238313 0.29853746750285065 0.8630752291904219 0.2731499304446978 0.8899831299885975
0 0.5982867662485747 0.6914179327251995 0.6191080752565564 0.7152677582668187 0.6455776088939567 0.6943249635119727 0.6205717023945269 0.6653481995438996 0.5982867662485747 0.6914179327251995
0 0.6714909122006841 0.5241309794754846 0.6895936259977195 0.5517980034207526 0.7208492542759407 0.5285602633979476 0.6952408597491447 0.500168385404789 0.6714909122006841 0.5241309794754846
0 0.7849334082098062 0.3450601128848347 0.8090132839224629 0.3719391459521095 0.8265753740022805 0.3514347115165336 0.8050867958950969 0.3248978301026226 0.7849334082098062 0.3450601128848347
0 0.7317220307867731 0.5902891083238312 0.7537323238312429 0.6159443363740023 0.7723572474344356 0.6025923523375142 0.7526999532497148 0.5731151083238313 0.7317220307867731 0.5902891083238312
0 0.6864085416191562 0.8927380935005701 0.7122532269099202 0.9190525279361459 0.7370471049030787 0.8921342656784492 0.7131766237172178 0.866151212086659 0.6864085416191562 0.8927380935005701
0 0.1744633740022805 0.864178755986317 0.2016341527936146 0.8405743568985177 0.17779484036488027 0.8128056362599773 0.15003576168757127 0.8396737035347777 0.1744633740022805 0.864178755986317
0 0.8630947457240592 0.8110920706955531 0.8709947126567844 0.7975544446978335 0.8523898631698974 0.7758248734321551 0.8385110923603193 0.7892597012542759 0.8630947457240592 0.8110920706955531
0 0.8454945895096921 0.831002 0.8606021562143672 0.8152116955530216 0.8360861493728621 0.7921897012542759 0.8215618791334094 0.8085840273660205 0.8454945895096921 0.831002
0 0.7325420273660205 0.7981116351197263 0.7403205564424173 0.8065721140250856 0.7622514572405928 0.773657661345496 0.7456861163055872 0.7709900239452679 0.7325420273660205 0.7981116351197263
0 0.7591513158494869 0.9047094538198404 0.7734756704675029 0.9123918677309009 0.788321582668187 0.877570661345496 0.7742019635119727 0.8707825803876853 0.7591513158494869 0.9047094538198404
0 0.08513771037628279 0.579002937286203 0.10921458836944127 0.561289189281642 0.09009911288483466 0.5347921664766249 0.06906119954389965 0.5504789555302166 0.08513771037628279 0.579002937286203