0 0.6806742348916762 0.36639622576966935 0.6884174868871151 0.4056449441277081 0.7410538540478905 0.39594993956670466 0.7336085553021664 0.3591337890535918 0.6806742348916762 0.36639622576966935
0 0.7246706123147092 0.03730661345496009 0.7393307810718358 0.07381379589509693 0.7731085803876853 0.06180482326111744 0.7598920980615737 0.028155824401368303 0.7246706123147092 0.03730661345496009
0 0.9096665849486887 0.07019396351197263 0.8989726282782212 0.04523276624857469 0.8511271083238313 0.04026955644241733 0.8635955883694413 0.08488255758266819 0.9096665849486887 0.07019396351197263
0 0.5575695096921323 0.03892920638540479 0.5711543432155074 0.08906630900798176 0.6509615427594071 0.07732358038768529 0.6334290205245153 0.022797663625997718 0.5575695096921323 0.03892920638540479
0 0.48209479361459523 0.010514667046750286 0.40214287457240594 0.023436043329532495 0.4150747274800456 0.07887842303306727 0.49304159407069553 0.06750794070695554 0.48209479361459523 0.010514667046750286
0 0.24928635005701255 0.10878589167616876 0.26406182782212084 0.1638548574686431 0.3459368848346636 0.15475886773090078 0.3380073238312428 0.09753942873432155 0.24928635005701255 0.10878589167616876
0 0.8914952189281642 0.6956587388825541 0.8795955530216648 0.641541086659065 0.8435949213226911 0.647293465222349 0.8565051220068415 0.6980529897377422 0.8914952189281642 0.6956587388825541
0 0.9138160171037628 0.8013196647662486 0.9431996157354617 0.8007384800456101 0.9400879646522234 0.7578725610034207 0.9002603968072976 0.7655478882554162 0.9138160171037628 0.8013196647662486
0 0.9170398825541619 0.9650722041049031 0.9104853432155073 0.9307582611174459 0.8564414424173319 0.9372878244013684 0.8609490136830102 0.9785289395667047 0.9170398825541619 0.9650722041049031
0 0.7668467468643101 0.7802830627137971 0.7654084503990878 0.7627521060433294 0.7104354846066134 0.7817331311288483 0.7155491698973774 0.8009857765108324 0.7668467468643101 0.7802830627137971
0 0.7244531163055872 0.9647619692132269 0.7296446282782212 0.9809575621436717 0.7821447890535917 0.977231070695553 0.7799607263397949 0.9560554994298747 0.7244531163055872 0.9647619692132269
0 0.6428274469783353 0.8841304743443558 0.6510878540478906 0.9240393272519954 0.6834799908779932 0.9184436647662486 0.678159921322691 0.8789477890535918 0.6428274469783353 0.8841304743443558
0 0.32578124515393386 0.5771304937286202 0.34734768757126566 0.6402149418472064 0.432532716077537 0.6285343192702395 0.4164285131128848 0.5623628540478905 0.32578124515393386 0.5771304937286202
0 0.20335638084378563 0.599796794754846 0.2154110205245154 0.6575243033067275 0.28402105929304444 0.6444067366020525 0.2696722314709236 0.5883118072976055 0.20335638084378563 0.599796794754846
0 0.1653378015963512 0.7632726442417332 0.12397133637400229 0.773750062713797 0.13638777537058153 0.8285309498289624 0.1818797023945268 0.8185585005701255 0.1653378015963512 0.7632726442417332
0 0.042861280501710376 0.6596743044469783 0.04824897605473204 0.6986322234891676 0.12040366248574687 0.6907371311288484 0.11316034663625998 0.6498527730900798 0.042861280501710376 0.6596743044469783
0 0.012350880273660204 0.7863738597491448 0.025675677309007983 0.8532320319270239 0.05835725313568985 0.8452790718358039 0.04441576396807297 0.7858794629418472 0.012350880273660204 0.7863738597491448
0 0.02489433181299886 0.27690186887115165 0.032887665906499434 0.33652512200684154 0.08306687457240593 0.3249179737742303 0.07280925997719498 0.26961976396807297 0.02489433181299886 0.27690186887115165
0 0.21149703648802737 0.275279362599772 0.22713889395667045 0.3573835553021665 0.2640908403648803 0.3487553637400228 0.24776757582668188 0.2697647742303307 0.21149703648802737 0.275279362599772
0 0.15373087343215508 0.29750825313568985 0.16394673204104904 0.35560819726339793 0.2014982565564424 0.35184087115165336 0.19158073432155073 0.2888879874572406 0.15373087343215508 0.29750825313568985
0 0.14125387913340934 0.2481053865450399 0.15090846408209807 0.2863907947548461 0.17541379019384265 0.27683256100342074 0.1637403135689852 0.23791200114025085 0.14125387913340934 0.2481053865450399
0 0.19558586659064994 0.20511257810718359 0.18582641847206388 0.153052338654504 0.13134835803876851 0.1631178472063854 0.14314609464082098 0.2156424526795895 0.19558586659064994 0.20511257810718359
0 0.05557355986316989 0.166379409350057 0.03850180501710376 0.1660778882554162 0.028308005701254278 0.24909972177879133 0.07384183580387685 0.2368371835803877 0.05557355986316989 0.166379409350057
0 0.354814661345496 0.44785675256556445 0.35875361459521093 0.4644967605473204 0.41058338882554163 0.4564989179019385 0.405663251995439 0.43810595667046753 0.354814661345496 0.44785675256556445
0 0.5117892793614596 0.8405171014823262 0.5148804230330672 0.8738060102622577 0.5330930855188141 0.8692132177879133 0.525324779931585 0.8326045610034207 0.5117892793614596 0.8405171014823262