0 0.9484620627137971 0.8883576123147092 0.9541177776510833 0.8555161938426453 0.9161968711516533 0.8438637023945269 0.9088003523375143 0.8807186727480045 0.9484620627137971 0.8883576123147092
0 0.9698757913340934 0.7707765096921323 0.9812920877993159 0.7356628882554161 0.9510505974914482 0.7316274367160776 0.9344732063854048 0.7621252383124287 0.9698757913340934 0.7707765096921323
0 0.9872677776510832 0.6514585929304447 0.9748464743443557 0.6503718700114025 0.9616212884834663 0.7061612018244013 0.9805825199543899 0.7119875153933866 0.9872677776510832 0.6514585929304447
0 0.7447899258836943 0.46634270923603194 0.7706249965792474 0.5366635381984036 0.8574134298745725 0.4984196191562144 0.8299579395667047 0.43073634663626 0.7447899258836943 0.46634270923603194
0 0.6237653546180161 0.14878946180159636 0.6477915359179018 0.23978600114025087 0.6943011539338655 0.2327424652223489 0.6785032713797036 0.12718735803876852 0.6237653546180161 0.14878946180159636
0 0.052771913340935006 0.1738381721778791 0.02782510832383124 0.17443336716077537 0.022639342075256558 0.23370695210946407 0.05610832725199544 0.2310780250855188 0.052771913340935006 0.1738381721778791
0 0.017694887115165335 0.2902223215507412 0.008529507411630558 0.3949830900798176 0.09097230672748005 0.37302866020524517 0.07331154618015963 0.27286451881413915 0.017694887115165335 0.2902223215507412
0 0.6614181003420753 0.6562851014823261 0.6695659087799316 0.6903341710376282 0.7026352565564424 0.677948913340935 0.6903470148232612 0.6435376020524516 0.6614181003420753 0.6562851014823261
0 0.5903071904218927 0.658396976054732 0.6067343101482326 0.6931703922462942 0.6485685712656785 0.6759948802736603 0.6361596727480046 0.6429626761687571 0.5903071904218927 0.658396976054732
0 0.6809806237172178 0.7982835598631699 0.6903870182440137 0.8338308358038768 0.7452454549600913 0.8108511824401369 0.7304386191562143 0.7734417639680731 0.6809806237172178 0.7982835598631699
0 0.7541431322690991 0.9158025997719498 0.7836083876852907 0.9128265290763968 0.7670607480045609 0.8794306636259976 0.74977534663626 0.8862532291904219 0.7541431322690991 0.9158025997719498
0 0.6404201687571266 0.9280783283922464 0.6181501482326112 0.944187732041049 0.6236574207525655 0.9766145541619156 0.6563664925883694 0.9683651961231471 0.6404201687571266 0.9280783283922464
0 0.6213939635119726 0.9389144458380844 0.5895290763968074 0.9375147229190423 0.5809944914481185 0.9714939372862029 0.6163953831242873 0.980146629418472 0.6213939635119726 0.9389144458380844
0 0.5665356875712656 0.8188293968072976 0.5671788608893956 0.8591655074116306 0.6282138380843786 0.8450610718358039 0.6186869236031927 0.810891345496009 0.5665356875712656 0.8188293968072976
0 0 0.9368603466362599 0.07039143329532496 0.9421004093500569 0.07869866704675028 0.8789340649942987 0 0.8829441687571266 0 0.9368603466362599
0 0.014634685290763968 0.9594459555302167 0.07836303762827822 0.9622437069555303 0.07615215051311289 0.9398266488027366 0.024724579247434434 0.9394931721778792 0.014634685290763968 0.9594459555302167
0 0.35109693500570127 0.8333171778791334 0.29197910034207525 0.8573122782212087 0.30702711402508553 0.8919650376282782 0.3591243591790194 0.8687422417331813 0.35109693500570127 0.8333171778791334
0 0.42640270353477766 0.7037844720638541 0.42939124515393384 0.7332147434435575 0.4707430182440137 0.7215541037628278 0.45959426339794757 0.6900202428734321 0.42640270353477766 0.7037844720638541
0 0.6618962622576967 0.9630660456100342 0.7075792257696693 0.9450336465222349 0.6809120649942988 0.8819647673888256 0.6400474811858609 0.8959987742303307 0.6618962622576967 0.9630660456100342
0 0.6784825233751426 0.4464833797035348 0.692354221208666 0.47866170125427593 0.7374991368301026 0.45998464310148235 0.7229589304446978 0.4183981938426454 0.6784825233751426 0.4464833797035348