0 0.7223597183580387 1 0.71809982668187 0.985512197263398 0.6868248905359179 0.9895755644241733 0.6888207388825541 1 0.7223597183580387 1
0 0.6503321949828962 1 0.6496553819840364 0.9891122759407069 0.5837927628278221 0.9881429099201824 0.5871042474344357 1 0.6503321949828962 1
0 0.38344906727480044 0.7902945621436717 0.37979579589509693 0.8352277217787913 0.4494848551881414 0.8426504606613455 0.45752029874572403 0.801311685290764 0.38344906727480044 0.7902945621436717
0 0.22073387457240592 0.1636160022805017 0.19084774458380843 0.23895069555302167 0.4323955632839225 0.34244638654503995 0.472032606613455 0.2648685427594071 0.22073387457240592 0.1636160022805017
0 0.1033071117445838 0.4366258802736602 0.058830023945267956 0.41276651311288487 0.04865140364880274 0.4433487217787913 0.09561046978335233 0.4587958665906499 0.1033071117445838 0.4366258802736602
0 0.2026594606613455 0.08234277309007983 0.21927069897377421 0.023024058152793615 0.15170228962371723 0.0003268859749144812 0.13638101026225768 0.0660786818700114 0.2026594606613455 0.08234277309007983
0 0.4604364389965792 0.0631386054732041 0.35788951539338654 0.033062904218928164 0.3445910228050171 0.10147771835803877 0.446271748004561 0.12947495210946408 0.4604364389965792 0.0631386054732041
0 0.9504704732041048 0.8007736271379703 0.9593359361459521 0.7551647742303307 0.9296929555302167 0.7595453603192702 0.9297414253135691 0.8006822850627138 0.9504704732041048 0.8007736271379703
0 0.9541455758266818 0.4769153055872292 0.971268488027366 0.4498158677309008 0.9378475735461801 0.43223777194982893 0.9181448871151654 0.45301315051311286 0.9541455758266818 0.4769153055872292
0 1 0.29661475256556447 0.9821674287343215 0.28410560661345496 0.9732561083238312 0.2936493420752565 1 0.31419842645381985 1 0.29661475256556447
0 0.45708429988597493 0.11015022234891675 0.4534282850627138 0.13622226339794755 0.5277781322690992 0.16758829076396808 0.5401231619156215 0.140387834663626 0.45708429988597493 0.11015022234891675