0 0.04455849828962372 0.21072333865450402 0.05838258608893957 0.22702781755986318 0.08774044469783351 0.17824399543899658 0.054353339794754846 0.15517402622576967 0.04455849828962372 0.21072333865450402
0 0.3042072314709236 0.4144703044469783 0.3286040364880274 0.4434914116305587 0.3548571505131129 0.4209896134549601 0.3347568540478905 0.39151869099201825 0.3042072314709236 0.4144703044469783
0 0.561542937286203 0.6425287126567845 0.5952190034207526 0.649670945267959 0.5992517457240593 0.6120972690992018 0.5605141550741163 0.6073769703534778 0.561542937286203 0.6425287126567845
0 0.8283998768529077 0.8131792485746864 0.7758939794754847 0.8274345153933865 0.7682964435575826 0.8875916396807297 0.8226663511972634 0.8920537890535918 0.8283998768529077 0.8131792485746864
0 0.8186023340935006 0.9507253717217788 0.8205616362599772 0.9088671801596351 0.7892234914481185 0.9021340136830103 0.7891184036488027 0.9437162428734321 0.8186023340935006 0.9507253717217788
0 0.0830872748004561 0.24404502166476624 0.05662607981755986 0.29846433409350054 0.08817185974914482 0.3142777548460662 0.11025250855188141 0.2554669897377423 0.0830872748004561 0.24404502166476624
0 0.4946056807297605 0.6156515427594071 0.48302424743443556 0.6540059509692132 0.5164883489167617 0.6716633101482326 0.5290028198403649 0.6289531881413911 0.4946056807297605 0.6156515427594071
0 0.6007255017103763 0.31783422919042187 0.6078034389965793 0.35284519612314713 0.6498757765108324 0.33524293728620297 0.6361880615735461 0.30117667388825536 0.6007255017103763 0.31783422919042187
0 0.8179225518814139 0.6847192212086659 0.850016424173318 0.6734983568985177 0.8333184367160776 0.6349808004561003 0.8025288255416191 0.6524639110604333 0.8179225518814139 0.6847192212086659
0 0.8394988563283923 0.8253857616875712 0.8529309144811859 0.9507477434435576 0.9228246168757126 0.9335309076396807 0.9104914275940708 0.8155960136830103 0.8394988563283923 0.8253857616875712
0 0.9679149441277081 0.6846404948688711 0.9811120319270239 0.6507913363740023 0.9612855667046751 0.6026800900798175 0.9338631037628278 0.6147262371721779 0.9679149441277081 0.6846404948688711