0 0.24155472976054734 0.1350414424173318 0.23645851653363742 0.03779989167616876 0.18281295324971494 0.03555753591790194 0.19011250969213225 0.13952267388825543 0.24155472976054734 0.1350414424173318
0 0.2446219737742303 0.6129139486887115 0.2739595518814139 0.6060269110604333 0.24959475370581527 0.5151447035347776 0.21947691220068416 0.5298035381984036 0.2446219737742303 0.6129139486887115
0 0.3001815952109464 0.5963272006841506 0.3424890581527936 0.5875697468643102 0.323456086659065 0.49640967388825546 0.2771779441277081 0.510429023945268 0.3001815952109464 0.5963272006841506
0 0.01783198859749145 0.4904278551881414 0.018011469783352337 0.5391727662485747 0.038712882554161915 0.5374932862029647 0.03654659749144812 0.4909334766248575 0.01783198859749145 0.4904278551881414
0 0.03810793842645382 0.6053053808437856 0.060617671607753706 0.6041256955530216 0.0523328905359179 0.5593729555302167 0.03387736602052452 0.5585564732041048 0.036308140250855186 0.5596182120866591 0.03810793842645382 0.6053053808437856
0 0.013618140250855188 0.704693598631699 0.03117146180159635 0.6996101482326111 0.02924832725199544 0.6402544526795895 0.006865945267958951 0.6441030045610034 0.013618140250855188 0.704693598631699
0 0.05999636031927024 0.7736107981755986 0.07970242759407069 0.7642541391106044 0.06889461003420752 0.7053640695553022 0.04628408437856328 0.7107109908779932 0.05999636031927024 0.7736107981755986
0 0.018873209806157358 0.7823061847206386 0.03748662713797035 0.7747904834663626 0.029048994298745728 0.7157761984036488 0.01374297149372862 0.7186593283922463 0.018873209806157358 0.7823061847206386
0 0.022729628278221208 0.9468001003420753 0.04444138768529076 0.9415002816419612 0.03147986431014823 0.8981802041049031 0.03070212200684151 0.8946551402508552 0.02027466248574686 0.8999565735461802 0.022729628278221208 0.9468001003420753
0 0.43294738084378565 1 0.431156267958951 0.9759333785632839 0.40941423033067276 0.9770728301026226 0.40944789167616874 1 0.43294738084378565 1
0 0.38523792474344354 0.9159105496009122 0.39823896579247436 0.9146346282782213 0.3941992839224629 0.8375529110604333 0.3773172166476625 0.8405170752565564 0.38523792474344354 0.9159105496009122
0 0.4225284675028506 0.9020649384264539 0.43845999657924745 0.9000408711516533 0.4315493740022805 0.8361884754846066 0.41542001368301024 0.8367364982896237 0.4225284675028506 0.9020649384264539
0 0.4483440216647662 0.8959539190421892 0.4679854994298746 0.8967098118586089 0.4657169817559863 0.8534239019384264 0.44664777194982896 0.854720558722919 0.4483440216647662 0.8959539190421892
0 0.39084916191562147 0.7396237229190421 0.4032277525655644 0.7377858574686431 0.39677820524515395 0.7054212337514253 0.3829479646522235 0.7100122827822122 0.39084916191562147 0.7396237229190421