0 0.9428629988597491 0.08793905473204106 0.9098340102622577 0.014006946408209806 0.8266081767388825 0.011100636259977195 0.8719794173318131 0.11219878221208665 0.9428629988597491 0.08793905473204106
0 1 0.16923662599771952 0.9680864709236032 0.18150289965792474 0.9917122417331813 0.23579800342075258 1 0.23227618700114028 1 0.16923662599771952
0 0.6445149236031927 0.20436496693272518 0.6309240262257697 0.1994345245153934 0.6167802805017103 0.28152216989737744 0.6280230057012542 0.2825088871151653 0.6445149236031927 0.20436496693272518
0 0.5705240091220068 0.22940735233751425 0.5314542862029646 0.15407451083238313 0.5159150421892816 0.1615539418472064 0.5566207514253136 0.23664529418472063 0.5705240091220068 0.22940735233751425
0 0.3228536168757127 0.3927554754846066 0.2964547616875713 0.3612352793614595 0.22798708323831243 0.41825709007981754 0.2555314264538198 0.44535988483466366 0.3228536168757127 0.3927554754846066
0 0.20797324743443557 0.0735642645381984 0.24348912542759407 0.059357597491448116 0.21516237742303307 0.0037101094640820983 0.1855326921322691 0.019310551881413913 0.20797324743443557 0.0735642645381984
0 0.03667841505131129 0.6100113888255416 0.0032339977194982892 0.6165653751425314 0.019436038768529076 0.6795144766248575 0.055377971493728625 0.670075582668187 0.03667841505131129 0.6100113888255416
0 0.040107768529076396 0.49546598061573544 0.02402727251995439 0.4625253375142532 0.0014579657924743445 0.48520462143671605 0.00006962029646522235 0.524961637400228 0.040107768529076396 0.49546598061573544
0 0.39937542189281644 0.5718804789053592 0.3766209407069555 0.5981164025085519 0.41288181299885973 0.6475072896237172 0.4382425484606613 0.618093197263398 0.39937542189281644 0.5718804789053592
0 0.46876621550741165 0.725802197263398 0.4391853842645382 0.7440778483466363 0.46286169669327254 0.7799572474344356 0.4906490513112885 0.7660748050171038 0.46876621550741165 0.725802197263398
0 0.4915998437856328 0.8620586453819841 0.45404052223489166 0.8455971904218929 0.4392462907639681 0.8783492690992019 0.47078137856328395 0.8931166351197263 0.4915998437856328 0.8620586453819841
0 0.32977875142531354 0.6532183249714938 0.2822142120866591 0.6500736191562143 0.281127590649943 0.6981587377423033 0.3350743956670468 0.7000426020524515 0.32977875142531354 0.6532183249714938
0 0.1742986237172178 0.7829508643101483 0.1439769566704675 0.7504040763968073 0.10972320410490308 0.7795076180159636 0.1342607229190422 0.8076936339794755 0.1742986237172178 0.7829508643101483
0 0.4454468072976055 0.5137795153933865 0.5019423648802737 0.44267661801596353 0.4754604697833523 0.4191755963511973 0.4174572497149373 0.48250239110604337 0.4454468072976055 0.5137795153933865
0 0.455921669327252 0.5328598312428734 0.41359675712656785 0.47405001254275936 0.36785005815279365 0.5092874412770809 0.4192763135689852 0.5663372576966933 0.455921669327252 0.5328598312428734
0 0.8900222485746865 0.667437015963512 0.9170425404789053 0.6573879509692132 0.9046312371721779 0.6219019361459521 0.8740027765108325 0.6321220570125428 0.8900222485746865 0.667437015963512
0 0.8988671778791334 0.5319897514253136 0.8650278574686431 0.5492255245153934 0.8822851904218928 0.5819102086659065 0.9136105929304447 0.5687454298745724 0.8988671778791334 0.5319897514253136
0 0.11085343557582668 0.4994217537058153 0.14128475940706955 0.5215754116305586 0.17589234093500572 0.48238432497149375 0.1492845541619156 0.46244357924743446 0.11085343557582668 0.4994217537058153
0 0.34960580501710375 0.9266111984036488 0.3375478084378563 0.9181680501710376 0.3049184549600912 0.9687179076396807 0.3206963865450399 0.9758041151653364 0.34960580501710375 0.9266111984036488