0 1 0.7957786100342075 0.9922828437856328 0.793511 0.9880444538198404 0.8095049908779932 1 0.8116926237172177 1 0.7957786100342075
0 1 0.8261302006841504 0.9890618084378563 0.8240538392246294 0.9900306602052451 0.8379090684150514 1 0.8389463979475484 1 0.8261302006841504
0 0.9248426499429875 0.7824102246294184 0.9332122405929305 0.7063081984036488 0.8497915917901939 0.7050054047890536 0.8410113740022804 0.7751904116305587 0.9248426499429875 0.7824102246294184
0 1 0.7250903808437856 0.993724149372862 0.7247492086659065 0.9911100649942988 0.7426924549600912 1 0.7434295404789053 1 0.7250903808437856
0 0.9093893397947548 0.9529583261117446 0.8578719201824401 0.9482358095781072 0.8526677559863169 0.9759538529076397 0.9077957354618016 0.9727050935005701 0.9093893397947548 0.9529583261117446
0 0.7797139418472063 0.937052779931585 0.773588488027366 0.9728751448118585 0.8146774868871152 0.9774199920182439 0.8187101505131128 0.9414604663625998 0.7797139418472063 0.937052779931585
0 0.7954071733181299 0.8295180011402509 0.754633945267959 0.8252330102622576 0.754211834663626 0.8787788278221209 0.790412086659065 0.885761259977195 0.7954071733181299 0.8295180011402509
0 0.5747198905359179 0.7335410729760548 0.5753465689851768 0.7212236031927024 0.5254819156214368 0.7146014800456101 0.5229211425313569 0.7290512462941847 0.5747198905359179 0.7335410729760548
0 0.5876730421892817 0.684684118586089 0.5201618643101482 0.6810799931584949 0.5175183648802737 0.6943467115165336 0.5892998129988597 0.6994362645381984 0.5876730421892817 0.684684118586089
0 0.28224726567844927 0.7004905473204105 0.29397840706955536 0.6469480478905358 0.23996762713797035 0.6406158494868871 0.23268616191562144 0.6982093865450398 0.28224726567844927 0.7004905473204105
0 0.4977774424173318 0.19498860775370583 0.5167221288483467 0.12118418472063855 0.4675740330672748 0.11629755416191562 0.44881881984036487 0.18004394754846065 0.4977774424173318 0.19498860775370583
0 0.09134539110604334 0.31971087913340934 0.10012135689851769 0.28351208323831245 0.031660108323831246 0.2662988928164196 0.024197657924743442 0.30428071835803877 0.09134539110604334 0.31971087913340934
0 0.32915268529076397 0.17111186316989738 0.3322000980615736 0.14657545496009122 0.29363063055872296 0.1397586944127708 0.2885220832383124 0.1603323534777651 0.32915268529076397 0.17111186316989738
0 0.10054448004561004 0.11932793500570126 0.09746078563283922 0.09223015963511973 0.0648825267958951 0.09450825313568985 0.06290105929304447 0.11724247776510832 0.10054448004561004 0.11932793500570126
0 0.1324817810718358 0.8696857491448118 0.13765110262257696 0.8202124526795895 0.0932283283922463 0.8233187958950968 0.09144062599771949 0.8573357377423032 0.1324817810718358 0.8696857491448118
0 0.5347411311288484 0 0.5286960843785633 0.011531816419612314 0.5656127844925883 0.02024818244013683 0.5715715724059293 0 0.5347411311288484 0