0 0.6238773204104903 0.5712228928164196 0.5767001995438996 0.5624460889395667 0.5517488802736602 0.6310858643101482 0.6030128164196122 0.641789282782212 0.6238773204104903 0.5712228928164196
0 0.4760337103762828 0.5387309327251996 0.43905915165336373 0.5267457377423033 0.410597661345496 0.6279406545039908 0.44714349600912195 0.6312946909920183 0.4760337103762828 0.5387309327251996
0 0.4054022383124287 0.504776496009122 0.36926062713797037 0.502920290763968 0.36560545952109463 0.5396275883694412 0.39869097263397946 0.5404859030786774 0.4054022383124287 0.504776496009122
0 0.41802012656784493 0.4493706009122007 0.38564293728620297 0.4417047343215507 0.3775768928164196 0.46875220980615734 0.413436606613455 0.47505440935005705 0.41802012656784493 0.4493706009122007
0 0.5710586259977195 0.2140979338654504 0.5336281904218928 0.21516728164196122 0.5227681858608894 0.2712286750285063 0.5638351927023946 0.271771598631699 0.5710586259977195 0.2140979338654504
0 0.5428124754846066 0.6830572098061574 0.49038399315849485 0.6717205758266819 0.4843138289623717 0.709531763968073 0.5366141163055873 0.7199727525655645 0.5428124754846066 0.6830572098061574
0 0.46274698631698974 0.8852314355758267 0.42050034207525655 0.8712798004561003 0.41087297149372864 0.9089667685290764 0.4539950490307868 0.9193843033067275 0.46274698631698974 0.8852314355758267
0 0.6439602793614595 0.811946984036488 0.5936403831242874 0.7911781927023945 0.5796598859749145 0.8346542645381985 0.6262455507411631 0.8549955974914482 0.6439602793614595 0.811946984036488
0 0.7282190182440137 0.7786485370581528 0.6740103705815279 0.7672497388825541 0.6584170433295324 0.8059165929304447 0.7137206031927024 0.822405142531357 0.7282190182440137 0.7786485370581528
0 0.7670631835803877 0.8560528928164196 0.7186048312428734 0.8329710980615735 0.6932896248574686 0.8950629338654504 0.7451886123147092 0.9152943204104903 0.7670631835803877 0.8560528928164196
0 0.7420437286202964 1 0.7451758939566705 0.9729211687571265 0.7102210045610035 0.971107969213227 0.7082702782212087 1 0.7420437286202964 1
0 0.7209583432155074 0.6126361995438996 0.6923662987457241 0.5985672816419612 0.671531669327252 0.6513097924743443 0.7050913409350057 0.6616920205245154 0.7209583432155074 0.6126361995438996
0 0.6165205267958951 0.6969177149372862 0.587169267958951 0.6875767423033068 0.575067858608894 0.7281478745724059 0.6072965507411631 0.7349173888255417 0.6165205267958951 0.6969177149372862
0 0.8432751391106043 0.5432377183580388 0.7947146864310148 0.5231244811858609 0.7676491345496009 0.5673318369441277 0.8206022474344357 0.5908660843785634 0.8432751391106043 0.5432377183580388
0 0.8455177879133409 0.5979743295324972 0.8770337149372861 0.6133351402508551 0.8996187423033067 0.5784755473204105 0.86172678677309 0.5587348620296465 0.8455177879133409 0.5979743295324972
0 0.997625322690992 0.3894057525655644 0.9703635997719499 0.3712229429874572 0.9382448015963512 0.4241655142531357 0.9717718791334093 0.4419730034207526 0.997625322690992 0.3894057525655644