0 0.8181946932725199 0.7015452462941847 0.802762267958951 0.6058529110604333 0.72301986659065 0.6255759942987457 0.7363706442417332 0.7185035883694413 0.8181946932725199 0.7015452462941847
0 0.6879530832383124 0.6328437844925884 0.6294449897377422 0.6443679897377423 0.6406854367160775 0.7172171185860889 0.6972574367160775 0.7061964868871152 0.6879530832383124 0.6328437844925884
0 0.5616298244013683 0.39119312314709237 0.5739220171037628 0.4854244481185861 0.6078780205245153 0.4863331835803877 0.5959498950969213 0.3881813888255416 0.5616298244013683 0.39119312314709237
0 0.7474574104903078 0.4433043215507412 0.7305001938426454 0.3501603318129989 0.6965521778791334 0.35671194298745723 0.7124511368301026 0.45116277309007985 0.7474574104903078 0.4433043215507412
0 0.852328645381984 0.19108404218928163 0.7649403112884835 0.20623913112884834 0.7729817993158494 0.26569301140250856 0.8627019817559863 0.24432262941847208 0.852328645381984 0.19108404218928163
0 0.7395746316989738 0.2035319874572406 0.6879056419612314 0.21194771835803877 0.6977487616875713 0.2771824458380844 0.748329189281642 0.2641049612314709 0.7395746316989738 0.2035319874572406
0 0.927199409350057 0.4488905188141391 0.9233512269099202 0.42362309692132266 0.8873519327251995 0.42203358950969216 0.8935317366020524 0.45242913454960093 0.927199409350057 0.4488905188141391
0 0.9805024082098062 0.6832919771949829 0.9478596784492588 0.6909020102622577 0.952542818700114 0.7524999281641962 0.9931805735461802 0.7440495849486887 0.9805024082098062 0.6832919771949829
0 0.942737488027366 0.8126355427594071 0.9329562018244013 0.7593347286202965 0.8698465404789053 0.7725350467502851 0.8772658358038768 0.8260841174458381 0.942737488027366 0.8126355427594071
0 0.9232778198403649 0.6445299828962372 0.8852569954389966 0.6521082554161916 0.8919650034207525 0.6931946545039909 0.9302660057012543 0.6826018301026225 0.9232778198403649 0.6445299828962372
0 0.40993034549600915 0.70923134663626 0.3637015142531357 0.7182693352337514 0.3744119714937286 0.7917711892816419 0.4232730387685291 0.7833520718358039 0.40993034549600915 0.70923134663626
0 0.4659660695553022 0.441248165336374 0.474193748004561 0.5024735381984037 0.5368321436716077 0.49200934435575827 0.5272404583808438 0.4276421505131129 0.4659660695553022 0.441248165336374
0 0.5541281140250855 0.1095892976054732 0.519589763968073 0.11620452793614595 0.5273495176738883 0.1786731220068415 0.5664270467502851 0.16978817331812998 0.5541281140250855 0.1095892976054732
0 0.4318185769669327 0.1845346841505131 0.4258939988597491 0.1111252645381984 0.3916978905359179 0.11531644127708096 0.4024721299885975 0.189410181299886 0.4318185769669327 0.1845346841505131
0 0.10479594526795895 0.45950542645381987 0.07162494412770809 0.46776957468643104 0.08768847776510832 0.5126488312428734 0.11699075142531357 0.5021062816419612 0.10479594526795895 0.45950542645381987
0 0 0.5142753249714938 0.0019061664766248574 0.5324112862029646 0.02865178677309008 0.5248240433295325 0.01731378677309008 0.4794481128848347 0 0.4848303683010262 0 0.5142753249714938
0 0.38779688939566703 1 0.3823369144811859 0.9807923477765108 0.32441915507411634 0.9922529350057012 0.32654818129988594 1 0.38779688939566703 1
0 0.3554371493728621 0.3555508745724059 0.3390225256556442 0.358468590649943 0.3529372269099202 0.4226799281641961 0.36295828506271377 0.42252063169897375 0.3554371493728621 0.3555508745724059
0 0.3295714595210947 0.3594619384264538 0.3158007206385405 0.35911823945267957 0.3266388072976055 0.42245889965792477 0.33885866590649943 0.4232641140250855 0.3295714595210947 0.3594619384264538
0 0.3568510969213227 0.6133151368301026 0.3626180718358039 0.6909202656784493 0.3957363078677309 0.6832602554161916 0.389616401368301 0.6068862622576967 0.3568510969213227 0.6133151368301026
0 0.3621081140250855 0.4247011322690992 0.31441949942987457 0.43687608323831245 0.31537563968072974 0.47438945267958954 0.36430587685290766 0.46088839110604335 0.3621081140250855 0.4247011322690992
0 0.3617502827822121 0.5065305553021665 0.3465804344355758 0.509916031927024 0.35825555644241736 0.575555228050171 0.36894968072976053 0.5750282508551882 0.3617502827822121 0.5065305553021665
0 0.5238207274800456 0.5939748597491448 0.46357290193842643 0.6003071619156214 0.471867763968073 0.6394357126567844 0.533826338654504 0.6338191345496009 0.5238207274800456 0.5939748597491448
0 0.6915878472063854 0.9799308540478905 0.689353551881414 0.9586729475484607 0.6543171379703535 0.9605643614595211 0.6580443021664767 0.9846504629418472 0.6915878472063854 0.9799308540478905
0 0.4857246750285063 0 0.4268086545039909 0.006192323831242874 0.4286439600912201 0.03501462371721779 0.48354561459521095 0.023274021664766248 0.48703549030786775 0 0.4857246750285063 0
0 0.6599826191562144 0 0.6638814492588369 0.017454413911060434 0.7055245085518814 0.009495428734321552 0.7048538460661345 0 0.6599826191562144 0