0 0.9090600342075256 0.9671236180159635 0.948859582668187 0.9235922098061573 0.9111815450399088 0.8844408700114025 0.8625538608893957 0.921082054732041 0.9090600342075256 0.9671236180159635
0 0.8791945803876853 0.7343548221208666 0.9271338939566705 0.7696011151653364 0.9513283648802736 0.7353754469783352 0.9032737833523375 0.7040809407069555 0.8791945803876853 0.7343548221208666
0 0.7727482884834663 0.8382802816419612 0.8048371174458382 0.8596059897377423 0.8239017457240593 0.8287453534777651 0.7907983899657924 0.8085667571265679 0.7727482884834663 0.8382802816419612
0 0.3443715096921323 0.9292730581527937 0.3658405336374002 0.9493945974914481 0.3926534367160775 0.9271630228050172 0.36738187913340936 0.9006480478905359 0.3443715096921323 0.9292730581527937
0 0.010468240592930445 0.8172585986316989 0.028046590649942988 0.8118994914481186 0.01666474686431015 0.7838639954389965 0.001716283922462942 0.784082338654504 0.010468240592930445 0.8172585986316989
0 0.11067542417331813 0.58808548004561 0.16409352223489168 0.5172420410490308 0.1358368825541619 0.496377244013683 0.08672058494868871 0.560403307867731 0.11067542417331813 0.58808548004561
0 0.23275361231470926 0.5512977217787913 0.24968322805017104 0.520869409350057 0.21928443101482326 0.5033600148232611 0.19905836830102622 0.5310553454960092 0.23275361231470926 0.5512977217787913
0 0.1984001470923603 0.5543736579247435 0.18244166932725198 0.5698669794754846 0.24131571151653364 0.6118415587229191 0.2549237126567845 0.5959755028506272 0.1984001470923603 0.5543736579247435
0 0.24427291448118588 0.5609845701254276 0.2280975496009122 0.5728761151653363 0.27525147776510833 0.6070594903078677 0.2831731094640821 0.5941731835803876 0.24427291448118588 0.5609845701254276
0 0.04608735803876853 0.3903211265678449 0.011785337514253136 0.36166611402508547 0.006018960091220069 0.4165295359179019 0.018903607753705816 0.427426669327252 0.04608735803876853 0.3903211265678449
0 0.3600223580387685 0.235059165336374 0.38388936145952113 0.20394914937286204 0.35376814367160775 0.17811849486887116 0.32925653705815283 0.21252136031927024 0.3600223580387685 0.235059165336374
0 0.3758876465222349 0.12671307183580388 0.3900766191562144 0.08829357012542759 0.3548903876852908 0.07087644355758267 0.3413501402508552 0.10881895553021664 0.3758876465222349 0.12671307183580388
0 1 0.2823688996579248 0.9691064093500571 0.25949401710376285 0.9422328141391105 0.29364862713797035 1 0.33608163854047896 1 0.2823688996579248
0 0.34321936716077533 0.6022737901938426 0.38615035575826684 0.6340337229190423 0.39419109578107187 0.6171740364880274 0.3564554754846066 0.5899460581527937 0.34321936716077533 0.6022737901938426
0 0.8027309122006842 0.8086268745724059 0.8610535267958951 0.8529928529076397 0.904817668187001 0.7859564686431014 0.8413156773090079 0.7482669224629419 0.8027309122006842 0.8086268745724059
0 0.31726320866590646 0.9401144846066135 0.2924516305587229 0.9631707115165336 0.3607069726339795 0.9868616807297605 0.3708508711516534 0.975567952109464 0.31726320866590646 0.9401144846066135