0 0.41222112998859745 0.0354088472063854 0.4046379179019384 0.0043115416191562145 0.337551858608894 0.007827372862029646 0.3561603648802737 0.05616660091220068 0.41222112998859745 0.0354088472063854
0 0.5925573751425314 0.26177162485746863 0.5822087936145952 0.18925290535917902 0.5404297491448118 0.19856940820980618 0.5501853945267959 0.27111920182440136 0.5925573751425314 0.26177162485746863
0 0.34732089395667043 0.5009340741163056 0.33334167730900793 0.4499880581527936 0.2711472029646522 0.4730089897377423 0.2852608152793615 0.5208171094640821 0.34732089395667043 0.5009340741163056
0 0.5665100478905359 0.5031077673888256 0.5534296944127708 0.46934294070695554 0.51654648004561 0.48687071835803875 0.5261357947548461 0.5165094709236032 0.5665100478905359 0.5031077673888256
0 0.5190856681870012 0.5750884150513113 0.5062537468643101 0.5460639589509693 0.45277648232611173 0.5650356168757126 0.46364891448118584 0.5964080307867731 0.5190856681870012 0.5750884150513113
0 0.7700297993158495 0.45620928050171033 0.7613839429874572 0.4275553135689852 0.7246596852907639 0.4367711927023945 0.7338433352337514 0.46998451311288486 0.7700297993158495 0.45620928050171033
0 0.3909641710376283 0.7089178084378563 0.37744453021664764 0.678145701254276 0.3449357822120867 0.6882640684150513 0.35109127251995437 0.7205111083238313 0.3909641710376283 0.7089178084378563
0 0.5245046145952109 0.8147770444697834 0.5091719703534777 0.7835053854047891 0.4602342428734321 0.8038898369441277 0.46806506955530214 0.8397119087799315 0.5245046145952109 0.8147770444697834
0 0.5021839087799316 0.7523894070695553 0.4857042143671608 0.6992008688711516 0.4435854082098062 0.7133793158494869 0.4661217423033067 0.7685363831242873 0.5021839087799316 0.7523894070695553
0 0.2802255553021665 0.6291869646522235 0.2837598722919042 0.6171213945267959 0.24621083352337514 0.610599496009122 0.24813387343215507 0.6302758175598632 0.2802255553021665 0.6291869646522235
0 0.39948099087799316 0.5647260250855188 0.3968919418472064 0.5494186727480046 0.3269285917901939 0.5832093933865451 0.3336988323831243 0.5931217753705814 0.39948099087799316 0.5647260250855188
0 0.18279256556442416 0.8374372383124288 0.16209392588369442 0.783280677309008 0.11856792474344356 0.7990005074116305 0.14076059863169899 0.8533025131128849 0.18279256556442416 0.8374372383124288
0 0.2610683272519954 0.7293862702394526 0.22862896579247433 0.7465309498289623 0.24726625085518814 0.7954491516533638 0.28042276510832387 0.7806435838084378 0.2610683272519954 0.7293862702394526
0 0.6581816510832383 0.8778626978335233 0.6551564355758266 0.865547897377423 0.6007230387685291 0.8832929156214366 0.6026827468643101 0.8979964401368301 0.6581816510832383 0.8778626978335233
0 0.665236433295325 0.8988769657924743 0.6572751208665907 0.883255030786773 0.6063851744583808 0.9061560399087799 0.6162986237172178 0.9192598563283922 0.665236433295325 0.8988769657924743
0 0.9581923010262258 0.8205609475484607 0.9471111527936146 0.7908486077537058 0.8739450136830104 0.8146385564424172 0.8870053249714938 0.8480508232611175 0.9581923010262258 0.8205609475484607
0 0.9755536647662486 0.856478110604333 0.9531910421892816 0.8273554424173318 0.9042558494868871 0.8477882656784492 0.9257389224629418 0.8828479133409349 0.9755536647662486 0.856478110604333
0 1 0.8003723728620296 0.9929180399087799 0.7902285370581529 0.9503893044469782 0.8079598688711517 0.9626284389965792 0.8256732850627138 1 0.8138683340935006 1 0.8003723728620296
0 1 0.8168062428734322 0.9597067993158495 0.8324119885974914 0.9777732405929304 0.8533905267958951 1 0.8385215188141392 1 0.8168062428734322
0 0.9984313272519955 0.566006141391106 0.9853881539338655 0.5102608084378564 0.9476799612314709 0.5177195256556443 0.9630582508551881 0.5726117901938427 0.9984313272519955 0.566006141391106
0 0.23273935803876852 0.9726256830102622 0.2307757993158495 0.9578785496009122 0.19898027822120867 0.9702611311288483 0.2028657993158495 0.9819143751425313 0.23273935803876852 0.9726256830102622