0 0.08370718814139111 0.9904250079817559 0.24512725541619157 0.9623925940706957 0.23607479703534778 0.9026489452679589 0.06569357924743444 0.9337488688711516 0.08370718814139111 0.9904250079817559
0 0.20137525541619156 0.7812764321550741 0.16959524515393387 0.6626599783352337 0.08548546750285062 0.6843312976054732 0.11764247092360319 0.7982708072976055 0.20137525541619156 0.7812764321550741
0 0.5528459384264538 0.8882657981755986 0.547432165336374 0.8240990421892816 0.49145219726339795 0.8332062565564424 0.5035336818700115 0.8895225598631699 0.5528459384264538 0.8882657981755986
0 0.6238033033067275 0.2932729304446978 0.6365035279361458 0.3480732383124287 0.7226115769669328 0.3310843808437856 0.7066827491448119 0.27395549714937284 0.6238033033067275 0.2932729304446978
0 0.4993545974914481 0.41449915165336376 0.47941507297605473 0.3660953489167617 0.44354702052451545 0.3797089384264538 0.4589898118586089 0.4305721368301026 0.4993545974914481 0.41449915165336376
0 0.23088828164196123 0.5533833580387685 0.2235537331812999 0.5313051151653364 0.1555954697833523 0.5461369635119726 0.1626583922462942 0.5668555724059293 0.23088828164196123 0.5533833580387685
0 0.721473621436716 0.0050351744583808445 0.6621076636259977 0.00399893842645382 0.6789022075256557 0.028452017103762828 0.7284658244013682 0.012705248574686431 0.721473621436716 0.0050351744583808445
0 0.8078724070695553 0.3285219977194983 0.7887682086659066 0.30030459749144817 0.7511502645381984 0.31210612200684146 0.7632946579247434 0.3478078825541619 0.8078724070695553 0.3285219977194983
0 1 0.04202179817559863 0.9460645153933865 0.06633760091220069 0.9789740182440136 0.13716648688711516 1 0.1283504230330673 1 0.04202179817559863
0 0.4055898859749145 0.13877386202964653 0.3848791436716078 0.10044250855188142 0.35318819612314706 0.11289757354618016 0.3708972554161915 0.15300024629418474 0.4055898859749145 0.13877386202964653
0 0.42491746522234897 0.3242097297605473 0.44194203876852906 0.3695950125427594 0.4760290855188141 0.355951897377423 0.4591648939566705 0.318478433295325 0.42491746522234897 0.3242097297605473