0 0.16318906271379702 0.0038546875712656787 0.15783906271379702 0.03975468757126568 0.23571718700114025 0.050432812998859745 0.2369062497149373 0.013654687571265678 0.16318906271379702 0.0038546875712656787
0 0.15872968757126568 0.044771874572405924 0.15308281299885973 0.061109375142531355 0.22620468757126566 0.07237968757126567 0.2327453124287343 0.057550000000000004 0.15872968757126568 0.044771874572405924
0 0.5591218745724059 0.25114218700114027 0.5591218745724059 0.2663484378563284 0.593603125427594 0.26278906271379704 0.594196874572406 0.25033281299885973 0.5591218745724059 0.25114218700114027
0 0.5617984378563284 0.27782656214367163 0.5597171870011403 0.2924484378563284 0.5953874994298746 0.29007499999999997 0.596575 0.27524531242873435 0.5617984378563284 0.27782656214367163
0 0.5617984378563284 0.30807031242873434 0.5591218745724059 0.3262593751425314 0.638189062713797 0.3185484378563284 0.6346234378563284 0.2983796875712657 0.5617984378563284 0.30807031242873434
0 0.40930937514253135 0.4957593751425314 0.4336843751425314 0.5641218745724059 0.45805937514253137 0.5522593751425314 0.4336843751425314 0.4893828129988597 0.40930937514253135 0.4957593751425314
0 0.47529843785632836 0.6923437502850627 0.4806484378563284 0.7094499999999999 0.5817124994298746 0.6720796875712657 0.5745796875712657 0.6560640627137971 0.47529843785632836 0.6923437502850627
0 0.4824328129988597 0.7145828129988597 0.48897187457240593 0.7325843751425314 0.5864687502850626 0.695214062713797 0.5823078129988597 0.6791984378563284 0.4824328129988597 0.7145828129988597
0 0.549314062713797 0.7519421870011402 0.558528125427594 0.7877500000000001 0.6090593751425314 0.7723265621436716 0.6019265621436716 0.7420749999999999 0.549314062713797 0.7519421870011402
0 0.526425 0.9283312497149373 0.5389093751425313 0.9751937502850627 0.5799296875712657 0.9657031254275941 0.5686343751425313 0.9164687502850628 0.526425 0.9283312497149373
0 0.06212500000000001 0.6922484378563285 0.004457812998859749 0.6809781254275941 0.0014859372862029646 0.695214062713797 0.05558593728620296 0.7047046875712657 0.06212500000000001 0.6922484378563285
0 0.07936406271379703 0.2663484378563284 0.07104218700114025 0.2859234378563284 0.10433281299885974 0.28948124971493727 0.10373906271379703 0.27168593728620294 0.07936406271379703 0.2663484378563284
0 0.016051562143671608 0.019865624857468647 0.005648437856328393 0.05339843785632839 0.0324 0.05517812542759407 0.03953437514253136 0.023739062713797037 0.016051562143671608 0.019865624857468647