0 0.8106259247434436 0.27264845267958954 0.8285623956670468 0.2367144914481186 0.7594017366020525 0.2063266944127708 0.7442617035347777 0.2399538472063854 0.8106259247434436 0.27264845267958954
0 0.5488329281641962 0.4349681562143672 0.5674221254275941 0.38657941163055876 0.5232603717217787 0.3670179190421893 0.5027991425313569 0.4170922485746864 0.5488329281641962 0.4349681562143672
0 0.4246129874572406 0.35471168529076397 0.42916531584948686 0.33591793044469787 0.3617523101482326 0.30621785404789054 0.3555750672748005 0.3219520615735462 0.4246129874572406 0.35471168529076397
0 0.4384921265678449 0.3167813945267959 0.4440126431014823 0.30220346294184725 0.39888114139110603 0.27842606271379705 0.38855482326111745 0.29394439338654504 0.4384921265678449 0.3167813945267959
0 0.42456384834663624 0.2762046488027366 0.44254074116305586 0.28487924857468644 0.44856261231470923 0.27210972177879134 0.431585062713797 0.26705644697833525 0.42456384834663624 0.2762046488027366
0 0.3314942782212087 0.8155056681870012 0.31160792018244016 0.7865110992018244 0.2647396761687571 0.8072475610034208 0.2874774503990878 0.8385288711516533 0.3314942782212087 0.8155056681870012
0 0.3714177662485747 0.8705283215507412 0.35846411516533633 0.856764330672748 0.3131259201824401 0.8823406259977195 0.3236296567844926 0.8975017525655644 0.3714177662485747 0.8705283215507412
0 0.15091233181299885 0.8803827137970354 0.1283434025085519 0.8571947696693273 0.1057520330672748 0.8684997970353477 0.12983493614595212 0.9025068038768529 0.15091233181299885 0.8803827137970354
0 0.10280192246294184 0.7886515963511973 0.07815199087799315 0.8052013865450399 0.09546318015963512 0.8436256681870011 0.12665074458380846 0.8214227833523375 0.10280192246294184 0.7886515963511973
0 0 0.7697461744583809 0.011611672748004561 0.7701943968072975 0.013352334093500569 0.7369806031927024 0 0.7353742086659065 0 0.7697461744583809
0 0.17415301710376282 0.6978285404789054 0.16706178221208665 0.6629627571265678 0.11385688939566704 0.6684998802736603 0.11738302394526796 0.6976196431014823 0.17415301710376282 0.6978285404789054
0 0.6895485610034208 0.1550881402508552 0.6997497035347776 0.13064321322690992 0.6531851311288484 0.11155035803876852 0.6424724526795895 0.1400834914481186 0.6895485610034208 0.1550881402508552
0 0.5683508187001141 0.05119963968072976 0.5762741539338654 0.03615306955530217 0.5296474332953249 0.01824608779931585 0.5250484583808438 0.03225741049030787 0.5683508187001141 0.05119963968072976
0 0.340825732041049 0 0.33855541961231467 0.034077737742303306 0.40354552337514255 0.0419695598631699 0.40574505473204103 0 0.340825732041049 0
0 0.2447582132269099 0.3149537023945268 0.2569206088939567 0.2757458757126568 0.20208600342075256 0.2556250410490308 0.19139422006841506 0.28946184834663624 0.2447582132269099 0.3149537023945268
0 0.2629042006841505 0.5359562668187001 0.268922070695553 0.5118882326111744 0.1937722588369441 0.49367554846066136 0.18639032839224629 0.5210814538198404 0.2629042006841505 0.5359562668187001
0 0.5466792098061574 0.283199007981756 0.5943052748004561 0.30472731698973776 0.6121193409350058 0.25978397719498286 0.5763476670467503 0.23895985632839223 0.5466792098061574 0.283199007981756
0 0.054230366020524515 0.2519505895096921 0.011802125427594071 0.26170906499429875 0.01055881984036488 0.2854327582668187 0.059409116305587234 0.2665838665906499 0.054230366020524515 0.2519505895096921