0 0.5309177331812999 0.9605081641961232 0.584210472063854 0.95225730672748 0.5779072862029646 0.9221239612314709 0.5284780798175599 0.9301703409350057 0.5309177331812999 0.9605081641961232
0 0.13639214823261117 0.47946041505131126 0.13379825655644242 0.44094834207525657 0.06593289965792475 0.4504575632839225 0.06834149372862029 0.48257480387685286 0.13639214823261117 0.47946041505131126
0 0.11405716419612315 0.3810868825541619 0.11940713797035349 0.34684535005701256 0.06012410718358039 0.34105827480045614 0.05297194640820981 0.37657323603192705 0.11405716419612315 0.3810868825541619
0 0.9267280935005702 0.6705187149372861 0.9280506989737741 0.6288573272519955 0.8833899304446978 0.635799259977195 0.8822572645381984 0.6666685678449258 0.9267280935005702 0.6705187149372861
0 0.8486353397947548 0.7047860285062714 0.8453985598631699 0.6689943990877993 0.8216433762827822 0.6691735917901938 0.826916589509692 0.7072823637400228 0.8486353397947548 0.7047860285062714
0 0.12829551995438995 0.4329995324971494 0.12422429874572406 0.41108139224629414 0.09151962029646522 0.41348129532497147 0.08930487571265679 0.4383901858608894 0.12829551995438995 0.4329995324971494
0 0.3536183637400228 0.5883634344355758 0.35359839908779933 0.5724966066134549 0.31672930558722917 0.5754176590649943 0.31642871493728625 0.5926384743443557 0.3536183637400228 0.5883634344355758
0 0.3531025085518814 0.5669746111744584 0.3510136180159635 0.550473141391106 0.31770648004561003 0.5534563683010262 0.3168329566704675 0.5694795017103763 0.3531025085518814 0.5669746111744584
0 0.3418665153933865 0.5471833135689852 0.34008648916761686 0.5300871448118586 0.32822522234891677 0.5292862645381984 0.3220071984036488 0.5452161083238312 0.3418665153933865 0.5471833135689852
0 0.29167679703534777 0.2585884275940707 0.29224840136830105 0.2429413329532497 0.2412646795895097 0.23789296351197262 0.23855836374002282 0.2568533078677309 0.29167679703534777 0.2585884275940707
0 0.2776576134549601 0.1942089543899658 0.2731922383124287 0.17786134549600913 0.2197110376282782 0.1798985929304447 0.2194415336374002 0.1953384275940707 0.2776576134549601 0.1942089543899658
0 0.03202828620296465 0.28354355074116305 0.027099954389965795 0.2596976567844926 0.0053512884834663625 0.26050571379703535 0.004978134549600912 0.2818837069555302 0.03202828620296465 0.28354355074116305
0 0.08253007753705816 0.19703831470923605 0.0655341755986317 0.16711057582668185 0.026853041049030787 0.17177995667046753 0.03105297605473204 0.20333462485746864 0.08253007753705816 0.19703831470923605
0 0.04165121436716077 0.2765838700114025 0.05474437514253136 0.27503089167616873 0.05086706157354618 0.2589248323831243 0.040139740022805015 0.26111294868871154 0.04165121436716077 0.2765838700114025
0 0.06041674914481186 0.29018219498289627 0.08054251881413911 0.2938949418472064 0.07961590307867732 0.2790280684150513 0.06653310604332953 0.27998738768529075 0.06041674914481186 0.29018219498289627
0 0.03471240022805017 0.23183408095781072 0.056072419612314704 0.23287889851767388 0.05462311744583809 0.21384601824401367 0.04215626681870011 0.21362840820980616 0.03471240022805017 0.23183408095781072
0 0.7323253797035348 0.955113015963512 0.7221135632839224 0.9617889361459521 0.7313689281641961 0.9758869863169898 0.7416373557582668 0.9659678095781072 0.7323253797035348 0.955113015963512
0 0.74511638654504 0.9707808232611175 0.7333323956670468 0.9824738198403649 0.7477011949828963 0.9928027251995439 0.7555742326111744 0.9840309806157355 0.74511638654504 0.9707808232611175
0 0.772162771949829 0.9522437742303307 0.7625430581527937 0.9420087035347776 0.7495207822120867 0.956600842645382 0.7612488722919043 0.9651208859749145 0.772162771949829 0.9522437742303307
0 0.7920541288483467 0.9353649179019384 0.778494149372862 0.9467409338654503 0.7928164538198403 0.9597334971493728 0.8007428928164196 0.9479919190421893 0.7920541288483467 0.9353649179019384
0 0.7424976499429874 0.9166815678449259 0.731515850627138 0.9334487115165336 0.7486340535917901 0.9393593044469783 0.7631409965792475 0.9247633865450399 0.7424976499429874 0.9166815678449259