0 0.38607699771949827 0.925526425313569 0.40259302736602054 0.8758494857468643 0.3686120228050171 0.8621511858608893 0.3578750877993158 0.9131466510832383 0.38607699771949827 0.925526425313569
0 0.5941646271379702 0.9877051265678449 0.609622417331813 0.932762882554162 0.5544237172177879 0.9149654161915621 0.5459620889395668 0.9681239304446978 0.5941646271379702 0.9877051265678449
0 0.4922304925883695 0.8989703603192702 0.5051960228050171 0.8496040478905359 0.46471017673888254 0.8364748494868871 0.4511828437856329 0.8862322383124288 0.4922304925883695 0.8989703603192702
0 0.6635619885974914 0.6023371824401369 0.6841136716077536 0.5511182690992018 0.6216847742303306 0.5256169532497149 0.6053977616875713 0.5745053078677309 0.6635619885974914 0.6023371824401369
0 0.5943985735461802 0.4726278380843786 0.6039246716077536 0.43844877194982895 0.5532299327251996 0.42442624971493725 0.5414648301026226 0.4568751242873432 0.5943985735461802 0.4726278380843786
0 1 0.5467988939566705 0.9705288540478906 0.5343950296465223 0.9512331436716077 0.5795501527936147 0.9920309019384265 0.5962266031927024 1 0.5623394367160776 1 0.5467988939566705
0 0.48007810034207526 0.405816976054732 0.4865433842645382 0.3707152291904219 0.4482455895096921 0.36215803876852903 0.43708964424173313 0.3981454116305587 0.48007810034207526 0.405816976054732
0 0.3374591071835804 0.9011977388825542 0.3457506111744584 0.866532236031927 0.27532211630558723 0.8381578232611174 0.2649650250855188 0.8730573694412771 0.3374591071835804 0.9011977388825542
0 0.6383260410490309 0 0.6304580604332952 0.012769522234891677 0.6648222782212087 0.024053359179019383 0.6785275838084378 0 0.6383260410490309 0
0 0.25549875826681867 0.6183883158494868 0.2589839258836944 0.5900987879133409 0.24056701824401366 0.5839680992018245 0.23102580387685293 0.6179743865450399 0.25549875826681867 0.6183883158494868
0 0.2790094218928164 0.628240779931585 0.2854747058152794 0.5931390342075257 0.26757487685290765 0.5929185803876853 0.25997822576966934 0.6287137582668187 0.2790094218928164 0.628240779931585