0 0.6252234378563284 0.17753281299885976 0.626114062713797 0.21530624971493728 0.6890515621436716 0.2159 0.6908328129988597 0.17789062485746865 0.6252234378563284 0.17753281299885976
0 0.7125046875712657 0.08045312542759407 0.713989062713797 0.12384375028506271 0.754364062713797 0.11790468757126568 0.7525828129988598 0.08227031242873432 0.7125046875712657 0.08045312542759407
0 0.9226937502850626 0.911410937286203 0.9176453124287344 0.9499796875712657 0.9503031254275941 0.9571062497149372 0.962771874572406 0.9190953124287343 0.9226937502850626 0.911410937286203
0 0.7641609372862029 0.8526312497149373 0.7798953124287343 0.8222875005701253 0.732989062713797 0.790810937286203 0.7163640627137969 0.8252562497149373 0.7641609372862029 0.8526312497149373
0 0.7766296875712657 0.953271874572406 0.7692078129988597 0.998753125427594 0.816114062713797 0.998753125427594 0.816114062713797 0.9755171870011403 0.7766296875712657 0.953271874572406
0 0.5121125005701254 0.8876187502850628 0.5121125005701254 0.8460453124287343 0.4788624994298745 0.8472312497149372 0.48005 0.890589062713797 0.5121125005701254 0.8876187502850628
0 0.34111093728620295 0.8264453124287343 0.36842343785632836 0.8092218745724059 0.3512062497149373 0.774775 0.32389218700114025 0.7997187502850627 0.34111093728620295 0.8264453124287343
0 0.2045484378563284 0.6156062497149373 0.22443906271379702 0.5979109372862029 0.20692343785632838 0.5770015621436716 0.18020468757126568 0.5918484378563283 0.2045484378563284 0.6156062497149373
0 0.2615484378563284 0.3554718745724059 0.28143906271379704 0.3859406248574686 0.3060796875712657 0.3572531254275941 0.2918296875712657 0.331714062713797 0.2615484378563284 0.3554718745724059
0 0.2948 0.8401624994298745 0.30073593728620296 0.8573296875712657 0.34526875028506276 0.841885937286203 0.33457968757126566 0.8294156248574687 0.2948 0.8401624994298745
0 0.3037046875712657 0.8698 0.31023749942987455 0.8810843751425314 0.35061093728620296 0.8662375005701254 0.3464546875712657 0.8543593751425315 0.3037046875712657 0.8698
0 0.6801453124287343 0.7658656248574687 0.6938015621436716 0.7947390627137971 0.7270515621436716 0.768835937286203 0.7151765621436715 0.746860937286203 0.6801453124287343 0.7658656248574687
0 0.8119578129988597 0.6898453124287343 0.8404593751425313 0.7070687502850627 0.8594593751425313 0.6714343751425313 0.8333328129988599 0.6553984378563285 0.8119578129988597 0.6898453124287343
0 0.9476312497149373 0.783160937286203 0.9372406248574686 0.79675 0.9805843751425314 0.8306015621436716 0.9966156248574687 0.812785937286203 0.9476312497149373 0.783160937286203