0 0.1478804275940707 0.49787486659064994 0.11353524971493728 0.491335181299886 0.09984736716077537 0.5408253318129989 0.13253515165336374 0.5533931835803877 0.1478804275940707 0.49787486659064994
0 0 0.15220412086659066 0.019683233751425312 0.16844106043329535 0.04008099771949829 0.13699423717217787 0.004601044469783353 0.11146851539338654 0 0.11832139338654503 0 0.15220412086659066
0 0.044999735461801596 0.05511258608893956 0.024361198403648802 0.08214963283922462 0.1384482930444698 0.17716035917901937 0.1606122896237172 0.14789265222348916 0.044999735461801596 0.05511258608893956
0 0.9399901106043329 0.8416660456100342 0.931449062713797 0.8062602166476625 0.8951550410490308 0.8131062485746865 0.9043517092360319 0.8538516659064994 0.9399901106043329 0.8416660456100342
0 1 0.6907256396807298 0.970038857468643 0.7059014310148233 0.9840611071835803 0.7347277286202964 1 0.7284722109464082 1 0.6907256396807298
0 0.9150785359179019 0.7168324492588369 0.9190545233751425 0.749214267958951 0.9526126921322691 0.7493442748004562 0.948122567844926 0.7127751527936146 0.9150785359179019 0.7168324492588369
0 0.5149034982896237 0.12112527023945267 0.48479656328392245 0.10031898403648802 0.47657292702394527 0.11626977537058153 0.507082385404789 0.1354823158494869 0.5149034982896237 0.12112527023945267
0 0.5268358449258836 0.09635205245153934 0.49916166818700114 0.07584526909920182 0.4906487833523375 0.08944031470923602 0.5183178187001141 0.10990522462941847 0.5268358449258836 0.09635205245153934
0 0.3572563751425314 0.061595458380843786 0.4089650262257697 0.08273571037628279 0.416816417331813 0.068625251995439 0.3691761539338655 0.04160473318129988 0.3572563751425314 0.061595458380843786
0 0.9042769019384265 0.13128582554161916 0.9067190661345497 0.09751932155074117 0.8691947092360319 0.09435788825541619 0.871308818700114 0.13108966134549602 0.9042769019384265 0.13128582554161916
0 0.6007939486887115 0 0.6236236898517673 0.016316256556442418 0.6340112018244014 0 0.6007939486887115 0
0 0.8147253945267959 0.8068458677309008 0.7584277765108324 0.8215271915621436 0.7674668802736602 0.8366036043329532 0.8163157901938427 0.8197985952109463 0.8147253945267959 0.8068458677309008
0 0.7552382052451538 0.9711609372862029 0.7522598916761688 0.9615333899657924 0.6811979281641961 0.9535245929304448 0.6800047582668187 0.9803984435575827 0.7552382052451538 0.9711609372862029
0 0.026009654503990877 0.7321688814139111 0.02796146864310148 0.7480651288483466 0.07428080501710377 0.7423778289623717 0.07137961003420752 0.7284935290763968 0.026009654503990877 0.7321688814139111