0 0.18921483580387685 0.8871772394526796 0.18393253363740023 0.8521789897377424 0.1216176054732041 0.8491096442417332 0.12372275712656784 0.8829719760547321 0.18921483580387685 0.8871772394526796
0 0.3298634675028506 0.9554531984036488 0.3266991265678449 0.8962286031927024 0.300903062713797 0.8981407297605473 0.30175318928164196 0.9565668392246295 0.3298634675028506 0.9554531984036488
0 0.45022640022805016 0.8332017525655644 0.44949811288483466 0.7938384891676169 0.3905787115165336 0.7928511311288483 0.3876125165336374 0.8301611482326112 0.45022640022805016 0.8332017525655644
0 0.288612669327252 0.7797628369441276 0.2936138095781072 0.74983169327252 0.2601571801596351 0.7439292326111744 0.25770417217787916 0.7821860182440137 0.288612669327252 0.7797628369441276
0 0.4943846271379703 0.4851588004561003 0.488355724059293 0.4518817172177879 0.43658582212086655 0.45092540935005704 0.43865064310148233 0.4886191185860889 0.4943846271379703 0.4851588004561003
0 0.6690035393386544 0.9077170524515393 0.6598908859749144 0.8688122884834664 0.6243208882554161 0.873440709236032 0.6318881265678449 0.9095721037628278 0.6690035393386544 0.9077170524515393
0 0.7036718278221208 0.9065827149372861 0.7392935735461801 0.901362803876853 0.7307725473204105 0.8625082314709236 0.6908035074116305 0.86973030672748 0.7036718278221208 0.9065827149372861
0 0.7684089851767388 0.43232178563283924 0.7493902246294185 0.40445659407069556 0.7258506111744584 0.4214524675028506 0.7465923660205246 0.450061283922463 0.7684089851767388 0.43232178563283924
0 0.14609154618015963 0 0.14642027936145952 0.020612408209806157 0.20366625541619157 0.020289556442417332 0.20250324743443557 0 0.14609154618015963 0
0 0.4101775188141391 0 0.412426102622577 0.011757961231470923 0.4674103728620297 0.010018537058152794 0.4652567069555302 0 0.4101775188141391 0
0 0.07714935575826683 0.737445 0.06726899543899657 0.693708062713797 0.03835894640820981 0.6971326670467503 0.04011510490307868 0.7383723432155074 0.07714935575826683 0.737445
0 0.26828470125427595 0.4534682383124287 0.2676246761687571 0.4337622884834664 0.20823838768529077 0.43809354047890536 0.2087220592930445 0.45302062143671606 0.26828470125427595 0.4534682383124287