0 0.7297134732041048 0.061688606613454953 0.7356727172177879 0.022016060433295324 0.691427369441277 0.01736568757126568 0.6827667742303307 0.04302283580387685 0.7297134732041048 0.061688606613454953
0 0.31266958836944125 0.9187658084378563 0.2750858244013683 0.9028736123147092 0.24580980615735462 0.9714406157354618 0.282627842645382 0.9786536624857469 0.31266958836944125 0.9187658084378563
0 0.5347674059293045 0.7588223523375143 0.521163157354618 0.7902286168757127 0.5571249578107184 0.8071428072976055 0.5716229110604333 0.7770245142531357 0.5347674059293045 0.7588223523375143
0 0.4689112862029647 0.7214525473204105 0.45006530900798175 0.7603676624857468 0.47723501368301025 0.7671039464082099 0.4927262155074116 0.7388811117445838 0.4689112862029647 0.7214525473204105
0 0.5785790604332953 0.8129814184720638 0.6104050912200684 0.8336384937286203 0.6268893135689851 0.7959677001140251 0.5926123591790194 0.781618676168757 0.5785790604332953 0.8129814184720638
0 0.8770568312428735 0.2974771676168757 0.8554723705815279 0.2838651584948689 0.8237436465222349 0.3473966362599772 0.843337322690992 0.3596053637400228 0.8770568312428735 0.2974771676168757
0 0.10776062713797034 0 0.13780243101482326 0.052612647662485745 0.15283099315849488 0.045832354618015964 0.12722765792474344 0 0.10776062713797034 0
0 0.16714543671607754 0.06524905017103763 0.12082169897377422 0.09500742075256556 0.1326230102622577 0.13027795895096922 0.1816158015963512 0.10677032383124288 0.16714543671607754 0.06524905017103763
0 0.6040888802736601 0.04251472291904219 0.6111974241733181 0.00893318015963512 0.597629969213227 0.0075071835803876856 0.5826017947548461 0.035480175598631696 0.6040888802736601 0.04251472291904219
0 0.6138912303306727 0.04414201254275941 0.6317856989737742 0.051395981755986316 0.6406012257696694 0.012919175598631698 0.6247664310148233 0.010359340935005701 0.6138912303306727 0.04414201254275941
0 0.6443880159635119 0.05182500798175599 0.6615612223489168 0.057510618015963515 0.6642909076396807 0.014513530216647662 0.6504441664766248 0.015744770809578108 0.6443880159635119 0.05182500798175599
0 0.5786101881413911 0.25655683238312427 0.538655921322691 0.2663874526795895 0.56737417331813 0.31806303648802736 0.5980802611174458 0.30397835233751425 0.5786101881413911 0.25655683238312427
0 0.08939103078677309 0.10722645838084378 0.10104809578107184 0.163974574686431 0.1328114424173318 0.16253687343215506 0.12991987343215508 0.10491898517673888 0.08939103078677309 0.10722645838084378
0 0.42633148460661346 0.4966750798175599 0.41164626225769674 0.5216990136830103 0.4451172371721779 0.5392469384264538 0.45576499429874573 0.5117090763968073 0.42633148460661346 0.4966750798175599
0 0.501194558722919 0.6072326088939567 0.41652478677309007 0.5672883899657925 0.36716276966932726 0.6737430729760547 0.458105236031927 0.7107644572405929 0.501194558722919 0.6072326088939567
0 0.5904007936145952 0.6607880832383125 0.6128804606613455 0.6852405507411631 0.6394576624857468 0.6593769407069556 0.6153926944127708 0.6329667890535917 0.5904007936145952 0.6607880832383125
0 0.4626623238312429 0.0022768198403648804 0.46260024401368305 0.03241983238312429 0.5039263523375143 0.030793176738882554 0.49762127594070693 0.005652644241733181 0.4626623238312429 0.0022768198403648804