0 0.4095725758266819 0.5604537194982897 0.4328222976054732 0.5575829372862029 0.41694038084378565 0.4654717730900798 0.39228093272519954 0.4681694629418472 0.4095725758266819 0.5604537194982897
0 0.4510781117445838 0.6070514914481185 0.46797157582668186 0.5976763432155074 0.46542218358038767 0.5601547206385405 0.4414800900798176 0.5686644059293045 0.4510781117445838 0.6070514914481185
0 0.4025993740022805 0.6755178209806157 0.4163272018244014 0.6686159384264538 0.4097217251995439 0.6291653124287343 0.38859908323831244 0.6380211824401368 0.4025993740022805 0.6755178209806157
0 0.5334710068415052 0.7402448380843785 0.5484104834663626 0.7234748768529077 0.504778055872292 0.670890465222349 0.48595558836944125 0.6843216978335234 0.5334710068415052 0.7402448380843785
0 0.5653039475484607 0.7140997286202965 0.5830628745724059 0.6976759521094641 0.5606276647662486 0.6705914663625997 0.542522361459521 0.6898362451539339 0.5653039475484607 0.7140997286202965
0 0.620933086659065 0.7738810661345497 0.6373792542759408 0.7215184846066134 0.6190512690992018 0.7192680912200685 0.6032974720638541 0.7659917696693272 0.620933086659065 0.7738810661345497
0 0.6180895017103762 0.8436577502850626 0.6296156738882555 0.7964149840364881 0.6144533249714937 0.7916913249714937 0.6013443352337514 0.840170724059293 0.6180895017103762 0.8436577502850626
0 0.7411214287343215 0.9489252816419613 0.7448041288483467 0.8606473295324971 0.7118580592930445 0.8608949965792474 0.7064194469783353 0.951819307867731 0.7411214287343215 0.9489252816419613
0 0.6809227844925884 0.35799986887115165 0.6775208962371722 0.40079646864310153 0.7343862748004562 0.4111742827822121 0.7377964948688711 0.3625146830102623 0.6809227844925884 0.35799986887115165
0 0.6836293420752565 0.27560776396807296 0.6807629087799316 0.3542760661345496 0.7114889612314709 0.360518724059293 0.7141955188141391 0.2781266191562144 0.6836293420752565 0.27560776396807296
0 0.42431176054732045 0.45206707753705816 0.4461517571265678 0.44902320182440136 0.4436015131128848 0.3299278118586089 0.41859606955530215 0.335443401368301 0.42431176054732045 0.45206707753705816