0 0.8064718415051311 0.7778723021664767 0.7273485085518814 0.7992640444697834 0.746674015963512 0.8949590912200684 0.8191589452679588 0.8769381436716077 0.8064718415051311 0.7778723021664767
0 0.9396867810718359 0.9778807651083239 0.9403316647662486 0.9336909099201824 0.8835525176738882 0.9434707320410489 0.8861407844925884 0.985663158494869 0.9396867810718359 0.9778807651083239
0 0.9467360935005701 0.39967531698973774 0.892888661345496 0.40502786316989736 0.8970897366020525 0.4438290638540479 0.9543011698973775 0.4332081539338654 0.9467360935005701 0.39967531698973774
0 0.7814366419612314 0.5193615678449259 0.7285612234891675 0.5314137594070696 0.7447317708095781 0.594416566704675 0.7985818563283922 0.5774008460661345 0.7814366419612314 0.5193615678449259
0 0.5256583865450399 0.5047057970353478 0.488379330672748 0.5162801459521095 0.4932173010262258 0.5790879064994299 0.5282565735461802 0.574716157354618 0.5256583865450399 0.5047057970353478
0 0.3944080912200684 0.90195582668187 0.38999402508551884 0.8308236157354617 0.36204451425313566 0.834571929304447 0.36624169099201825 0.9074705621436716 0.3944080912200684 0.90195582668187
0 0.305979810718358 0.9066516316989738 0.2709454629418472 0.899957118586089 0.2636796875712657 0.9445288745724059 0.30127641619156215 0.9449577092360318 0.305979810718358 0.9066516316989738
0 0.24623051539338656 0.3322085245153934 0.2106052930444698 0.3254414618015964 0.1763333329532497 0.4390821334093501 0.21089256898517675 0.44422278677309013 0.24623051539338656 0.3322085245153934
0 0.06145735005701255 0.6056362417331812 0.018778245153933865 0.6027903169897377 0.009699572405929304 0.6961926123147092 0.05340925541619156 0.6976711277080958 0.06145735005701255 0.6056362417331812
0 0.2922358608893956 0.5562066898517674 0.25940054389965794 0.546192929304447 0.2474958244013683 0.5895953112884835 0.28202520410490306 0.6004152850627138 0.2922358608893956 0.5562066898517674
0 0.539915527936146 0.24743030102622576 0.447604598631699 0.2594260935005701 0.45040585746864314 0.3339495290763968 0.5464905940706956 0.3167325427594071 0.539915527936146 0.24743030102622576
0 0.9422154937286203 0.24179130102622579 0.8824810228050172 0.24642100912200682 0.8851440820980615 0.2811450068415051 0.9437609384264539 0.2778735952109464 0.9422154937286203 0.24179130102622579
0 1 0.36674114595210944 0.9632135667046751 0.36281491334093496 0.9579947594070695 0.40045949828962374 0.9934646259977195 0.40361980615735465 1 0.3687930957810719 1 0.36674114595210944
0 0.3733132120866591 0.6259826328392246 0.33850328734321555 0.6223067194982896 0.33997656328392245 0.6589767879133409 0.3742807103762828 0.6536174640820981 0.3733132120866591 0.6259826328392246
0 0.3297335701254276 0 0.3216980182440137 0.023525133409350057 0.3547256214367161 0.032665189281641964 0.358941834663626 0.008058098061573546 0.33460626567844926 0 0.3297335701254276 0
0 0.5663407058152793 0.43133558494868873 0.546498535917902 0.44205829532497154 0.5568317719498289 0.49417639224629417 0.5746436750285063 0.4888858072976055 0.5663407058152793 0.43133558494868873
0 0.6760700045610034 0.8372352998859749 0.6238562702394527 0.8487705267958952 0.6248445210946408 0.865043511972634 0.680870842645382 0.857266558722919 0.6760700045610034 0.8372352998859749