0 1 0.3517506020524515 0.9864522668187001 0.348675141391106 0.9787394515393387 0.3821306396807298 1 0.3873963933865451 1 0.3517506020524515
0 0.9307612497149372 0.15596281413911062 0.9363915017103762 0.14255642873432153 0.8571877787913341 0.11749093500570126 0.8510539692132268 0.13348789509692133 0.9307612497149372 0.15596281413911062
0 0.6661550604332953 0.12628295781071835 0.6585679076396808 0.14354141049030786 0.7237482611174458 0.15983718244013684 0.7279606476624857 0.1412780843785633 0.6661550604332953 0.12628295781071835
0 0.4203340353477765 0 0.4192746875712656 0.017866866590649944 0.5082230946408209 0.03636481870011403 0.5110478232611174 0.020276973774230333 0.4205825233751425 0 0.4203340353477765 0
0 0.4295407537058153 0 0.4730192850627138 0.008977240592930444 0.4744346807297605 0 0.4295407537058153 0
0 0.6349059042189282 0.24348141619156213 0.6307688643101482 0.2740998928164196 0.6897845929304447 0.29100878791334095 0.6941928221208665 0.2543275416191562 0.6349059042189282 0.24348141619156213
0 0.34813073546180157 0.45543284150513114 0.38441412542759407 0.4679230182440137 0.40158921664766245 0.39512358722919044 0.3615994652223489 0.3861422326111745 0.34813073546180157 0.45543284150513114
0 0.13417421550741163 0.2585437309007982 0.1302971117445838 0.2940484526795895 0.17983860889395667 0.3036783443557583 0.18392170581527936 0.2702256282782212 0.13417421550741163 0.2585437309007982
0 0.13408259407069556 0.2216658859749145 0.09606765450399088 0.2118602622576967 0.08373095781071836 0.2753270604332953 0.12454651311288484 0.2862835233751425 0.13408259407069556 0.2216658859749145
0 0.7729370581527937 0.0437079771949829 0.7624566590649943 0.0851779543899658 0.8007278175598631 0.09833306955530216 0.8114215461801597 0.0542097354618016 0.7729370581527937 0.0437079771949829
0 0.41529480615735465 0.035221637400228045 0.41029771949828964 0.057817676168757125 0.4414148848346636 0.06265651425313569 0.4430332873432155 0.03877180273660205 0.41529480615735465 0.035221637400228045
0 0.29218845724059295 0 0.2897407001140251 0.009003394526795895 0.32613708551881415 0.020912263397947547 0.33051773546180163 0 0.29218845724059295 0
0 0.15678940820980616 0.3880269464082098 0.1454477251995439 0.42147265564424174 0.20478546408209808 0.4336131972633979 0.21050186431014825 0.3995372417331813 0.15678940820980616 0.3880269464082098
0 0.2693313819840365 0.6896822873432155 0.26216530900798174 0.7203168426453819 0.3092000741163056 0.7397310045610035 0.318775897377423 0.706026409350057 0.2693313819840365 0.6896822873432155
0 0.20523719726339795 0.8264815541619157 0.19996871949828962 0.862920771949829 0.2546424937286203 0.8741531402508551 0.263472992018244 0.8411711698973775 0.20523719726339795 0.8264815541619157
0 0.37100264310148234 0.9010021197263398 0.3151295393386545 0.8834927696693273 0.308791102622577 0.9161011984036488 0.36396866932725197 0.9340770296465223 0.37100264310148234 0.9010021197263398
0 0.4754922200684151 0.7835361790193843 0.4245078335233751 0.7657705564424173 0.4113055689851768 0.7994610604332953 0.47065560775370585 0.8161977685290763 0.4754922200684151 0.7835361790193843
0 0.6799365165336373 0.736865071835804 0.6747755142531358 0.7509691254275941 0.7495430946408209 0.7739625940706955 0.752742583808438 0.755946771949829 0.6799365165336373 0.736865071835804
0 0.6110134994298746 0.6557899874572406 0.6075913990877994 0.688962110604333 0.6451349600912201 0.6980728369441277 0.6544155302166477 0.6643395017103764 0.6110134994298746 0.6557899874572406
0 0.6423656727480046 0.8274543477765108 0.6376757525655644 0.8422548323831243 0.7594102052451539 0.8725647388825541 0.7623881767388825 0.8556885233751426 0.6423656727480046 0.8274543477765108
0 0.6654425153933865 0.8518830022805017 0.635361361459521 0.8448260923603192 0.6348630889395668 0.8598364868871151 0.6621436271379704 0.865742558722919 0.6654425153933865 0.8518830022805017
0 0 0.7027980478905359 0.022785202964652224 0.7040005644241734 0.02712010262257697 0.6879229350057012 0 0.6871896590649943 0 0.7027980478905359
0 0 0.7246565039908781 0.02465377309007982 0.7255132907639681 0.026072935005701257 0.7088688996579248 0 0.7096852702394527 0 0.7246565039908781
0 0 0.7469048323831242 0.023606605473204104 0.7464592554161915 0.023930265678449258 0.7338948563283924 0 0.7333742759407069 0 0.7469048323831242
0 0.2486352166476625 0.7370233751425314 0.25008332725199545 0.7669144960091221 0.3032012177879133 0.7705924424173318 0.304509118586089 0.7467492474344356 0.2486352166476625 0.7370233751425314
0 0.1481597297605473 0.6564606465222349 0.12463879019384264 0.5316370923603192 0.08857023489167618 0.5367121927023946 0.11278971493728619 0.6641737537058152 0.1481597297605473 0.6564606465222349
0 0.1062903078677309 0.3739800581527936 0.10635943557582668 0.3860796145952109 0.13713702166476624 0.392665441277081 0.14174747776510832 0.3798296408209806 0.1062903078677309 0.3739800581527936
0 0.10701017103762828 0.39829063055872294 0.10011578563283924 0.41508047092360323 0.1389401527936146 0.42383370581527935 0.14454967388825543 0.4120898483466363 0.10701017103762828 0.39829063055872294
0 0.34724963283922466 0.02743239566704675 0.34301105245153934 0.03990275142531357 0.3810272280501711 0.049710208665906495 0.38312731927023946 0.03890617445838084 0.34724963283922466 0.02743239566704675
0 0.3499594481185861 0.05394436488027366 0.3463037069555302 0.06652801368301026 0.3625102645381984 0.07028151995438997 0.3657429863169897 0.05365060889395667 0.3499594481185861 0.05394436488027366
0 0.33103031356898516 0.10465005929304448 0.32808768187001136 0.11978859064994297 0.34312855530216646 0.12331551311288484 0.3494647810718358 0.10938896351197264 0.33103031356898516 0.10465005929304448
0 0.26336388711516534 0.12291808209806158 0.2569408825541619 0.14040282212086658 0.27521827366020524 0.13972631927023946 0.27761544925883697 0.12894979019384264 0.26336388711516534 0.12291808209806158
0 0.28832421778791334 0.10964308779931585 0.2874357423033067 0.1173256465222349 0.29956241049030785 0.12028610376282783 0.30109232269099206 0.11085951881413911 0.28832421778791334 0.10964308779931585