0 0.43255 0.5599703124287344 0.439675 0.5943734378563283 0.4984562497149373 0.5813234378563283 0.49608124971493733 0.5516656248574686 0.43255 0.5599703124287344
0 0.725864062713797 0.6905656248574686 0.721114062713797 0.730210937286203 0.773364062713797 0.7349562497149373 0.7882078129988597 0.7011453124287343 0.725864062713797 0.6905656248574686
0 0.7009265621436715 0.9191718745724059 0.6908328129988597 0.9722265621436716 0.7270515621436716 0.9793453124287343 0.7365515621436717 0.9253656248574686 0.7009265621436715 0.9191718745724059
0 0.17634531242873433 0.7492734378563284 0.1873296875712657 0.7996125005701255 0.21226718700114025 0.7960531254275941 0.2045484378563284 0.7486 0.17634531242873433 0.7492734378563284
0 0.11578124971493728 0.5678109372862029 0.13745312542759408 0.6382687502850628 0.17426718700114024 0.6192875005701254 0.16357812542759406 0.5540390627137971 0.11578124971493728 0.5678109372862029
0 0.07481250057012542 0.6959031254275941 0.08460937514253135 0.7521578129988596 0.1237984378563284 0.7462265621436717 0.10776718700114025 0.6916546875712656 0.07481250057012542 0.6959031254275941
0 0.12557812542759406 0.9556421870011402 0.1356734378563284 0.9987546875712657 0.160610937286203 0.9912078129988597 0.15348437514253135 0.955025 0.12557812542759406 0.9556421870011402
0 0.3138 0 0.3191421870011403 0.027298437856328392 0.39039218700114026 0.02136718700114025 0.3874234378563284 0 0.3138 0
0 0.2760953124287343 0.20132812542759407 0.2823296875712657 0.2183015621436716 0.31736093728620296 0.20999687457240593 0.31736093728620296 0.19101562485746865 0.2760953124287343 0.20132812542759407
0 0.30103437514253134 0.22623593728620298 0.30489218700114024 0.2384687502850627 0.32092343785632843 0.23550312542759405 0.32032968757126573 0.22245312542759405 0.30103437514253134 0.22623593728620298
0 0.5038 0.6382687502850628 0.5281437502850628 0.6465734378563284 0.5400187502850627 0.628778125427594 0.5144874994298746 0.6204734378563285 0.5038 0.6382687502850628