0 0.8085687069555303 0.8204848620296464 0.698137708095781 0.8303755496009122 0.697740716077537 0.8625839315849486 0.8148947867730901 0.8569804196123146 0.8085687069555303 0.8204848620296464
0 0.6482639281641961 0.878334418472064 0.6461434446978336 0.8416320205245154 0.5686024230330673 0.8513990319270239 0.5716624264538198 0.890537984036488 0.6482639281641961 0.878334418472064
0 0.5212765005701254 0.610655180159635 0.5152582451539339 0.5740710022805017 0.4621448871151653 0.5846144025085518 0.4719565496009122 0.6220733295324972 0.5212765005701254 0.610655180159635
0 0.8447841299885974 0.45032701710376283 0.841697542759407 0.4142960615735462 0.7683884891676169 0.4292856054732041 0.7732520057012543 0.46264076738882554 0.8447841299885974 0.45032701710376283
0 1 0.40446073204104904 0.9857298335233751 0.40603440136830105 0.9889176020524516 0.4411176168757126 1 0.4419485416191562 1 0.40446073204104904
0 0.830270149372862 0.2983507890535918 0.8257628631698973 0.28721238084378564 0.7715912462941847 0.2964489418472064 0.7747679669327252 0.31171148346636257 0.830270149372862 0.2983507890535918
0 0.8288668688711517 0.2576797423033067 0.7728585883694412 0.2673202827822121 0.7727707856328392 0.28522638312428733 0.8298662371721779 0.2709223740022805 0.8288668688711517 0.2576797423033067
0 0.7700425370581528 0.20312425313568985 0.8611486134549602 0.18940980159635118 0.8530782371721779 0.1467591345496009 0.7676684082098061 0.1688351242873432 0.7700425370581528 0.20312425313568985
0 0.32885977080957807 0 0.3338645758266819 0.042023714937286204 0.36980284150513115 0.035648486887115166 0.36367106271379707 0 0.32885977080957807 0
0 0.10505599201824402 0.06630377651083239 0.09924025655644242 0.03348797377423033 0.0692434834663626 0.034515899657924745 0.07239585404789053 0.06709576396807297 0.10505599201824402 0.06630377651083239
0 0.37624463283922466 0.2416754754846066 0.3752988358038769 0.22792315165336371 0.30870968187001135 0.23585457582668187 0.3079677628278222 0.25428894754846065 0.37624463283922466 0.2416754754846066
0 0.38138914595210943 0.27803741733181303 0.37941269669327254 0.25702037628278224 0.3440331676168757 0.258079574686431 0.34344869099201825 0.28071120752565565 0.38138914595210943 0.27803741733181303
0 0.23187191790193842 0.5488939555302167 0.22236214937286203 0.48297159635119724 0.19768762143671606 0.4845589144811859 0.20688294982896238 0.5506179030786773 0.23187191790193842 0.5488939555302167
0 0.20395778221208666 0.5414824070695553 0.19778144583808438 0.4893465108323831 0.1762185644241733 0.4954400193842646 0.183605913340935 0.5445892633979476 0.20395778221208666 0.5414824070695553
0 0.1792225245153934 0.5578631664766248 0.17111737742303307 0.49848755758266816 0.14133871949828963 0.5031205324971494 0.15292928506271378 0.5634610649942987 0.1792225245153934 0.5578631664766248