0 0.11726718700114025 0.5330515621436717 0.12439218700114026 0.5924421870011402 0.21226718700114025 0.568685937286203 0.20336093728620297 0.5128578129988597 0.11726718700114025 0.5330515621436717
0 0.4907375005701254 0.06385937514253136 0.5049875005701254 0.09474218700114025 0.5453625005701255 0.06385937514253136 0.5263625005701255 0.034756249714937286 0.4907375005701254 0.06385937514253136
0 0.5610968745724059 0.11875 0.5144874994298746 0.15591562485746863 0.5275500000000001 0.18620468757126568 0.5833624994298745 0.14403749942987457 0.5610968745724059 0.11875
0 0.5815828129988597 0.49994062485746865 0.5596140627137971 0.522360937286203 0.5762374994298746 0.5484921870011402 0.6041453124287343 0.5217671870011403 0.5815828129988597 0.49994062485746865
0 0.5946453124287343 0.5799703124287343 0.6160203124287343 0.6007578129988598 0.6445203124287343 0.5734375005701254 0.6207687502850626 0.5520562497149373 0.5946453124287343 0.5799703124287343
0 0.998753125427594 0.11731093728620297 0.9556468745724059 0.15888593728620296 0.9817718745724059 0.19392656214367163 0.998753125427594 0.17789062485746865 0.998753125427594 0.11731093728620297
0 0.6647062497149372 0.9179078129988597 0.6658953124287343 0.9642328129988597 0.7264578129988598 0.9523546875712656 0.7294265621436716 0.911375 0.6647062497149372 0.9179078129988597
0 0.5726765621436716 0.7893953124287343 0.5667375005701254 0.8193171870011402 0.5922687502850628 0.8234765621436716 0.6023624994298746 0.7931859372862029 0.5726765621436716 0.7893953124287343
0 0.41681562485746865 0.9212093751425313 0.41711249942987455 0.9375078129988598 0.48955 0.945228125427594 0.49311249942987456 0.9297874994298746 0.41681562485746865 0.9212093751425313
0 0.25115781299885975 0.9719749999999999 0.24907968757126567 0.998753125427594 0.279360937286203 0.998753125427594 0.2757984378563284 0.9660156248574686 0.25115781299885975 0.9719749999999999
0 0.33131406271379704 0.9461468745724059 0.32330000000000003 0.998753125427594 0.3666437502850627 0.998753125427594 0.3702062497149373 0.9523546875712656 0.33131406271379704 0.9461468745724059
0 0 0.4447218745724059 0.016921874572405928 0.44515156214367163 0.027015624857468647 0.37685156214367166 0 0.37091249942987453 0 0.4447218745724059
0 0.008906249714937286 0.2870796875712657 0 0.3602218745724059 0.025234375142531358 0.361410937286203 0.033546874572405926 0.28954687457240597 0.008906249714937286 0.2870796875712657
0 0.11667187457240594 0.16185468757126567 0.14457812542759407 0.1672 0.160610937286203 0.11315312542759408 0.12914062485746863 0.10602656214367161 0.11667187457240594 0.16185468757126567