0 0.0665 0.6954843751425314 0.05957343785632839 0.6622328129988598 0.0027703124287343215 0.6802437502850627 0.008312500570125428 0.7134937502850627 0.0665 0.6954843751425314
0 0.8534218745724059 0.41424218700114024 0.768910937286203 0.34358593728620296 0.7356609372862029 0.38376249942987456 0.8174015621436717 0.4516484378563284 0.8534218745724059 0.41424218700114024
0 0.5804937502850628 0.016625 0.5929625005701253 0.056803125427594074 0.6483796875712657 0.026323437856328392 0.634525 0 0.5804937502850628 0.016625
0 0.925464062713797 0.0831265621436716 0.9517875005701254 0.04849062485746864 0.9143796875712656 0.026323437856328392 0.8963703124287343 0.056803125427594074 0.925464062713797 0.0831265621436716
0 0.8451093751425314 0.07896875028506271 0.8215578129988598 0.10529218700114024 0.8617343751425314 0.12745937514253136 0.8783593751425314 0.09559531242873433 0.8451093751425314 0.07896875028506271
0 0.8284843751425313 0.03463593728620297 0.8340265621436715 0.01939687457240593 0.807703125427594 0.0013859372862029648 0.7966203124287343 0.015239062713797037 0.8284843751425313 0.03463593728620297
0 0.8174015621436717 0.06095937514253135 0.8270984378563283 0.04156250057012543 0.7952343751425314 0.026323437856328392 0.7869218745724059 0.04156250057012543 0.8174015621436717 0.06095937514253135
0 0.8284843751425313 0.07342812542759407 0.7841515621436717 0.055417187001140254 0.7716828129988597 0.07204218700114025 0.8187875005701254 0.09697968757126568 0.8284843751425313 0.07342812542759407
0 0.7716828129988597 0.940703125427594 0.6622328129988598 0.9282343751425314 0.6594624994298746 0.9434750000000001 0.7647546875712656 0.9545593751425313 0.7716828129988597 0.940703125427594
0 0.667775 0.5583265621436716 0.7121078129988597 0.5472437502850627 0.6996390627137969 0.4945968745724059 0.6566921870011402 0.5042937502850627 0.667775 0.5583265621436716
0 0.11776093728620296 0.5735656248574686 0.05957343785632839 0.5860343751425313 0.06788593728620296 0.6054312497149373 0.12191718700114025 0.5874203124287343 0.11776093728620296 0.5735656248574686
0 0.11499062485746864 0.5417 0.05818750057012542 0.5610968745724059 0.0665 0.5735656248574686 0.11637499999999999 0.5610968745724059 0.11499062485746864 0.5417
0 0.12745937514253136 0.9891937502850627 0.07065781299885975 0.9822671870011402 0.07204218700114025 0.998753125427594 0.12330312542759407 0.998753125427594 0.12745937514253136 0.9891937502850627
0 0.7098328129988597 0.29153437514253133 0.647489062713797 0.37982187457240596 0.7080515621436716 0.42733437514253136 0.7674265621436717 0.33527812542759405 0.7098328129988597 0.29153437514253133
0 0.8452078129988597 0.41902031242873433 0.8033484378563284 0.47678437514253136 0.8665828129988598 0.5306765621436716 0.9170531254275941 0.47306562485746867 0.8452078129988597 0.41902031242873433
0 0.7490203124287343 0.5141906248574687 0.744864062713797 0.5633406248574686 0.849364062713797 0.5734375005701254 0.8505531254275941 0.5229546875712656 0.7490203124287343 0.5141906248574687
0 0.8558968745724059 0.940478125427594 0.8656937502850628 0.9888968745724059 0.882614062713797 0.9868015621436717 0.8743015621436716 0.9369140627137971 0.8558968745724059 0.940478125427594