0 0.9225865461801596 0.21439906271379702 0.8804589019384265 0.19795627594070694 0.8647857069555301 0.23438632611174456 0.9012569806157354 0.25003319270239455 0.9225865461801596 0.21439906271379702
0 0.6544560877993159 0.10205778677309008 0.6401595210946408 0.13834157582668188 0.6966430638540478 0.15884192816419612 0.7071717115165336 0.11321172976054732 0.6544560877993159 0.10205778677309008
0 0.9079102177879134 0.3133345108323832 0.8865804903078677 0.34896708665906495 0.9294297856328392 0.37229088597491444 0.9480042155074115 0.3369463329532497 0.9079102177879134 0.3133345108323832
0 0.5396696830102622 0.5871699783352338 0.562522464082098 0.5527693238312429 0.5375838848346637 0.5275630319270239 0.5071875108323831 0.5697149817559863 0.5396696830102622 0.5871699783352338
0 0.2252272588369441 0.6438722189281642 0.2556761094640821 0.6684993580387686 0.295283834663626 0.6212048255416192 0.2625122497149373 0.6009962474344356 0.2252272588369441 0.6438722189281642
0 0.12877744469783353 0.1503504070695553 0.09847346294184721 0.1271016134549601 0.08345385290763968 0.15650610718358038 0.11484709350057012 0.17685955644241733 0.12877744469783353 0.1503504070695553
0 0.7200228494868872 0.8186516442417332 0.7305430889395667 0.7994593420752566 0.6992930022805016 0.7804828483466363 0.6795629635119727 0.8048175689851768 0.7200228494868872 0.8186516442417332
0 0.2099029714937286 0.21973809236031927 0.1965511197263398 0.2517512998859749 0.22214312086659063 0.2699304823261117 0.23549513568985178 0.2379188289623717 0.2099029714937286 0.21973809236031927
0 0.054237086659064994 0.6340181402508552 0.05582804218928164 0.6491550741163056 0.10687762485746864 0.6577016966932725 0.11601951995438996 0.6386542656784492 0.054237086659064994 0.6340181402508552
0 0.5080935393386545 0.6976209578107183 0.4873582269099202 0.6858881778791334 0.47320653021664766 0.7235503124287344 0.4849532269099202 0.7292709737742303 0.5080935393386545 0.6976209578107183
0 0.5291964583808438 0.6995773819840365 0.5171603489167617 0.6911031379703535 0.48676397491448115 0.7332550877993158 0.500466126567845 0.74433665336374 0.5291964583808438 0.6995773819840365
0 0.5079262257696693 0.775552865450399 0.5434772725199544 0.71616455986317 0.5297749578107184 0.7050814389965792 0.4972684606613455 0.7669337514253136 0.5079262257696693 0.775552865450399