0 0.08214493956670467 0.6276197229190422 0.13348405245153933 0.6186690456100342 0.12098001824401368 0.5842306761687571 0.07075693842645382 0.599002945267959 0.08214493956670467 0.6276197229190422
0 0.03376529190421893 0.4377286202964652 0.08718672976054732 0.43112735119726336 0.07132651197263398 0.3753411550741163 0.01587826795895097 0.38887207183580386 0.03376529190421893 0.4377286202964652
0 0.11229934891676169 0.5353081083238312 0.16249852451539337 0.5235255222348917 0.15079025997719497 0.4826061368301026 0.10100153021664766 0.4938409099201824 0.11229934891676169 0.5353081083238312
0 0.42921840706955533 0.39206624629418474 0.4786453888255416 0.37749533409350056 0.4553383454960091 0.3142144834663626 0.40343338882554164 0.33296613340935005 0.42921840706955533 0.39206624629418474
0 0.5445457069555302 0.4600654652223489 0.5773854104903079 0.4494399794754846 0.5651406510832383 0.39828674344355763 0.5306499498289623 0.40661420524515396 0.5445457069555302 0.4600654652223489
0 0.4457278551881414 0 0.4210036465222349 0.004910570125427594 0.4362461174458381 0.04626547434435576 0.4820471425313569 0.028557410490307866 0.47118474914481184 0 0.4457278551881414 0
0 0.5995970022805017 0.5664267058152793 0.6359517890535918 0.5565334971493728 0.628736385404789 0.5179603922462942 0.5934303865450399 0.5231967035347777 0.5995970022805017 0.5664267058152793
0 0.1189672850627138 0.721872282782212 0.15420702850627138 0.7127394777651084 0.12830781984036488 0.6413636339794755 0.09337406499429875 0.6484402782212088 0.1189672850627138 0.721872282782212
0 1 0.342138669327252 0.981408921322691 0.351888425313569 0.9914865906499429 0.3866255096921323 1 0.3817814675028506 1 0.342138669327252
0 0.37271041619156214 0.7646930969213227 0.40702897149372863 0.7563444971493729 0.40154475826681874 0.7377248517673888 0.3731508323831243 0.740220605473204 0.37271041619156214 0.7646930969213227
0 0.3629880114025085 0.7353835142531356 0.39902650285062713 0.729040724059293 0.39943087913340936 0.7111441060433294 0.36412488141391103 0.716380417331813 0.3629880114025085 0.7353835142531356