0 0.5929795815279362 0.7313656191562143 0.6590329293044469 0.7244231322690992 0.6468677856328392 0.6351525792474344 0.5850865746864311 0.6430396168757126 0.5929795815279362 0.7313656191562143
0 0.5101188152793615 0.8696296647662486 0.5144626362599772 0.9374314127708095 0.5719703215507411 0.9286015393386545 0.5601661721778791 0.8560096180159634 0.5101188152793615 0.8696296647662486
0 0.566102755986317 0.9654385393386545 0.5677525530216648 0.9943793169897377 0.5938991550741163 0.9916311984036489 0.590872566704675 0.9628351277080958 0.566102755986317 0.9654385393386545
0 0.09238143443557582 0.07212944697833523 0.09042580615735461 0.04029384264538198 0.06152872976054732 0.04333104789053591 0.06681398517673888 0.08038783922462941 0.09238143443557582 0.07212944697833523
0 0.4624090342075256 0.16418500912200684 0.43090308209806155 0.16888841847206384 0.43343631014823264 0.20623445952109465 0.4748647160775371 0.20327372976054733 0.4624090342075256 0.16418500912200684
0 0.6069498107183581 0.9834346305587229 0.638746732041049 0.9814846408209806 0.6352711607753705 0.9484167879133409 0.6049957377423033 0.9515988631698973 0.6069498107183581 0.9834346305587229
0 0.6814281254275941 0.7134125062713798 0.7852912953249715 0.7066751904218929 0.7758878072976055 0.6115416590649944 0.6823085222348917 0.6177951140250856 0.6814281254275941 0.7134125062713798
0 0.019515316989737744 0.0546125724059293 0.025923596351197262 0.08468559179019385 0.053481035347776505 0.08268471949828962 0.03724351311288483 0.047376078677309 0.019515316989737744 0.0546125724059293
0 0.12990634207525656 0.3671953021664766 0.13698369099201824 0.4004800433295325 0.1515445575826682 0.3971601448118586 0.14257453363740022 0.3628787206385405 0.12990634207525656 0.3671953021664766
0 0.11954885974914482 0.3712690205245154 0.10798399087799315 0.37427402850627134 0.11369586887115164 0.40591279589509693 0.1253708118586089 0.4034916681870011 0.11954885974914482 0.3712690205245154
0 0.09710584378563283 0.3789994914481186 0.08693419498289623 0.37827908437856334 0.08988288711516533 0.41199933523375143 0.10195902736602051 0.40774497833523377 0.09710584378563283 0.3789994914481186
0 0.07499016419612314 0.3813239429874572 0.06128749144811859 0.38395976396807296 0.06817881185860888 0.4154745655644242 0.07997632725199544 0.41423459749144814 0.07499016419612314 0.3813239429874572
0 0.7239789543899657 0.9310318745724059 0.7126861630558723 0.9352054686431015 0.7148579372862031 0.9785597046750285 0.731376323831243 0.9768235518814139 0.7239789543899657 0.9310318745724059
0 0.7599229042189282 0.9496438540478905 0.7468081619156214 0.9477386567844925 0.7479303956670468 0.9754418620296464 0.7625174789053593 0.9723564446978336 0.7599229042189282 0.9496438540478905
0 0.7916773842645382 0.9283957080957811 0.7809004789053592 0.9316179783352337 0.7797861755986317 0.972093685290764 0.793353629418472 0.9706676887115165 0.7916773842645382 0.9283957080957811
0 0.8235238392246295 0.9250485108323832 0.8106456316989739 0.9308797183580388 0.8145556499429875 0.9680810524515393 0.8269793477765108 0.9671334823261117 0.8235238392246295 0.9250485108323832