0 0.27192131470923603 0.7926959464082098 0.24524448460661344 0.8227030456100343 0.29333457924743445 0.850099228050171 0.32005966932725205 0.8214740980615736 0.27192131470923603 0.7926959464082098
0 0.621108150513113 0.9867996191562144 0.6629254002280501 0.993369220068415 0.6748650239452679 0.9779994207525656 0.6517953728620297 0.9524983797035348 0.621108150513113 0.9867996191562144
0 0.4975435689851767 0.743280802736602 0.45898502508551886 0.7903160672748004 0.4886406009122007 0.8058968437856329 0.5188433397947548 0.7577665883694412 0.4975435689851767 0.743280802736602
0 0.7865984583808439 0.8827185005701255 0.7557662930444699 0.9128691436716078 0.7916850102622578 0.9489985450399088 0.815303441277081 0.9107900615735461 0.7865984583808439 0.8827185005701255
0 0.8498442770809579 0.9868418688711517 0.8928075974914481 0.9468509213226909 0.8683528517673887 0.9213982497149373 0.8038249942987458 0.979033787913341 0.8498442770809579 0.9868418688711517
0 0.9213547377423033 0.8115534720638541 0.880638511972634 0.8365130889395667 0.9066232383124286 0.8660664264538198 0.939175298745724 0.8455444367160775 0.9213547377423033 0.8115534720638541
0 0.9625553489167616 0.5622809281641962 0.9275212622576967 0.5911962143671607 0.9622495381984036 0.6329033728620296 0.988024197263398 0.6167737115165336 0.9625553489167616 0.5622809281641962
0 0.9195541539338654 0.4820953021664766 0.8926343010262258 0.505187921322691 0.9074463375142531 0.5323609783352338 0.9359429236031928 0.5147526111744584 0.9195541539338654 0.4820953021664766
0 0.9452329714937286 0.3441291402508552 0.9137593101482325 0.3161527012542759 0.8866945701254275 0.3350962862029646 0.909860794754846 0.3633628289623717 0.9452329714937286 0.3441291402508552
0 0.6716815461801596 0.2913766248574686 0.701869810718358 0.32216682668186997 0.7520838574686431 0.2913377890535918 0.7300597012542759 0.25610839680729763 0.6716815461801596 0.2913766248574686
0 0.7556573477765108 0.3936691630558723 0.8086898939566705 0.36412692132269103 0.7881474059293044 0.33161466248574684 0.7393652052451539 0.36377891790193845 0.7556573477765108 0.3936691630558723
0 0.28631703192702396 0.3712915233751425 0.32917568871151653 0.32825862485746865 0.2978453534777651 0.3044312725199544 0.2590921539338654 0.3459371493728621 0.28631703192702396 0.3712915233751425
0 0.9370044561003421 0.42610374914481186 0.9018753021664767 0.4522519167616876 0.9261369007981757 0.47217358608893956 0.9531548893956671 0.4518464139110604 0.9370044561003421 0.42610374914481186
0 0.8569294697833524 0.4893759315849487 0.7974044538198404 0.5371558688711516 0.8085938791334094 0.5428360114025086 0.8665150136830103 0.5086281288483466 0.8569294697833524 0.4893759315849487
0 0.8003300615735461 0.5358686077537058 0.8159374412770809 0.5234507286202964 0.7864404275940707 0.49539744355758264 0.7690528278221209 0.5078759270239452 0.8003300615735461 0.5358686077537058