0 0.42338616191562145 0.2627120478905359 0.3570094332953249 0.26502997491448116 0.36291774458380843 0.35493166704675033 0.42509863055872293 0.35137348118586087 0.42338616191562145 0.2627120478905359
0 0.5156898962371722 0.13056488141391107 0.5160862668187002 0.06262528620296465 0.45810272633979476 0.06742211630558723 0.46481436488027367 0.1406606237172178 0.5156898962371722 0.13056488141391107
0 0.4665256180159635 0.031084150513112883 0.4668986465222349 0.00209878677309008 0.44062403648802734 0.003016316989737742 0.4416345404789054 0.031953366020524517 0.4665256180159635 0.031084150513112883
0 0.8767788859749145 0.955262314709236 0.8765090114025086 0.9871567879133409 0.9055475610034207 0.9861427388825541 0.9028601311288484 0.9488075359179019 0.8767788859749145 0.955262314709236
0 1 0.9164477970353478 0.9890134766248575 0.9180742930444699 0.9960433044469784 0.9608018597491449 1 0.9609504891676168 1 0.9164477970353478
0 1 0.971754818700114 0.9798355712656784 0.9724589760547321 0.9800773044469783 0.9793813204104903 1 0.9802293033067275 1 0.971754818700114
0 0.5140741254275941 0.8376191755986317 0.545831425313569 0.835124968072976 0.545909496009122 0.7976931915621436 0.5043754777651083 0.7977568084378562 0.5140741254275941 0.8376191755986317
0 0.4270334082098062 0.010282549600912202 0.3951779190421893 0.010009749144811857 0.3963383272519954 0.0432394937286203 0.42676197035347774 0.042177077537058155 0.4270334082098062 0.010282549600912202
0 0.3339007274800456 0.2744515701254276 0.22982059179019385 0.2739273454960091 0.23256499429874572 0.36948509122006845 0.32635254389965795 0.36977462941847206 0.3339007274800456 0.2744515701254276
0 0.9482455906499431 0.9778194036488027 0.943950709236032 0.9473726214367161 0.9163208244013683 0.9474463101482326 0.93005578677309 0.98380161345496 0.9482455906499431 0.9778194036488027
0 0.8599281413911061 0.6582976202964652 0.8551898586088938 0.624600267958951 0.8404328768529076 0.6268963660205245 0.8469896989737743 0.6617199988597492 0.8599281413911061 0.6582976202964652
0 0.8705445610034207 0.6549563272519955 0.8822908779931584 0.6527653637400228 0.878799921322691 0.6208052269099202 0.8669845290763968 0.6224060535917901 0.8705445610034207 0.6549563272519955
0 0.8934721573546179 0.6488102326111744 0.9035687765108323 0.6502384241733181 0.9029794720638541 0.6163946225769669 0.8906359794754847 0.6197962269099202 0.8934721573546179 0.6488102326111744
0 0.9156961106043329 0.6480341550741163 0.9295492690992018 0.6463606054732041 0.9248730969213227 0.6144418574686431 0.9130178232611175 0.6148558529076397 0.9156961106043329 0.6480341550741163
0 0.3066339110604333 0.054394115165336376 0.31819032839224626 0.051018433295324975 0.3190480832383124 0.007618310148232611 0.30244882668187 0.008197969213226911 0.3066339110604333 0.054394115165336376
0 0.2720758255416192 0.033320150513112885 0.28502571949828964 0.03613554503990878 0.2858386978335234 0.008421540478905358 0.27107192018244014 0.010481898517673888 0.2720758255416192 0.033320150513112885
0 0.23891650057012545 0.05230145610034208 0.24989192930444698 0.049838794754846066 0.2538269612314709 0.009539413911060434 0.24019308323831243 0.010015519954389967 0.23891650057012545 0.05230145610034208
0 0.20691413340935005 0.053419003420752564 0.2201677354618016 0.04850033865450399 0.21886227594070695 0.011116875712656784 0.20640274230330674 0.011195505131128849 0.20691413340935005 0.053419003420752564