0 0.09563697377423033 0.14609462485746866 0.13202427822120866 0.0414268244013683 0.04936844583808438 0.051575685290763965 0.02290875028506271 0.12810512428734322 0.09563697377423033 0.14609462485746866
0 0.35350856100342076 0.2944944458380844 0.3646225062713797 0.2925316157354618 0.34337817103762824 0.21198904675028504 0.3302687080957811 0.21808525313568983 0.35350856100342076 0.2944944458380844
0 0.42064183352337514 0.2425822622576967 0.45464800114025083 0.16422891904218928 0.4385160136830103 0.15813228392246295 0.40616065336374 0.23658361117445836 0.42064183352337514 0.2425822622576967
0 0.7387760969213227 0.4242609669327252 0.7638534618015964 0.3948606590649943 0.6906765450399088 0.34402318472063853 0.6671253112884834 0.3777242485746864 0.7387760969213227 0.4242609669327252
0 0.7327398038768529 0 0.7171302576966933 0.03867797947548461 0.7537491790193843 0.04973517331812999 0.7694030307867731 0 0.7327398038768529 0
0 1 0.572288818700114 0.971146630558723 0.5692116248574687 0.9577531710376282 0.6306770307867731 0.9943809874572406 0.6369474618015963 1 0.60312917331813 1 0.572288818700114
0 1 0.47963711516533636 0.9953554298745724 0.4418101208665906 0.9708953762827822 0.4211841835803877 0.9577470364880274 0.4554009851767389 1 0.4811707069555302 1 0.47963711516533636
0 0.5718149464082098 0.6122613010262258 0.5996427833523374 0.6393531299885975 0.6314609726339795 0.5869898460661345 0.6065064675028506 0.5628369418472065 0.5718149464082098 0.6122613010262258
0 0.5325053124287343 0.7642473215507412 0.5613968620296466 0.7756551094640821 0.581855984036488 0.7378487149372863 0.550794889395667 0.722220748004561 0.5325053124287343 0.7642473215507412
0 0.5633698084378563 0.8890741368301026 0.593497834663626 0.8716145017103764 0.5759053683010262 0.8402764561003421 0.5399236818700114 0.8599487799315849 0.5633698084378563 0.8890741368301026
0 0.681732874572406 0.6849071664766249 0.7353102052451539 0.6783286966932726 0.7300368244013683 0.6305212622576967 0.6829273625997719 0.6377995245153935 0.681732874572406 0.6849071664766249
0 0.8911647958950969 0.7746464891676168 0.913152369441277 0.744429142531357 0.8764924207525656 0.7184217605473204 0.8491227776510831 0.7534874059293044 0.8911647958950969 0.7746464891676168
0 0.5807036328392247 0.4753748996579248 0.5174018392246295 0.41734439680729757 0.49306896351197266 0.44306403876852907 0.5555465655644242 0.5089724561003421 0.5807036328392247 0.4753748996579248
0 0.586198181299886 0.5590492919042189 0.6324565245153934 0.4977344732041049 0.5838127616875712 0.4666182212086659 0.5467745222348916 0.5288931094640821 0.586198181299886 0.5590492919042189
0 0.13893561345496008 0.6642157822120867 0.10753296123147092 0.6567039977194983 0.09826169555302167 0.6931366944127708 0.12605500114025087 0.7007925461801596 0.13893561345496008 0.6642157822120867
0 0.09395487913340934 0.604532370581528 0.12630846522234893 0.6149168654503991 0.1406514709236032 0.5808524811858609 0.10543872291904219 0.5666315860889396 0.09395487913340934 0.604532370581528
0 0.8461076100342075 0.4320196271379704 0.8213390250855189 0.45420351425313565 0.8592306419612314 0.49022921778791334 0.88761534663626 0.46550759635119726 0.8461076100342075 0.4320196271379704
0 0.720090370581528 0.958366197263398 0.7351906579247435 0.9499318175598631 0.6982797582668187 0.9024181527936146 0.6870035153933866 0.9118800957810719 0.720090370581528 0.958366197263398