0 0.48751970353477764 0.5756977058152793 0.4279886351197263 0.6511384789053591 0.507615708095781 0.712570409350057 0.5654347046750285 0.6402380148232611 0.48751970353477764 0.5756977058152793
0 0.11694443899657925 0.8608474321550742 0.10377833409350057 0.8851755005701254 0.134295755986317 0.9047349692132269 0.15252418928164196 0.8753648745724059 0.11694443899657925 0.8608474321550742
0 0.489834669327252 0.43377489737742303 0.4651616727480045 0.4666864732041049 0.5309726442417332 0.5105997046750286 0.555669905359179 0.4754497377423033 0.489834669327252 0.43377489737742303
0 0.35550027251995436 0.3725774857468643 0.323947181299886 0.3543400262257697 0.3055398620296465 0.3846892200684151 0.34380342645381984 0.39911484036488026 0.35550027251995436 0.3725774857468643
0 0.4993727331812999 0.09733441163055873 0.5153520957810719 0.13003545267958952 0.5732221083238312 0.10440274800456101 0.5562822109464083 0.07118680273660205 0.4993727331812999 0.09733441163055873
0 0.4200008164196123 0.24991346636259978 0.38961671721778796 0.23631184606613453 0.3647268312428734 0.267457 0.39626229532497154 0.28799972862029644 0.4200008164196123 0.24991346636259978
0 0.9380044127708096 0.0010453078677309007 0.8862555473204106 0.02293853363740023 0.9025129521094641 0.06277607297605474 0.9470824196123147 0.038439582668187006 0.9380044127708096 0.0010453078677309007
0 0.8162043500570125 0.12476903078677308 0.8446710034207526 0.17147451767388824 0.8786695210946408 0.1511641242873432 0.8483922405929304 0.10432832725199544 0.8162043500570125 0.12476903078677308
0 0.6622667069555302 0.06956470125427594 0.6430514732041049 0.03486971265678449 0.5904508038768529 0.057133573546180164 0.6108900855188141 0.08961759521094642 0.6622667069555302 0.06956470125427594
0 0.11702546636259976 0.05762388825541619 0.113519496009122 0.04369892588369441 0.06195517217787913 0.050030229190421896 0.06507072862029646 0.07296838996579247 0.11702546636259976 0.05762388825541619
0 0.583821542759407 0.6194532348916761 0.5786936510832383 0.6069348574686432 0.562554181299886 0.6119060057012543 0.5715552257696693 0.6267493819840365 0.583821542759407 0.6194532348916761
0 0.6142135974914482 0.5649241744583808 0.603568 0.5512902326111745 0.5758146773090079 0.5786026567844926 0.5880927776510833 0.5933522109464081 0.6142135974914482 0.5649241744583808
0 0.5875320057012543 0.5425008893956671 0.5799761995438997 0.5296839885974914 0.5520170034207526 0.5504476887115165 0.5620906328392247 0.5642825199543899 0.5875320057012543 0.5425008893956671
0 0.62619969327252 0.5407425655644241 0.6185605096921323 0.5321186419612315 0.6044668643101482 0.5440076556442417 0.617132850627138 0.5521466020524516 0.62619969327252 0.5407425655644241
0 0.5491254629418472 0.5268979806157355 0.5411246704675028 0.5153289851767389 0.5276928996579248 0.5277365153933865 0.5384232337514253 0.5371757377423033 0.5491254629418472 0.5268979806157355
0 0.6447280410490308 0.3944377445838084 0.6435887035347776 0.4095186921322691 0.6779140410490309 0.4064989156214367 0.6782625074116306 0.39228487343215507 0.6447280410490308 0.3944377445838084
0 0.12061151653363741 0.2914547993158495 0.12300657354618016 0.3061017787913341 0.18369750969213225 0.3034308175598632 0.18449629304446977 0.28801229190421895 0.12061151653363741 0.2914547993158495
0 0.5117027445838085 0.27570663283922464 0.5199925963511972 0.28962982326111747 0.5326088791334094 0.2803118928164196 0.5258830604332954 0.26939550741163054 0.5117027445838085 0.27570663283922464
0 0.5235065096921323 0.2987602668187001 0.5321687958950969 0.31084467502850627 0.5421998757126568 0.3048320638540479 0.53842551995439 0.29115729988597494 0.5235065096921323 0.2987602668187001
0 0.5300063557582668 0.3224651391106043 0.5338095188141392 0.3339513295324971 0.5473748027366021 0.32750319954389967 0.5424533546180159 0.31665335005701256 0.5300063557582668 0.3224651391106043
0 0.14808811516533638 0.32035289509692133 0.15499189395667046 0.32787227251995443 0.18182257696693274 0.31740566818700117 0.17594804789053595 0.3060888004561004 0.14808811516533638 0.32035289509692133
0 0.46941868757126565 0 0.4624025689851768 0.0008614709236031928 0.48474978791334095 0.05132039338654504 0.5174123705815279 0.03475856442417332 0.4989798449258837 0 0.46941868757126565 0