0 0.7303171870011402 0.7724734378563284 0.7436765621436716 0.8068468745724059 0.8143328129988598 0.7801203124287344 0.7983015621436715 0.7432968745724059 0.7303171870011402 0.7724734378563284
0 0.4984562497149373 0.5829406248574687 0.5162687502850627 0.6340171870011402 0.5613937502850627 0.6167937502850628 0.5453625005701255 0.5674984378563284 0.4984562497149373 0.5829406248574687
0 0.3464546875712657 0.6702453124287344 0.3518 0.6862812497149373 0.420675 0.66015 0.41711249942987455 0.6411437502850627 0.3464546875712657 0.6702453124287344
0 0.37792343785632837 0.6999406248574687 0.3874234378563284 0.7159781254275941 0.43373750057012544 0.6945953124287343 0.4289875005701254 0.6797484378563283 0.37792343785632837 0.6999406248574687
0 0.41948749942987457 0.7290437502850626 0.43670624971493727 0.724885937286203 0.43136093728620295 0.7118187502850627 0.4129546875712657 0.7195406248574687 0.41948749942987457 0.7290437502850626
0 0.30548593728620294 0.15081250057012544 0.28114218700114024 0.18086093728620295 0.32686093728620297 0.20402187457240595 0.3482375005701254 0.17610781299885975 0.30548593728620294 0.15081250057012544
0 0.34467499999999995 0.09381249942987457 0.33339218700114026 0.10840312542759407 0.37732968757126567 0.13631718700114026 0.390985937286203 0.12325 0.34467499999999995 0.09381249942987457
0 0.15140781299885975 0.07867187457240593 0.12557812542759406 0.11137187457240594 0.14754687457240592 0.12384375028506271 0.1712984378563284 0.1018687502850627 0.15140781299885975 0.07867187457240593
0 0.14398437514253137 0.15947812542759407 0.11400156214367162 0.1356734378563284 0.09470312542759407 0.17313906271379706 0.11845312542759408 0.19095624971493727 0.14398437514253137 0.15947812542759407
0 0 0.23965781299885974 0.026421874572405926 0.237875 0.026421874572405926 0.20461562485746865 0 0.20425156214367163 0 0.23965781299885974
0 0.12825 0.2826265621436716 0.12320468757126568 0.31152187457240593 0.17604687457240595 0.319835937286203 0.18495312542759407 0.28538906271379705 0.12825 0.2826265621436716
0 0.6234406248574687 0.8668796875712657 0.6326453124287342 0.8959343751425314 0.6801453124287343 0.8793046875712657 0.6712374994298747 0.8543593751425315 0.6234406248574687 0.8668796875712657
0 0.5005343751425313 0.9684124994298746 0.5043937502850627 0.9826453124287343 0.5518937502850627 0.967203125427594 0.5447687502850628 0.9517625005701253 0.5005343751425313 0.9684124994298746
0 0.3797062497149373 0.9523546875712656 0.31439218700114024 0.9568343751425313 0.31498593728620294 0.998753125427594 0.3797062497149373 0.998753125427594 0.3797062497149373 0.9523546875712656
0 0.18079843785632838 0.6940984378563284 0.18970468757126568 0.7284484378563284 0.24551718700114022 0.711225 0.23542343785632838 0.6714343751425313 0.18079843785632838 0.6940984378563284
0 0.1879234378563284 0.4625343751425314 0.19386093728620296 0.490289062713797 0.269860937286203 0.47603437514253133 0.265110937286203 0.4516843751425314 0.1879234378563284 0.4625343751425314
0 0.5625812497149373 0.7646781254275941 0.5993937502850627 0.7457546875712657 0.5839562497149373 0.6999406248574687 0.5352687502850627 0.7189468745724059 0.5625812497149373 0.7646781254275941
0 0 0.712414062713797 0.04185937514253136 0.7243796875712657 0.04779687457240593 0.7100374994298746 0 0.6886578129988598 0 0.712414062713797