0 0.18937343215507413 0.28078970695553024 0.14128364196123147 0.2802574561003421 0.14060340935005702 0.3057955188141391 0.19035481870011403 0.3003572736602052 0.18937343215507413 0.28078970695553024
0 0.7635943648802738 0.6137499817559863 0.7187140638540479 0.6224738278221208 0.7226793135689852 0.642873267958951 0.7675596145952109 0.6341494207525655 0.7635943648802738 0.6137499817559863
0 0.9475311493728621 0.18846131356898518 0.9401295484606613 0.15038338084378564 0.9097401185860889 0.16758073432155074 0.9171823751425313 0.19859614937286205 0.9475311493728621 0.18846131356898518
0 0.9361788654503991 0.2527683067274801 0.9591627468643102 0.24830069327251994 0.9488530980615736 0.19526214823261118 0.92175203990878 0.20758626567844926 0.9361788654503991 0.2527683067274801
0 0.806073701254276 0.2949943534777651 0.808717299885975 0.30859449030786773 0.9140401619156214 0.27683155530216647 0.9105662234891677 0.26621498175598635 0.806073701254276 0.2949943534777651
0 0.8135550661345496 0.2681358757126568 0.8167272656784492 0.2844554275940707 0.9073552006841504 0.256959181299886 0.9049760513112884 0.24471951767388828 0.8135550661345496 0.2681358757126568
0 0.8106861391106043 0.24611304675028506 0.8152185153933865 0.2621666157354618 0.8884308722919042 0.23946749144811857 0.8893000353477765 0.2294201755986317 0.8106861391106043 0.24611304675028506
0 0.7784258255416191 0.23262389509692133 0.7810691265678449 0.24622249942987456 0.8844656237172177 0.21906805245153935 0.8848058871151654 0.20629978791334094 0.7784258255416191 0.23262389509692133
0 0.7893438392246295 0.22344544355758267 0.8796685005701255 0.2016524754846066 0.8773281744583807 0.18234906043329532 0.7853394675028506 0.21010822234891677 0.7893438392246295 0.22344544355758267
0 0.8178290592930445 0.18121239338654505 0.8204726579247434 0.19481253135689852 0.8656559350057013 0.1803838722919042 0.8575704401368301 0.16784153135689853 0.8178290592930445 0.18121239338654505
0 0.6986212497149372 0.5699250615735462 0.7068920136830102 0.597955677309008 0.7371131436716077 0.5864353648802736 0.7328837434435577 0.5646769851767389 0.6986212497149372 0.5699250615735462
0 0.27725603876852906 0.286370322690992 0.2729497183580388 0.2642162234891676 0.20419084036488028 0.27455728050171035 0.2057540661345496 0.2950463831242873 0.27725603876852906 0.286370322690992