0 0.4181823010262258 0.7803777993158495 0.4826101299885975 0.8079820353477765 0.519820165336374 0.710240488027366 0.44981487343215504 0.6794582006841505 0.4181823010262258 0.7803777993158495
0 0.2884641721778791 0.9000492440136829 0.25627753249714935 0.9504641527936145 0.3046643283922463 0.9699989464082098 0.33209008551881414 0.9195942896237173 0.2884641721778791 0.9000492440136829
0 0.19262806955530218 0.831827622576967 0.17874622234891677 0.8631253352337515 0.20614168985176737 0.8761256795895097 0.21892472177879135 0.8418818141391106 0.19262806955530218 0.831827622576967
0 0.24565479133409351 0.1686820250855188 0.22129224515393386 0.2203338551881414 0.27770958266818696 0.2398020535917902 0.30006787457240597 0.18925679247434435 0.24565479133409351 0.1686820250855188
0 0.2851973637400228 0.12132080615735462 0.3208336237172178 0.13726127594070697 0.3496295781071836 0.06389259977194983 0.3168176944127708 0.05429556328392247 0.2851973637400228 0.12132080615735462
0 1 0.7412687263397948 0.9305620228050171 0.740758236031927 0.9300861607753705 0.8658852964652223 1 0.8570936716077537 1 0.7412687263397948
0 0.6205068449258836 0.9499696579247434 0.6735000296465222 0.9587506807297606 0.6864171391106043 0.9221683283922463 0.6374873534777651 0.9119143318129989 0.6205068449258836 0.9499696579247434
0 0.7282688779931585 0.6695005997719498 0.7192494960091219 0.7022407639680729 0.7535069338654504 0.7112307981755986 0.7622654777651083 0.6790163603192703 0.7282688779931585 0.6695005997719498
0 1 0.4887615735461801 0.9930291698973774 0.48924902166476625 0.964371582668187 0.5475729612314709 1 0.5535688369441277 1 0.4887615735461801
0 0.40490537742303306 0.045756639680729766 0.37593010490307865 0.09951505473204106 0.44921706043329535 0.12615677537058154 0.467859 0.06930225997719498 0.40490537742303306 0.045756639680729766
0 0.2421536510832383 0.5952716545039908 0.27948409464082097 0.6099048221208666 0.3002246488027366 0.5489924675028506 0.26724575370581527 0.5370294424173319 0.2421536510832383 0.5952716545039908
0 0.9625231356898518 0.08703944127708096 0.9037195108323831 0.08877215735461802 0.89786696009122 0.12426374230330674 0.957636881413911 0.12781555530216648 0.9625231356898518 0.08703944127708096
0 0.9155541687571266 0.7176504047890536 0.8821070045610034 0.707502590649943 0.8617679988597491 0.7570890342075257 0.8987228004561003 0.7706285541619156 0.9155541687571266 0.7176504047890536