0 0.5903863580387685 0.5820524253135689 0.6212034002280502 0.5841525484606613 0.6250303124287343 0.4450175724059293 0.5942067297605472 0.4444084903078677 0.5903863580387685 0.5820524253135689
0 0.6874186738882554 0.8426604150513113 0.6834564139110604 0.894761779931585 0.7292516875712657 0.8892320592930445 0.7347815610034207 0.839650345496009 0.6874186738882554 0.8426604150513113
0 0.6961242485746864 1 0.6991688597491449 0.9605079566704675 0.672246299885975 0.9626211049030786 0.6705962896237172 1 0.6961242485746864 1
0 0.74597207981756 1 0.7477647844925883 0.957011315849487 0.7095543135689851 0.9551583774230331 0.7124457993158495 1 0.74597207981756 1
0 0.846629724059293 0.7469206909920182 0.8456780855188141 0.7986910022805017 0.8794023899657925 0.8016414960091219 0.8807680182440136 0.7451392611174458 0.846629724059293 0.7469206909920182
0 0.9157354116305587 0.32502257468643103 0.9511084344355759 0.3227531505131129 0.9537103500570127 0.26576305701254277 0.9159637046750285 0.26156662713797035 0.9157354116305587 0.32502257468643103
0 0.8764460205245154 0.031322849486887114 0.8397885815279362 0.027817729760547322 0.8334368779931585 0.13186319270239452 0.8681381516533637 0.13311267502850627 0.8764460205245154 0.031322849486887114
0 0.2614873876852908 0.38221875028506275 0.25479150399087797 0.49964607525655647 0.27102516419612316 0.4980862451539339 0.2748877890535918 0.3857752063854048 0.2614873876852908 0.38221875028506275
0 0.4006145142531357 0.5773699007981756 0.4132443683010262 0.5760907958950969 0.41469279589509694 0.5118475712656784 0.40421718700114023 0.5109310741163056 0.4006145142531357 0.5773699007981756
0 0.0920725062713797 0.5605082782212086 0.10630968301026227 0.5408932394526795 0.10181783808437857 0.46957410832383123 0.08761895096921322 0.46833186659064996 0.0920725062713797 0.5605082782212086
0 0.17955249144811858 0.841737197263398 0.21325467616875712 0.8381279908779931 0.21930190193842644 0.7826329270239452 0.17307207525655643 0.786335007981756 0.17955249144811858 0.841737197263398
0 0 0.7353017730900798 0.030090098061573547 0.737468605473204 0.03286071835803877 0.6989698312428734 0 0.6981851208665907 0 0.7353017730900798
0 0.4522377457240593 0.8459239030786774 0.45513553819840363 0.812801985176739 0.4174403261117446 0.8196348198403649 0.4157095427594071 0.8409416134549601 0.4522377457240593 0.8459239030786774
0 0.5399884002280502 0.8923438301026226 0.5690311071835804 0.8942871516533638 0.5697700684150513 0.8585907206385405 0.5380507286202965 0.8614793785632839 0.5399884002280502 0.8923438301026226
0 0.8928239486887115 0.9685103112884835 0.9133532896237173 0.9655382508551882 0.9133455131128848 0.9315645427594071 0.889908913340935 0.9336862337514253 0.8928239486887115 0.9685103112884835
0 0.7120420296465223 0.2750167388825542 0.7155221163055872 0.20797116989737743 0.6477723728620296 0.18982546522234892 0.646057401368301 0.27281994070695553 0.7120420296465223 0.2750167388825542