0 0.5259230148232611 0.737552582668187 0.5603172063854048 0.7552166761687571 0.5765210547320411 0.7190969201824402 0.5410623648802736 0.7055054686431015 0.5259230148232611 0.737552582668187
0 0.13799148688711516 0.5542278848346637 0.15182804104903078 0.5182909543899658 0.1134773740022805 0.5056004834663627 0.096568086659065 0.5378336237172178 0.13799148688711516 0.5542278848346637
0 0.6330044526795895 0.1374722212086659 0.6348227343215508 0.10080944127708096 0.6085819350057012 0.09823669555302167 0.6002788426453819 0.13852373888255418 0.6330044526795895 0.1374722212086659
0 0.8322721516533638 0.24125221778791334 0.8393233477765109 0.22029567730900798 0.7775102280501711 0.20589049486887115 0.769614354618016 0.2216506111744584 0.8322721516533638 0.24125221778791334
0 0 0.19234022805017104 0.03819225997719498 0.20113012542759406 0.03905471265678449 0.1837745872291904 0 0.17595092702394527 0 0.19234022805017104
0 0.1606819874572406 0.3440782976054732 0.17401297605473204 0.31470674116305586 0.1383363352337514 0.30472189281641965 0.12860528620296466 0.3314228358038768 0.1606819874572406 0.3440782976054732
0 0.013079712656784492 0.6182714948688711 0.04822792018244014 0.628908905359179 0.06862133181299886 0.5758474743443558 0.06318399087799316 0.572396929304447 0.055354484606613456 0.5660524538198404 0.04375818586088939 0.5863822166476624 0.030084377423033066 0.5812505940706956 0.013079712656784492 0.6182714948688711
0 0.21180365108323831 0.7452793249714937 0.22439978677309005 0.7316222303306728 0.15718127822120867 0.6998698472063853 0.14856922576966933 0.7145111961231471 0.21180365108323831 0.7452793249714937
0 0.22532814709236032 0.7205740421892817 0.23326015963511973 0.7079979019384265 0.17337432155074117 0.6778629064994299 0.16262133979475482 0.689145582668187 0.22532814709236032 0.7205740421892817
0 0.3876664732041049 0.16624495553021665 0.39978965222348917 0.1452627958950969 0.3602579897377423 0.13269645267958952 0.3513069669327252 0.14976308209806155 0.3876664732041049 0.16624495553021665
0 0.24031330900798176 0.2354783865450399 0.23994238312428737 0.22058871607753705 0.17371430900798177 0.22098077080957812 0.1695793717217788 0.23276190193842647 0.24031330900798176 0.2354783865450399