0 0.007093199543899658 0.7210225530216647 0.04187589851767389 0.7300742805017103 0.05058696123147092 0.7078357537058153 0.01506094298745724 0.69510665336374 0.007093199543899658 0.7210225530216647
0 0.18708761801596352 0.34886717787913346 0.1830116921322691 0.3601388392246294 0.24549108209806159 0.3725912930444698 0.25599350969213225 0.3601361904218928 0.18708761801596352 0.34886717787913346
0 0.3303075963511972 0.08862997035347776 0.315320181299886 0.154664425313569 0.3728586225769669 0.1635223101482326 0.3869207297605473 0.09771585062713796 0.3303075963511972 0.08862997035347776
0 0.278725677309008 0.18961362029646522 0.32366986659064995 0.19871817901938427 0.3326384914481186 0.15977874230330671 0.2834355165336374 0.15612706499429876 0.278725677309008 0.18961362029646522
0 0.2068668654503991 0.11469782326111744 0.2015068757126568 0.14128654389965792 0.2553538255416192 0.14610506499429873 0.2575003055872292 0.1188793432155074 0.2068668654503991 0.11469782326111744
0 0.4532864663625998 0.10287664310148233 0.4132832257696693 0.09736665336374004 0.41427803306727484 0.11362469897377422 0.4508176898517674 0.11811120524515394 0.4532864663625998 0.10287664310148233
0 0.419423574686431 0.12287385062713797 0.41653622576966937 0.13422218472063854 0.4454131151653364 0.13776782098061574 0.4488422919042189 0.12444265792474345 0.419423574686431 0.12287385062713797
0 0.07236703648802736 0.2308219897377423 0.07804753363740023 0.19186608323831245 0.04150942873432155 0.1873797685290764 0.04064662371721779 0.22851089167616875 0.07236703648802736 0.2308219897377423
0 0.9076794948688711 0.9696877388825542 0.9111811687571265 0.9533489486887116 0.8722842143671607 0.9485730034207525 0.8721742850627138 0.964097196123147 0.9076794948688711 0.9696877388825542
0 0.8707346818700115 0.9465896921322692 0.8512869817559863 0.9442018141391105 0.8497687559863171 0.9565667685290764 0.8639125393386545 0.9583034070695553 0.8707346818700115 0.9465896921322692
0 0.8453666659064994 0.9656227913340935 0.843641535917902 0.9821088722919042 0.8583730912200683 0.9839176795895097 0.859880110604333 0.9667719749144812 0.8453666659064994 0.9656227913340935