0 0.7116683888255416 0.7747447217787913 0.7523011927023945 0.7657729201824401 0.7397763215507411 0.7113063090079819 0.6925471482326111 0.7244573637400228 0.7116683888255416 0.7747447217787913
0 0.4087273124287343 0.2777018141391106 0.37765973888255416 0.28619441391106043 0.4048833363740023 0.3814787297605473 0.440122165336374 0.36682285404789056 0.4087273124287343 0.2777018141391106
0 0.44261697035347775 0.2681086955530217 0.4570234047890536 0.3156099464082098 0.4878173705815279 0.3089759064994299 0.47640506385404785 0.2579305769669327 0.44261697035347775 0.2681086955530217
0 0.24114136488027366 0.10708418129988596 0.21096656328392246 0.11722967616875714 0.23413810718358039 0.19272796807297604 0.26734302166476626 0.1838584982896237 0.24114136488027366 0.10708418129988596
0 0.1812980615735462 0.181544582668187 0.12387310262257697 0.20131670467502852 0.14455841505131128 0.2899160741163056 0.20852932725199544 0.27441590992018244 0.1812980615735462 0.181544582668187
0 0 0.2285782896237172 0.07804594754846067 0.20819303648802737 0.06340057012542759 0.14565959407069556 0 0.16430181299885976 0 0.2285782896237172
0 0.7875312896237172 0.02159326681870011 0.7761090387685291 0.021798589509692132 0.7883144754846066 0.06335897149372861 0.8004603808437856 0.05729682098061574 0.7875312896237172 0.02159326681870011
0 0.8010184675028507 0.012583109464082098 0.8118843295324971 0.04684332383124287 0.8275750809578107 0.043473711516533634 0.8134749908779931 0.007976636259977195 0.8010184675028507 0.012583109464082098
0 0.8264128711516534 0.0026807901938426452 0.8382048551881414 0.04220230444697833 0.8509362576966933 0.03573546180159635 0.8425142257696694 0.0016488289623717218 0.8264128711516534 0.0026807901938426452
0 0.6704910923603192 0.004247310148232611 0.6356042907639682 0.011604613454960092 0.6466937616875713 0.044919449258836945 0.6794657696693273 0.03462062485746864 0.6704910923603192 0.004247310148232611
0 0.5596182189281642 0.12448308437856329 0.5400890695553022 0.061606549600912205 0.520390629418472 0.0671900992018244 0.5404532542759407 0.13208433865450397 0.5596182189281642 0.12448308437856329
0 0.4634361345496009 0 0.412018314709236 0.009066348916761688 0.4193257023945268 0.032557442417331814 0.49275765678449257 0.012073037628278221 0.487443370581528 0 0.4634361345496009 0
0 0.4551467274800456 0.6059435210946408 0.4268625678449259 0.6199728392246294 0.4391555644241733 0.6476508608893957 0.4697972725199544 0.6274750307867731 0.4551467274800456 0.6059435210946408
0 0.37590687571265674 0.642223298745724 0.400991314709236 0.6203142725199544 0.37667413568985175 0.5884290604332953 0.34298744811858606 0.6094400843785633 0.37590687571265674 0.642223298745724
0 0.37354027822120867 0.7861330661345497 0.35406727023945267 0.7919783215507411 0.3744818164196123 0.8399274526795895 0.3937955473204105 0.8326030091220069 0.37354027822120867 0.7861330661345497