0 0.8072612633979476 0.7547458848346636 0.754475125427594 0.7569591049030786 0.7538948688711516 0.8022716784492588 0.8060207685290764 0.8011831060433294 0.8072612633979476 0.7547458848346636
0 0.8065329965792474 0.6878014686431015 0.7737693124287344 0.692717725199544 0.7750547628278222 0.7543459475484606 0.8094051391106043 0.7513890923603194 0.8065329965792474 0.6878014686431015
0 0.9158181778791334 0.7673497172177879 0.9143071927023945 0.832863166476625 0.9649459247434435 0.8313197753705815 0.9666450786773091 0.7667216351197264 0.9158181778791334 0.7673497172177879
0 0.8737821345496009 0.8889028848346636 0.8797402565564424 0.8322151368301026 0.8404446795895096 0.8310701083238312 0.8372542428734322 0.8898413854047891 0.8737821345496009 0.8889028848346636
0 0.5938106932725199 0.8821634823261117 0.5963446100342076 0.7898916237172178 0.5223262748004561 0.7952464344355757 0.5202919760547321 0.8827946408209807 0.5938106932725199 0.8821634823261117
0 0.5569667103762828 0.511121818700114 0.5619583876852908 0.43522783580387686 0.5197723865450399 0.43318199087799314 0.516149449258837 0.5074287730900798 0.5569667103762828 0.511121818700114
0 0.13321409578107182 0.7985286168757127 0.09842593614595212 0.7942752132269099 0.08961962029646522 0.912158290763968 0.1261473489167617 0.9112213454960091 0.13321409578107182 0.7985286168757127
0 0.047059030786773086 0.5614099372862029 0.015692673888255418 0.5587117913340935 0.0054539327251995435 0.6674874355758267 0.04151613568985176 0.6706807058152793 0.047059030786773086 0.5614099372862029
0 0.23475277651083237 0.349491802736602 0.17643388369441276 0.34754295553021664 0.17050768529076396 0.409607244013683 0.23103235233751426 0.407610354618016 0.23475277651083237 0.349491802736602
0 0.6911454287343216 0.21178721550741164 0.6114989612314709 0.20819219840364878 0.6110111379703534 0.2582906522234892 0.6845894207525656 0.2609493671607754 0.6911454287343216 0.21178721550741164
0 0.5040604618015964 0.3610806054732041 0.5662338848346636 0.360452621436716 0.5722576362599773 0.32586153021664765 0.5024061938426454 0.32568252337514253 0.5040604618015964 0.3610806054732041
0 0.5710535678449259 0.3657337833523375 0.5727111721778791 0.41247560661345495 0.650613015963512 0.40991862257696693 0.6516294378563284 0.3604711755986317 0.5710535678449259 0.3657337833523375
0 0.637363291904219 0.5416616009122006 0.643881771949829 0.49100295438996583 0.566508197263398 0.4942140535917902 0.5643714549600912 0.542945157354618 0.637363291904219 0.5416616009122006
0 0.57210217331813 0.6625663477765109 0.5702884515393386 0.6002840091220069 0.5007826237172177 0.5953667354618015 0.49640765678449256 0.6611777594070696 0.57210217331813 0.6625663477765109
0 0.3908219350057012 0.927099354618016 0.27956257126567846 0.9231667913340934 0.2768368848346636 0.9718359954389966 0.38410996807297604 0.9726629897377423 0.3908219350057012 0.927099354618016
0 0.1963774572405929 0.2714278472063854 0.13634930102622578 0.2687007571265678 0.13604416647662484 0.3056855313568985 0.18975115051311287 0.3083436887115165 0.1963774572405929 0.2714278472063854
0 0.1361236031927024 0.3958439817559863 0.1674596567844926 0.4045107194982896 0.17609369897377425 0.32750544241733176 0.13775887913340934 0.3291479851767389 0.1361236031927024 0.3958439817559863
0 0.4155623990877993 0.22580775028506272 0.3555342417331813 0.223080661345496 0.3515621607753706 0.2608724925883695 0.4140203990877993 0.26206393272519957 0.4155623990877993 0.22580775028506272
0 0.4803047822120866 0.8314271938426454 0.43616109806157355 0.8309666499429874 0.43017088825541616 0.8822794116305588 0.4770536009122007 0.8892965553021666 0.4803047822120866 0.8314271938426454