0 0.31780355644241737 0.6090875963511972 0.31797161003420754 0.5714160045610035 0.20411137742303306 0.575834385404789 0.2026199566704675 0.612472046750285 0.31780355644241737 0.6090875963511972
0 0.6140165484606613 0.5727172132269099 0.6160341493728619 0.5013503090079817 0.5675404264538199 0.4990855142531357 0.5673286385404789 0.577851558722919 0.6140165484606613 0.5727172132269099
0 0.7012617251995439 0.5661875929304447 0.6548032713797035 0.5683058688711516 0.6497604857468644 0.6394460102622578 0.6980621835803876 0.637698046750285 0.7012617251995439 0.5661875929304447
0 0.4642578597491448 0.18232547434435575 0.46630239566704673 0.13067884150513112 0.43064633637400224 0.1305277833523375 0.42708390535917906 0.18688986202964653 0.4642578597491448 0.18232547434435575
0 0.43118632041049026 0.8886016054732042 0.4353382166476625 0.849246015963512 0.35414958152793613 0.8514458814139111 0.3549353740022805 0.891988251995439 0.43118632041049026 0.8886016054732042
0 0.2511295849486887 0.8563263010262258 0.25045211288483465 0.8020244184720638 0.1770228449258837 0.80155721322691 0.17561385176738883 0.860815944127708 0.2511295849486887 0.8563263010262258
0 0.29103450627137967 0.6105813694412772 0.2356529737742303 0.6131970524515393 0.23789403648802737 0.6314490456100341 0.2902737525655644 0.6263352588369441 0.29103450627137967 0.6105813694412772
0 0.1158539236031927 0.574119669327252 0.11910230102622578 0.5420472291904219 0.08752798859749145 0.5409967137970353 0.08768642417331812 0.5739936727480045 0.1158539236031927 0.574119669327252
0 0.06814103648802737 0.15625879817559862 0.06803426795895097 0.17001812086659066 0.10581699771949829 0.17041181071835804 0.10671208095781072 0.15331592246294184 0.06814103648802737 0.15625879817559862
0 0.07830249828962371 0.1317045929304447 0.07789527480045609 0.14788891790193842 0.11206599885974915 0.14813576966932723 0.11568213683010262 0.1336873762827822 0.07830249828962371 0.1317045929304447
0 0.1417599236031927 0.23387640022805017 0.13569242531356898 0.27227235233751423 0.16532937286202967 0.2746091858608894 0.17014191790193842 0.23331330786773088 0.1417599236031927 0.23387640022805017
0 0.08010817901938427 0.29762282668187 0.08463573090079818 0.3149958654503991 0.16198369099201823 0.3156588369441277 0.16446206613454958 0.2968289441277081 0.08010817901938427 0.29762282668187
0 0.10854938996579248 0.2756050980615735 0.1082147149372862 0.2923802998859749 0.1616694378563284 0.29358572976054736 0.16970863740022804 0.2736968118586089 0.10854938996579248 0.2756050980615735
0 0.3183049304446978 0.7351253352337515 0.17428113112884833 0.7426491265678449 0.17413821208665906 0.7707557343215506 0.3133804971493729 0.7633042645381983 0.3183049304446978 0.7351253352337515
0 0.5670286294184721 0.7900463523375142 0.5238091482326112 0.7941581927023945 0.5212696202964652 0.8076180102622577 0.5648507115165337 0.8064512394526796 0.5670286294184721 0.7900463523375142
0 0.5668699236031927 0.76436803990878 0.5672061482326112 0.7475926499429874 0.5212774161915622 0.7442682987457241 0.5237351778791334 0.7642851641961231 0.5668699236031927 0.76436803990878