0 0.20893314367160776 0.34977398061573545 0.2285787172177879 0.29921736374002283 0.1789423101482326 0.27997815507411633 0.15592715963511972 0.32633993272519957 0.20893314367160776 0.34977398061573545
0 0.002683678449258837 0.5506016522234892 0.03908007753705816 0.5640548825541619 0.06782783808437856 0.49884236830102624 0.020049572405929306 0.4780606784492588 0.002683678449258837 0.5506016522234892
0 0 0.1582770638540479 0.011660724059293043 0.1594092314709236 0.019936854047890536 0.08451277194982895 0 0.08046168871151654 0 0.1582770638540479
0 0.5773935963511972 0.3532740342075256 0.5875077297605473 0.3222441801596351 0.530832126567845 0.30980074914481187 0.520258189281642 0.3455085621436716 0.5773935963511972 0.3532740342075256
0 0.9777748380843786 0.32829558266818704 0.9351584287343216 0.30441670695553025 0.907217550741163 0.37850919954389967 0.9649693728620297 0.39774761915621437 0.9777748380843786 0.32829558266818704
0 0.7553320171037629 0.03441578335233752 0.7284732508551881 0.024257985176738883 0.7094138734321551 0.07472017673888255 0.7366722611174458 0.08361554275940708 0.7553320171037629 0.03441578335233752
0 0.7127098700114025 0.05377956898517674 0.6877972417331812 0.044512671607753705 0.6698181071835804 0.09420420068415052 0.6919910490307868 0.10325324629418471 0.7127098700114025 0.05377956898517674
0 0.5429382041049031 0.23441475256556443 0.5362757137970353 0.24928222690992016 0.647862685290764 0.2592346465222349 0.6499904686431015 0.24229479247434438 0.5429382041049031 0.23441475256556443
0 0.7266960444697833 0.34704283124287344 0.6869964025085519 0.33171134207525654 0.6730257183580388 0.36875604675028506 0.7202682679589509 0.3842675929304447 0.7266960444697833 0.34704283124287344
0 0.9809606727480046 0.4797351174458381 0.9049669646522235 0.4857661539338654 0.9011864446978335 0.5302062531356898 0.9825198221208666 0.5275343888255416 0.9809606727480046 0.4797351174458381
0 0.8876612041049031 0.5131305872291905 0.8543270091220068 0.519011354618016 0.8550456567844926 0.5501273352337515 0.8946155381984036 0.5456619532497149 0.8876612041049031 0.5131305872291905
0 0.7643844241733181 0.44076817217787917 0.7611183033067275 0.45810188711516536 0.8160952588369441 0.4674115267958951 0.8252954412770809 0.449588810718358 0.7643844241733181 0.44076817217787917
0 0.8527111334093501 0.5847294834663627 0.7894981322690992 0.5917388460661346 0.7930872702394527 0.6181952930444699 0.8517016351197263 0.6125154321550741 0.8527111334093501 0.5847294834663627
0 0.8031313261117446 0.749930307867731 0.8194811470923603 0.7203158415051312 0.7615682451539338 0.7000604116305588 0.75102048004561 0.7378412155074116 0.8031313261117446 0.749930307867731
0 0.7820452850627138 0.6433669190421893 0.7691252120866591 0.6832493956670467 0.845618425313569 0.6993596898517673 0.8617482200684151 0.6626627594070696 0.7820452850627138 0.6433669190421893
0 0.20020762029646524 0.4730725895096921 0.13294106727480046 0.45069330786773093 0.12979770467502852 0.46500657126567846 0.1936322953249715 0.48659265108323835 0.20020762029646524 0.4730725895096921
0 0.07950145153933866 0.6105018643101482 0.0918114025085519 0.5971413614595211 0.01826986431014823 0.5693030570125427 0.011584152793614596 0.584023921322691 0.07950145153933866 0.6105018643101482
0 0.010014099201824401 0.5968841117445838 0.011083271379703535 0.6093278722919042 0.055558460661345496 0.6282423500570125 0.060333156214367155 0.6147401265678448 0.010014099201824401 0.5968841117445838
0 0.2240192850627138 0.9839878380843785 0.23724389395667048 0.93084603990878 0.20208766590649943 0.9157441311288483 0.1871907936145952 0.9754075085518814 0.2240192850627138 0.9839878380843785
0 0.09964863283922464 1 0.10700478107183581 0.9758347502850627 0.0654598905359179 0.9526483397947548 0.07295965792474345 1 0.09964863283922464 1
0 0.4511251470923603 0.846522921322691 0.4718507160775371 0.7951940969213227 0.43202547776510836 0.7847628996579248 0.4108074025085519 0.8348899099201824 0.4511251470923603 0.846522921322691
0 0.7439162052451539 0.8998423842645382 0.7049292633979476 0.8928062223489167 0.690585748004561 0.9275069532497149 0.7309961322690992 0.9397248608893957 0.7439162052451539 0.8998423842645382
0 0.4812626339794755 0.5054308460661345 0.4527979897377423 0.48891947662485746 0.43620314139110605 0.5245779350057013 0.46627121436716074 0.5360308814139111 0.4812626339794755 0.5054308460661345