0 0.04691589965792474 0.4250401140250855 0.005002583808437857 0.4261997069555302 0.0012420091220068416 0.46197918586088943 0.04866715165336374 0.4613989099201824 0.04691589965792474 0.4250401140250855
0 0.4349940456100342 0.08599644811858609 0.3707455632839225 0.08759252109464082 0.3640156875712657 0.13836406499429876 0.43776477080957815 0.1391585450399088 0.4349940456100342 0.08599644811858609
0 0.347225606613455 0 0.3472393614595211 0.046164758266818706 0.42417753819840365 0.043119996579247435 0.42500150969213224 0 0.347225606613455 0
0 0.6583411334093501 0.08164530216647663 0.5692917605473203 0.08063469669327251 0.571850038768529 0.14907704446978334 0.6679325735461802 0.1494364355758267 0.6583411334093501 0.08164530216647663
0 0.557164976054732 0.023706808437856327 0.4557919612314709 0.03392108551881414 0.4494192394526796 0.06803558722919043 0.5594252690992019 0.06846639566704675 0.557164976054732 0.023706808437856327
0 0.8882408187001141 0.42581331470923606 0.8857210638540479 0.489549078677309 0.9415578768529077 0.4884609042189282 0.9411779521094641 0.42581079931584953 0.8882408187001141 0.42581331470923606
0 1 0.5113270273660205 0.8905847696693272 0.5095388551881413 0.8826924298745724 0.5448824982896237 0.9964040661345496 0.5484883534777651 1 0.5142753204104903 1 0.5113270273660205
0 0.9359710456100342 0.7271815324971493 0.9330470410490308 0.6489598848346637 0.8861324937286202 0.657941117445838 0.8910117901938426 0.7308034139110604 0.9359710456100342 0.7271815324971493
0 0.8646565872291904 0.8755147263397948 0.7761179737742304 0.8829035233751424 0.7837539589509692 0.9560555598631699 0.881427449258837 0.9412780171037628 0.8646565872291904 0.8755147263397948
0 0.486331732041049 0.8301847514253137 0.4962054036488028 0.868787677309008 0.5509529578107184 0.8648041573546181 0.5476803717217789 0.8296758928164196 0.486331732041049 0.8301847514253137
0 0.4844357730900798 0.7952027468643103 0.4099634823261118 0.8012891140250855 0.40997205359179023 0.827725456100342 0.48197706841505134 0.8185957662485748 0.4844357730900798 0.7952027468643103
0 0.260959732041049 0.8538016510832382 0.2615538221208666 0.9011701140250855 0.353283244013683 0.8899406841505131 0.35065706271379704 0.8354033489167617 0.260959732041049 0.8538016510832382
0 0.38041380501710376 0.6715725438996579 0.3106536590649943 0.6725877468643102 0.30529355644241735 0.6970678175598632 0.37838889281641963 0.6908382976054732 0.38041380501710376 0.6715725438996579
0 0.6168376111744583 0.5030278814139111 0.5381569167616875 0.4961486351197263 0.5374407286202965 0.5294656624857469 0.6168461824401369 0.5294642223489168 0.6168376111744583 0.5030278814139111
0 0.6150863591790194 0.46666908437856325 0.5402497343215508 0.4629778700114025 0.5382248209806157 0.48224362257696696 0.6093634754846067 0.48137173546180156 0.6150863591790194 0.46666908437856325
0 0.665282228050171 0.5192509064994298 0.6262687548460661 0.519323283922463 0.62323138654504 0.5482219144811858 0.6636233683010263 0.5482928529076396 0.665282228050171 0.5192509064994298
0 0.6690428027366021 0.4834714264538198 0.6353964503990879 0.48549991220068417 0.6299612633979476 0.4974503717217788 0.6630291163055873 0.5009259429874572 0.6690428027366021 0.4834714264538198
0 0.746693118586089 0.8646480957810718 0.6685938494868872 0.8635974937286203 0.6667204230330672 0.9126484982896237 0.7430689167616875 0.9048252953249715 0.746693118586089 0.8646480957810718
0 0.18739756214367162 0.0966944857468643 0.18930472405929305 0.14103203648802737 0.26277604332953247 0.1463676716077537 0.2593130684150513 0.0941116157354618 0.18739756214367162 0.0966944857468643