0 0.26876094298745723 0.8319994754846066 0.2597096704675028 0.8027260205245154 0.22558340022805018 0.8085612862029646 0.24158116647662486 0.8505399988597492 0.26876094298745723 0.8319994754846066
0 0.4027748312428734 1 0.4020608015963512 0.9866071755986318 0.3810950843785633 0.9811372884834664 0.37301966476624854 0.9431454241733181 0.3401580490307867 0.9416209874572405 0.3458386716077537 1 0.4027748312428734 1
0 0.3522112782212087 0.7986628791334093 0.34442433523375143 0.7620281938426454 0.30759134663626 0.7684387901938428 0.3208811927023945 0.8109946875712657 0.3522112782212087 0.7986628791334093
0 0.15379841619156215 0.27783386887115163 0.11659053933865451 0.27581476168757124 0.11248343671607754 0.3163961014823261 0.1575245188141391 0.3153317115165336 0.15379841619156215 0.27783386887115163
0 0.773750511972634 0.17300404675028505 0.7395594310148232 0.15190802280501708 0.7224074310148233 0.1910066488027366 0.7489655188141391 0.20946962143671607 0.773750511972634 0.17300404675028505
0 0.6745223751425313 0.3118005872291904 0.7112442930444698 0.31817688255416193 0.7350971904218928 0.2507072770809578 0.6967345256556442 0.24326283124287343 0.6745223751425313 0.3118005872291904
0 0.2664453671607754 0.3219603318129989 0.3048080330672748 0.3294047765108324 0.30534057810718357 0.2853309350057013 0.26726759407069556 0.27924181755986316 0.2664453671607754 0.3219603318129989
0 0.43209927708095786 0.329293251995439 0.46466935917901936 0.329461157354618 0.46549311402508553 0.2867423181299886 0.42972577080957813 0.29150790649942987 0.43209927708095786 0.329293251995439
0 0.7319218574686431 0.3222911197263398 0.7453459042189282 0.3322010330672748 0.7732596442417332 0.26386826795895096 0.7533580433295325 0.25675369783352336 0.7319218574686431 0.3222911197263398
0 0.5074893591790194 0.49762855188141386 0.4889385005701254 0.4902252770809578 0.48259209350057014 0.5468828734321551 0.4929314766248575 0.5489390649942988 0.5074893591790194 0.49762855188141386
0 0.7215340342075257 0.4464579612314709 0.7373781755986317 0.4544365689851767 0.752999849486887 0.4014798472063854 0.7390871117445837 0.395929298745724 0.7215340342075257 0.4464579612314709
0 0.7101502839224629 0.5126940706955531 0.7261934332953249 0.5149579840364881 0.7306985553021664 0.4629472565564424 0.71379182668187 0.45661300684150513 0.7101502839224629 0.5126940706955531
0 0.8654632816419613 0.604478709236032 0.8808631402508552 0.577097298745724 0.8581638278221209 0.5634865108323831 0.8433424515393386 0.5935819555302166 0.8654632816419613 0.604478709236032
0 0.784973550741163 0.33228730444697835 0.7983960695553022 0.3421975438996579 0.817766976054732 0.3068795735461801 0.8065636887115165 0.30075151767388825 0.784973550741163 0.33228730444697835
0 0.7719502554161916 0.3109458255416192 0.7837304982896237 0.3197882405929305 0.8053206362599772 0.2882524538198404 0.7894802018244014 0.2802762531356899 0.7719502554161916 0.3109458255416192
0 0.6657923192702394 0.7632081299885974 0.6814556716077537 0.7570417867730901 0.6766639247434435 0.7211889509692132 0.6574284218928164 0.7238590866590651 0.6657923192702394 0.7632081299885974