0 0.4663512417331813 0.38259195667046747 0.539352330672748 0.36873796807297604 0.5381021391106043 0.32997850741163054 0.4667721459521095 0.34719041619156216 0.4663512417331813 0.38259195667046747
0 0.5133943740022805 0.47841012770809577 0.578762015963512 0.46143658722919045 0.5717045575826682 0.4282852303306728 0.5076054595210946 0.4414861345496009 0.5133943740022805 0.47841012770809577
0 0.561397621436716 0.39546590992018243 0.5701796887115166 0.4344890775370582 0.6543927651083239 0.40228831927023945 0.6496045575826682 0.36821845496009126 0.561397621436716 0.39546590992018243
0 0.9339745929304447 0.49311509464082093 0.9402501413911061 0.5292354139110604 0.9946113751425314 0.515006315849487 0.9869659429874572 0.4819375952109464 0.9339745929304447 0.49311509464082093
0 0.946493378563284 0.5757914800456101 0.9432357080957811 0.6144728665906499 0.9784938540478905 0.6179039600912202 0.9832060136830102 0.5789061299885975 0.946493378563284 0.5757914800456101
0 0.6300398358038769 0.6535020741163056 0.6526047388825541 0.7266011676168758 0.6972281049030787 0.7113438745724059 0.665814322690992 0.6456751824401368 0.6300398358038769 0.6535020741163056
0 0.3839090490307868 0.7132445176738883 0.38893246636259976 0.7660530729760547 0.4313404230330673 0.7648849703534778 0.4272733147092361 0.7103483819840365 0.3839090490307868 0.7132445176738883
0 0.2276750171037628 0.47830006727480046 0.2225422417331813 0.5079056567844926 0.2885399657924744 0.5082141755986317 0.28937536944127706 0.47575072862029644 0.2276750171037628 0.47830006727480046
0 0.34598020524515394 0.4113697434435576 0.34587114367160776 0.44684579703534777 0.3822312371721779 0.4453300741163056 0.3799701527936146 0.4079102770809578 0.34598020524515394 0.4113697434435576
0 0.1377734982896237 0.2609782291904219 0.13555194526795897 0.2984994389965792 0.2443486590649943 0.3089659726339795 0.25183540820980616 0.2683790285062714 0.1377734982896237 0.2609782291904219
0 0.14472330330672747 0.5088214344355758 0.14418718129988597 0.5476694264538199 0.19583763283922465 0.5440047833523375 0.2021369236031927 0.5077786670467502 0.14472330330672747 0.5088214344355758
0 0.035235770809578106 0.47210811174458384 0.037647953249714934 0.5063367628278221 0.09198039338654504 0.5046903751425313 0.09164694412770809 0.4681988369441277 0.035235770809578106 0.47210811174458384
0 0.19682019042189283 0.37394584948688714 0.19103405815279362 0.41170136944127705 0.22545654732041048 0.4134527286202965 0.23100414595210944 0.37613308551881414 0.19682019042189283 0.37394584948688714
0 0.05650961231470923 0.3739025735461802 0.05392033979475484 0.40880730900798173 0.10626154960091219 0.39725886887115164 0.10667115621436717 0.366054433295325 0.05650961231470923 0.3739025735461802
0 0.5385616294184721 0.6276205655644241 0.5439880843785633 0.6406341847206386 0.6158249635119726 0.6227514515393386 0.6133481174458381 0.6051277753705815 0.5385616294184721 0.6276205655644241
0 0.7551927867730901 0.1553407662485747 0.754018598631699 0.21098003420752567 0.7875245621436716 0.21046501824401367 0.7918525621436716 0.155946165336374 0.7551927867730901 0.1553407662485747
0 0.5467411653363741 0.15679231242873432 0.5501020581527936 0.19351633751425315 0.5864752155074116 0.18780483922462943 0.5856275724059293 0.1561759361459521 0.5467411653363741 0.15679231242873432
0 0.46503659407069553 0 0.4553434481185861 0.0013622827822120868 0.4663130900798175 0.04955145153933865 0.5008483363740023 0.0393063078677309 0.48346852907639676 0 0.46503659407069553 0
0 0.29620144355758266 0.2683558061573546 0.2939875096921323 0.30378686431014823 0.321435425313569 0.30711802166476626 0.3242097651083239 0.27138572633979474 0.29620144355758266 0.2683558061573546
0 0.22600867046750286 0.9016141425313569 0.22249138996579246 0.9128394595210947 0.2524679771949829 0.9128204652223489 0.25326130672748004 0.8971339566704675 0.22600867046750286 0.9016141425313569
0 0.23083776738882555 0.9338305895096921 0.307594 0.9296307514253135 0.31116235575826684 0.9123582257696693 0.22692754275940707 0.918806701254276 0.23083776738882555 0.9338305895096921
0 0.7367767525655645 0.9394187502850626 0.7431448187001141 0.961265409350057 0.7763288848346636 0.9542049304446978 0.7747891527936146 0.9304615883694413 0.7367767525655645 0.9394187502850626
0 0.746542865450399 0.45642630786773086 0.8182754082098062 0.4463449566704675 0.8172120045610034 0.43451217331813 0.7443963375142532 0.4411529714937287 0.746542865450399 0.45642630786773086
0 0.9683854709236032 0.43078979247434435 0.9677462839224629 0.44330681527936144 0.995311031927024 0.4406320125427594 0.993164503990878 0.4253586750285063 0.9683854709236032 0.43078979247434435
0 0.8659414218928164 0.42287333181299885 0.9185708779931585 0.4304521710376283 0.9259765416191562 0.3892770387685291 0.87485334663626 0.38388327023945273 0.8659414218928164 0.42287333181299885
0 0.9465098415051311 0.3007342246294185 0.9764885222348917 0.30670289851767385 0.974094526795895 0.289668740022805 0.9479737787913342 0.285553054732041 0.9465098415051311 0.3007342246294185
0 0.9499233603192703 0.2546292143671608 0.9497780022805017 0.2685268825541619 0.9704194903078678 0.2746117981755986 0.9697192725199544 0.2585371881413911 0.9499233603192703 0.2546292143671608
0 0.6835973854047891 0.02347788939566705 0.6854949407069556 0.039112834663625994 0.7597357822120866 0.03406891904218928 0.7627146191562143 0.01687924401368301 0.6835973854047891 0.02347788939566705
0 0.7286242314709237 0.04948792930444698 0.7335453660205246 0.06530541163055872 0.7620256590649943 0.05890600456100342 0.76474817331813 0.04414753819840365 0.7286242314709237 0.04948792930444698
0 0.3685600057012543 0.5784327765108324 0.41617574230330673 0.5759347616875713 0.40773470923603194 0.49026485518814145 0.3628822656784493 0.49537086316989737 0.3685600057012543 0.5784327765108324