0 0.5026846966932725 0.7969054549600912 0.44646696579247436 0.790933229190422 0.42734229532497153 0.8799311060433295 0.48702442189281636 0.8839380763968073 0.5026846966932725 0.7969054549600912
0 0.9632264435575827 0.44932465222348916 0.9331688198403648 0.4318738301026226 0.9044413956670467 0.47380977993158496 0.9360276716077537 0.4864239692132269 0.9632264435575827 0.44932465222348916
0 0.8511118107183581 0.39812210832383127 0.8119234116305587 0.45606497833523374 0.8428546020524516 0.4675243705815279 0.8775299464082098 0.41903377309007983 0.8511118107183581 0.39812210832383127
0 0.4728120992018244 0.3971366214367161 0.4475843078677309 0.4264048665906499 0.4745497491448119 0.4416379167616876 0.49578957924743444 0.4185258859749145 0.4728120992018244 0.3971366214367161
0 0.4416945438996579 0.38212117217787916 0.4190995347776511 0.3595211698973774 0.3933082383124287 0.3894119464082098 0.4151859315849487 0.4096697183580388 0.4416945438996579 0.38212117217787916
0 0.7828788643101482 0 0.7804399828962372 0.0028697309007981757 0.8167998631698974 0.027125043329532496 0.840349448118586 0 0.7828788643101482 0
0 0.0771815165336374 0.29241756328392243 0.03641336259977195 0.29752695438996574 0.027721111744583807 0.3586281094640821 0.07404485632839224 0.3573910798175599 0.0771815165336374 0.29241756328392243
0 0.20185862485746864 0.4131219509692132 0.17213777765108323 0.4247871562143672 0.1776276556442417 0.4500657309007982 0.2071976966932725 0.44256881870011405 0.20185862485746864 0.4131219509692132
0 0.07116197377423032 0.529371401368301 0.05592895553021665 0.533737118586089 0.06742977309007982 0.6056712953249714 0.08372141163055871 0.6051147696693272 0.07116197377423032 0.529371401368301
0 0.04635683694412771 0.7482836750285062 0.013477754846066134 0.7464394059293044 0.015062553021664767 0.7766791562143671 0.0416952189281642 0.7732024207525655 0.04635683694412771 0.7482836750285062
0 0.055058128848346634 0.6532902873432155 0.008909725199543899 0.6592762109464082 0.011178161915621437 0.7025605610034208 0.06329289395667047 0.6918042827822121 0.055058128848346634 0.6532902873432155
0 0.5800556259977194 0.9795455381984036 0.58137034663626 0.9964217343215507 0.6550785689851768 0.9925588494868871 0.6477337571265678 0.9658910752565564 0.5800556259977194 0.9795455381984036
0 0.7345769771949829 0.9547996020524515 0.6632464446978336 0.9668617844925883 0.665754542759407 0.9919993454960091 0.7383303740022805 0.9792773352337515 0.7345769771949829 0.9547996020524515
0 0.9128427913340935 0.8497321482326112 0.9040789657924744 0.8186779407069555 0.8509452531356899 0.8375173751425313 0.8577437400228051 0.865105629418472 0.9128427913340935 0.8497321482326112