0 0.055417187001140254 0.19371875028506272 0.05957343785632839 0.15635937514253137 0.01939687457240593 0.1522062497149373 0.016625 0.18541562485746862 0.055417187001140254 0.19371875028506272
0 0.030478125427594073 0.30856562485746863 0.04433437514253136 0.276739062713797 0.008312500570125428 0.2712062497149373 0 0.3071812497149373 0.030478125427594073 0.30856562485746863
0 0.02216718700114025 0.33485624971493727 0.0027703124287343215 0.33070468757126564 0.0013859372862029648 0.39158593728620295 0.013854687571265678 0.39158593728620295 0.02216718700114025 0.33485624971493727
0 0.14408437514253136 0.532725 0.17733437514253134 0.5977578129988598 0.259075 0.5548640627137971 0.22720937514253134 0.48706250057012546 0.14408437514253136 0.532725
0 0.3297312497149373 0.783175 0.3546687502850627 0.8869515621436717 0.40731562485746864 0.8606609372862029 0.37545 0.7721046875712657 0.3297312497149373 0.783175
0 0.998753125427594 0.723675 0.9656406248574687 0.729210937286203 0.973953125427594 0.7859421870011403 0.998753125427594 0.783175 0.998753125427594 0.723675
0 0.9185375005701254 0.5908390627137969 0.944860937286203 0.6890828129988598 0.998753125427594 0.6669437502850627 0.998753125427594 0.5617828129988598 0.9185375005701254 0.5908390627137969
0 0.2826265621436716 0.34038906271379704 0.29786718700114023 0.3735984378563284 0.325575 0.35837812542759406 0.3144906248574686 0.32516875028506276 0.2826265621436716 0.34038906271379704
0 0.3366578129988597 0.33762343785632837 0.3518984378563284 0.3694484378563284 0.3962312497149373 0.35007656214367167 0.37683593728620296 0.31686718700114025 0.3366578129988597 0.33762343785632837
0 0.22859531242873432 0.2117062497149373 0.2466062497149373 0.24768281299885975 0.29371093728620296 0.218625 0.28124218700114023 0.18403281299885973 0.22859531242873432 0.2117062497149373
0 0.20088593728620296 0.14528906271379705 0.21751093728620297 0.13698593728620298 0.21058437514253137 0.10792968757126568 0.18149062485746864 0.11346250057012543 0.20088593728620296 0.14528906271379705
0 0.3352734378563284 0.035976562143671606 0.30340781299885977 0.04704531242873432 0.3228046875712657 0.08578906271379703 0.34358593728620296 0.0678 0.3352734378563284 0.035976562143671606
0 0.37822031242873433 0.03735937514253136 0.3422 0.031825 0.34081406271379705 0.07333593728620297 0.3726796875712657 0.07195312542759406 0.37822031242873433 0.03735937514253136
0 0.3422 0.1674265621436716 0.3546687502850627 0.20063593728620296 0.4059296875712657 0.18818281299885975 0.40177343785632835 0.14805624971493728 0.3422 0.1674265621436716
0 0.8894421870011402 0.022139062713797036 0.8866718745724059 0.08578906271379703 0.9961203124287343 0.07056875028506271 0.9961203124287343 0.020756249714937284 0.8894421870011402 0.022139062713797036
0 0.8839015621436717 0.024906249714937285 0.9351625005701254 0.020756249714937284 0.9434750000000001 0 0.8797453124287343 0.002767187001140251 0.8839015621436717 0.024906249714937285
0 0.6580765621436716 0.09270781299885975 0.6082015621436716 0.12038281299885975 0.6192859372862031 0.15497343785632842 0.6760875005701253 0.12591718700114024 0.6580765621436716 0.09270781299885975
0 0.509835937286203 0.276739062713797 0.5236906248574686 0.3071812497149373 0.5555562497149372 0.2905765621436716 0.550014062713797 0.2615187502850627 0.509835937286203 0.276739062713797
0 0.286485937286203 0.1352562497149373 0.32597187457240595 0.11771406271379703 0.29836093728620294 0.05280624971493729 0.25442343785632837 0.07475156214367161 0.286485937286203 0.1352562497149373
0 0.26689218700114026 0.5605625005701255 0.2850015621436716 0.6007234378563284 0.32686093728620297 0.5688687502850627 0.31023749942987455 0.5380218745724059 0.26689218700114026 0.5605625005701255