0 0.3875590307867731 1 0.39097036602052454 0.9799420399087799 0.3416816887115165 0.9688501573546181 0.34193038084378563 1 0.3875590307867731 1
0 0.6376668050171038 0 0.6195146579247435 0.05708496123147092 0.6591217901938426 0.06690210148232612 0.675952511972634 0 0.6376668050171038 0
0 0.39553062485746865 0.20557494298745724 0.38592270353477764 0.23759040820980618 0.42517190193842647 0.24980300114025086 0.43369563740022804 0.2166552257696693 0.39553062485746865 0.20557494298745724
0 0.480700449258837 0.2326233181299886 0.46981499315849484 0.2629220410490308 0.49606314937286206 0.2764105541619156 0.5085894367160776 0.2350263888255416 0.480700449258837 0.2326233181299886
0 0.3283733557582668 0.22752601596351196 0.3644729851767389 0.23633628164196124 0.3734272976054732 0.20316437514253138 0.33876161915621433 0.18774031128848348 0.3283733557582668 0.22752601596351196
0 0.20411459977194982 0.7013692280501711 0.18285228848346635 0.6923759361459522 0.15926691448118588 0.7590141242873433 0.18271502280501709 0.7690819931584949 0.20411459977194982 0.7013692280501711
0 0.9277251174458381 0.8852190889395667 0.9139422531356899 0.8942668905359179 0.9604318882554161 0.9533679315849486 0.9734819281641961 0.9422791242873432 0.9277251174458381 0.8852190889395667
0 0.9206912394526796 0.8076997263397948 0.8759790342075257 0.8385821049030787 0.8967666031927023 0.8773285176738882 0.9378647844925884 0.8406898939566705 0.9206912394526796 0.8076997263397948
0 0.481209149372862 1 0.49108208095781075 0.971722582668187 0.4687590912200684 0.9681359623717218 0.4671159657924744 1 0.481209149372862 1
0 0.4538533705815279 1 0.45882286088939567 0.9680621322690992 0.4400139315849487 0.9636967833523374 0.43753617901938424 1 0.4538533705815279 1
0 0.4271791174458381 1 0.4274996556442417 0.9652444754846066 0.40964845381984033 0.96231534663626 0.4131890912200684 1 0.4271791174458381 1
0 0.46191652565564423 0.6902366602052451 0.43379181185860893 0.7089514298745724 0.46044053591790196 0.7527433204104903 0.4983650501710376 0.7367835085518813 0.46191652565564423 0.6902366602052451
0 0.9154587206385405 0.7758674503990878 0.9273281128848346 0.8323236259977195 0.9669970102622577 0.8237044526795896 0.946606101482326 0.7694785667046751 0.9154587206385405 0.7758674503990878
0 0.5480674914481186 0.452650701254276 0.5418586966932726 0.4815152018244014 0.5732816659064994 0.4917596909920183 0.5838714834663626 0.464746566704675 0.5480674914481186 0.452650701254276
0 0.6040223785632839 0.3076156716077537 0.5084081448118586 0.2852766180159635 0.48204527251995444 0.394274472063854 0.5719212713797035 0.4204816419612315 0.6040223785632839 0.3076156716077537
0 0.33732724629418476 0.3644012383124287 0.3652273922462942 0.3867216465222349 0.38555939338654505 0.35533328506271383 0.3595312782212086 0.3346984629418472 0.33732724629418476 0.3644012383124287
0 0.5695221060433295 0.9640443249714937 0.5796824025085519 0.9878890045610034 0.614739046750285 0.9857544823261117 0.6100849566704675 0.9559728688711516 0.5695221060433295 0.9640443249714937