0 0.04788480615735462 0.12431849486887116 0.0613600535917902 0.15855835689851766 0.13359131356898518 0.1309722269099202 0.11794547890535918 0.09936685290763968 0.04788480615735462 0.12431849486887116
0 0.2923490615735462 0.050854522234891675 0.2998194743443558 0.014764855188141392 0.2513463797035348 0.005557221208665906 0.2414843283922463 0.03947729646522235 0.2923490615735462 0.050854522234891675
0 0.3240015302166476 0.1541382827822121 0.33092406157354615 0.13474579817559865 0.2860428244013683 0.11705707981755986 0.2754921630558723 0.14306683580387686 0.3240015302166476 0.1541382827822121
0 0.18260047662485746 0.5032534994298745 0.1599478597491448 0.4767081516533638 0.12069840250855188 0.49575132269099204 0.14822848232611174 0.5259769224629419 0.18260047662485746 0.5032534994298745
0 0.03957511858608894 0.5268797080957811 0.05069605131128848 0.5416193249714938 0.0904900763968073 0.5123019555302166 0.0810652542759407 0.49617078563283923 0.03957511858608894 0.5268797080957811
0 0.012767720638540479 0.482979417331813 0.03795610148232611 0.5170682748004561 0.05708425541619156 0.5004199418472064 0.03733980615735462 0.47025820182440137 0.012767720638540479 0.482979417331813
0 0.13737571151653363 0.9359674458380843 0.16666153819840365 0.9281026431014823 0.15892688711516534 0.889279614595211 0.11756171037628278 0.902034322690992 0.13737571151653363 0.9359674458380843
0 0.8747084503990878 0.6256802611174458 0.8316602291904219 0.6376004264538199 0.8563883728620296 0.7133604595210946 0.8952114116305587 0.7016401459521094 0.8747084503990878 0.6256802611174458
0 0.6134492189281642 0.018709884834663626 0.6119411562143672 0.055037920182440137 0.6604124857468643 0.06424688255416192 0.6679227354618016 0.025751851767388825 0.6134492189281642 0.018709884834663626
0 0.9069415860889396 0.447513590649943 0.9423461755986317 0.43451918472063855 0.9338523432155075 0.40536427480045606 0.898794417331813 0.4116257787913341 0.9069415860889396 0.447513590649943
0 0.956786409350057 0.2592449942987457 0.9595211607753705 0.2099111094640821 0.921818526795895 0.20940429760547322 0.9249267582668187 0.2576927582668187 0.956786409350057 0.2592449942987457
0 0.12137399543899657 0.9517013717217788 0.13563040364880274 0.9441084606613455 0.11236274344355758 0.9070186476624859 0.050807401368301024 0.937578898517674 0.057873054732041046 0.9427768962371722 0.12137399543899657 0.9517013717217788
0 0.8507753010262258 0.6253114469783353 0.8422373500570125 0.5666065689851767 0.7760134275940707 0.5770683557582669 0.7965671345496009 0.6398571220068414 0.8507753010262258 0.6253114469783353