0 0.22711093728620296 0.19865937514253137 0.25798593728620295 0.155425 0.21048593728620296 0.1269515621436716 0.18198437514253138 0.1708468745724059 0.22711093728620296 0.19865937514253137
0 0.2092984378563284 0.2653734378563284 0.23601718700114027 0.2337234378563284 0.2045484378563284 0.21118281299885974 0.18020468757126568 0.2384687502850627 0.2092984378563284 0.2653734378563284
0 0.09440624971493729 0.4068078129988597 0.11429843785632839 0.39506718700114024 0.08639218700114025 0.3594765621436716 0.07214062485746864 0.369560937286203 0.09440624971493729 0.4068078129988597
0 0.2853 0.415235937286203 0.27757968757126567 0.43006406271379705 0.2876734378563284 0.4401484378563284 0.26689218700114026 0.4620953124287343 0.3117203124287343 0.5002078129988597 0.3464546875712657 0.45201250057012543 0.2853 0.415235937286203
0 0.4545187502850627 0.23194375028506273 0.42601875028506275 0.2094031254275941 0.4010812497149373 0.23965468757126568 0.44323750057012545 0.26931406271379704 0.4545187502850627 0.23194375028506273
0 0.5121125005701254 0.11415624971493729 0.5210187502850627 0.0925484378563284 0.49311249942987456 0.07415937514253136 0.4818312497149373 0.0967 0.5121125005701254 0.11415624971493729
0 0.532596874572406 0.07857343785632839 0.5435812497149373 0.060517187001140255 0.5097375005701255 0.04390781299885975 0.4984562497149373 0.060517187001140255 0.532596874572406 0.07857343785632839
0 0.6946921870011402 0.2733796875712657 0.7098328129988597 0.24914531242873433 0.6688640627137971 0.21711406271379702 0.6486765621436716 0.24084218700114024 0.6946921870011402 0.2733796875712657
0 0.5664406248574686 0.1443984378563284 0.5869249999999999 0.12279999999999999 0.5566453124287343 0.10500468757126569 0.5364562497149373 0.12813749942987457 0.5664406248574686 0.1443984378563284
0 0.9194281254275941 0.47870468757126566 0.8621312497149373 0.4637375005701254 0.8618328129988597 0.48463593728620297 0.9081453124287343 0.5083640627137971 0.9194281254275941 0.47870468757126566
0 0.8410531254275941 0.9218062497149373 0.8585671870011403 0.88715 0.8190828129988598 0.8696078129988598 0.8048328129988598 0.9010453124287343 0.8410531254275941 0.9218062497149373
0 0.5735656248574686 0.8738062497149373 0.5394249999999999 0.8553718745724058 0.5245812497149372 0.8856234378563284 0.5566453124287343 0.8992671870011403 0.5735656248574686 0.8738062497149373
0 0.6124562497149373 0.7800374994298745 0.5726765621436716 0.7750703124287344 0.569114062713797 0.8049515621436716 0.6011765621436717 0.8120703124287343 0.6124562497149373 0.7800374994298745
0 0.1522984378563284 0.6567640627137971 0.17604687457240595 0.6406406248574686 0.1522984378563284 0.6038640627137971 0.12914062485746863 0.6264062497149373 0.1522984378563284 0.6567640627137971
0 0.5946453124287343 0.9740062497149373 0.5602062497149373 0.9627578129988598 0.5578312497149372 0.9834968745724059 0.5881140627137971 0.9947671870011403 0.5946453124287343 0.9740062497149373
0 0.19059531242873431 0.6300765621436716 0.21701718700114025 0.609203125427594 0.20157968757126565 0.5920015621436716 0.17486093728620294 0.6044578129988598 0.19059531242873431 0.6300765621436716
0 0.10687500000000001 0.5980546875712657 0.12557812542759406 0.5884421870011403 0.10836093728620297 0.5605625005701255 0.09707812542759407 0.5712406248574686 0.10687500000000001 0.5980546875712657
0 0.7128015621436716 0.7284328129988596 0.6748000000000001 0.7225 0.6736140627137971 0.7373281254275941 0.7110203124287343 0.7426671870011402 0.7128015621436716 0.7284328129988596
0 0.6813328129988597 0.7047968745724059 0.7157703124287342 0.7100437502850626 0.7157703124287342 0.6958062497149373 0.6825203124287343 0.688689062713797 0.6813328129988597 0.7047968745724059
0 0.7962234378563284 0.4148125005701255 0.8101765621436716 0.39269531242873434 0.7810828129988597 0.37134062485746866 0.766239062713797 0.39506718700114024 0.7962234378563284 0.4148125005701255
0 0.664410937286203 0.47530156214367164 0.6724265621436716 0.463875 0.6427374994298746 0.4401484378563284 0.6338312497149373 0.45023281299885975 0.664410937286203 0.47530156214367164
0 0.6439265621436716 0.4259124994298746 0.6676765621436715 0.4443015621436716 0.6750984378563284 0.4450578129988597 0.6813328129988597 0.43421718700114026 0.6510515621436715 0.41286250057012547 0.6439265621436716 0.4259124994298746
0 0.6323484378563283 0.188875 0.6136453124287343 0.2076234378563284 0.6368 0.2313515621436716 0.6563953124287343 0.2135546875712657 0.6323484378563283 0.188875