0 0.13135443443557582 0.13138643671607753 0.09412652793614594 0.06386583124287343 0.060210041049030785 0.06983352907639681 0.08969939566704675 0.14475568072976056 0.13135443443557582 0.13138643671607753
0 0.13916743443557583 0.22698520980615733 0.16793954618015963 0.27732405701254276 0.20052113797035345 0.26036651311288483 0.17841712770809579 0.2068131117445838 0.13916743443557583 0.22698520980615733
0 0.13000520410490307 0.27076317445838083 0.11505401140250855 0.23725980501710378 0.08175444811858609 0.2569840581527936 0.10434074458380843 0.2927570228050171 0.13000520410490307 0.27076317445838083
0 0.5426571140250855 0.07392113683010261 0.5320765302166477 0.03784155644241733 0.4786155735461802 0.05777941733181299 0.4876230490307868 0.0866380889395667 0.5426571140250855 0.07392113683010261
0 0.9111741459521095 0.24565662371721778 0.9012795849486887 0.21005740250855187 0.85528882668187 0.22961098859749146 0.8698105096921322 0.26067849714937286 0.9111741459521095 0.24565662371721778
0 0.9394615769669327 0.3069237867730901 0.9274343044469783 0.2729064378563284 0.898175503990878 0.2881928483466363 0.9091223352337514 0.3195019817559863 0.9394615769669327 0.3069237867730901
0 0.784132763968073 0.32527832269099205 0.7704856750285063 0.2957606134549601 0.7154816316989738 0.3223249099201824 0.7372907058152793 0.35539965906499427 0.784132763968073 0.32527832269099205
0 0.72103355986317 0.500840062713797 0.6993110079817559 0.45286929760547323 0.6645332166476624 0.47104864538198404 0.6884284868871152 0.5193740718358039 0.72103355986317 0.500840062713797
0 0.035468319270239454 0.45608383124287344 0.05798610832383124 0.48463872177879136 0.10377157810718357 0.4553637172177879 0.08545059863169897 0.4249835803876853 0.035468319270239454 0.45608383124287344
0 0.24668883238312428 0.4332955062713797 0.23562148688711515 0.4081414344355758 0.17946098403648802 0.4384049361459521 0.2031701197263398 0.4668687548460661 0.24668883238312428 0.4332955062713797
0 0.1484353842645382 0.512056724059293 0.13410227137970354 0.4820586545039909 0.08069037856328393 0.5091133033067274 0.0961805929304447 0.5405447194982896 0.1484353842645382 0.512056724059293
0 0.15500278791334093 0.6313648004561004 0.13753703648802737 0.6109548118586089 0.10742499543899657 0.6299504230330673 0.12758386887115164 0.6536664207525655 0.15500278791334093 0.6313648004561004
0 0.25217604218928164 0.7106024538198403 0.23031119954389967 0.6789210558722919 0.2027366157354618 0.7088880364880273 0.22042167388825543 0.7390899555302166 0.25217604218928164 0.7106024538198403
0 0.09328249828962372 0.9138965849486888 0.07012981641961231 0.9414702862029647 0.08264117217787914 0.9766493500570126 0.11611391904218929 0.9339633717217788 0.09328249828962372 0.9138965849486888
0 0.906851125427594 0.8878971995438997 0.8922420513112884 0.8597533443557583 0.8459740638540479 0.8811629555302166 0.8660498517673888 0.9197854697833523 0.906851125427594 0.8878971995438997
0 0.7809446761687571 0.741445062713797 0.7647860809578108 0.7147802485746864 0.7355798962371721 0.7337843147092361 0.7521604891676169 0.7628514059293044 0.7809446761687571 0.741445062713797
0 0.9452817366020524 0.6203116921322691 0.928643054732041 0.5943344424173318 0.8936924047890535 0.6149527343215507 0.9134251265678449 0.6413808095781072 0.9452817366020524 0.6203116921322691
0 0.9020970490307867 0.5737168164196124 0.8876611037628278 0.5431355564424173 0.8571156567844925 0.5545442930444698 0.8742313694412771 0.5900744629418473 0.9020970490307867 0.5737168164196124
0 0.13915879931584949 0.14145449144811859 0.10754726795895098 0.15365570353477767 0.10878009920182441 0.17090524629418474 0.1466976385404789 0.1551455724059293 0.13915879931584949 0.14145449144811859
0 0.5505684948688712 0.9975321927023946 0.5955167924743444 0.9891718654503991 0.5787101185860889 0.9553943454960092 0.5425233112884834 0.9690020364880274 0.5505684948688712 0.9975321927023946
0 0.19259591904218928 0.8548238551881414 0.17849903648802737 0.839842590649943 0.14054733523375143 0.8844813101482326 0.1589202212086659 0.8963588380843787 0.19259591904218928 0.8548238551881414
0 0.16690754846066133 0.842489393386545 0.15425094982896237 0.8356853819840365 0.11812626909920183 0.8769905735461802 0.13116763740022805 0.8877043546180159 0.16690754846066133 0.842489393386545