0 0.6637785142531356 0.3611034538198404 0.7089875621436716 0.35236078107183577 0.7078157491448118 0.3010916510832383 0.6545364549600912 0.30778199771949827 0.6637785142531356 0.3611034538198404
0 0.32030279817559865 0.02638939110604333 0.3253675530216648 0.08150194184720638 0.3393491607753706 0.07712439794754847 0.3336092656784493 0.023155036488027365 0.32030279817559865 0.02638939110604333
0 0.3249115051311288 0.1475388038768529 0.34181176396807295 0.14395898631698975 0.3364969441277081 0.09240014823261118 0.32188686088939567 0.09167611174458382 0.3249115051311288 0.1475388038768529
0 0.35930883580387685 0.05530575256556443 0.3733335290763968 0.050334456100342075 0.37235073546180164 0.013363340935005701 0.3559989247434435 0.011922310148232612 0.35930883580387685 0.05530575256556443
0 0.6647245473204105 0.01595211174458381 0.6515820832383125 0.01681870125427594 0.6565241425313568 0.07370827251995439 0.6701754127708096 0.07138926225769669 0.6647245473204105 0.01595211174458381
0 0.6905621356898517 0.012104453819840365 0.6757080034207525 0.011958550741163055 0.6852994230330673 0.07036363740022805 0.7009666499429874 0.0646159646522235 0.6905621356898517 0.012104453819840365
0 0.7305973500570125 0.21340471379703535 0.7608057457240592 0.20658909236031925 0.7621890478905359 0.1697834298745724 0.7243820205245155 0.17606770353477763 0.7305973500570125 0.21340471379703535
0 0.9077833204104904 0.11151482098061573 0.9415838380843786 0.10435518586088939 0.9373941356898517 0.07073101938426454 0.9011184253135689 0.07146797377423034 0.9077833204104904 0.11151482098061573
0 0.7159060809578107 0.7296092257696694 0.7710092668187001 0.7239392177879133 0.76752255986317 0.6207242588369442 0.7141799190421892 0.6280069418472063 0.7159060809578107 0.7296092257696694
0 0.8374180912200684 0.556568645381984 0.8513169726339795 0.553374149372862 0.8541391174458381 0.48750274116305586 0.8426975290763968 0.48610903420752566 0.8374180912200684 0.556568645381984
0 0.8347074070695554 0.6718494378563283 0.8563415279361459 0.6685990775370582 0.8571107388825541 0.6150848768529077 0.8291288369441276 0.6164017913340936 0.8347074070695554 0.6718494378563283
0 0.874318543899658 0.6496209236031927 0.9022421174458382 0.6414551311288483 0.9024134070695553 0.6134927149372862 0.8724051014823262 0.6096071641961232 0.874318543899658 0.6496209236031927
0 0.7741756339794755 0.8402246077537058 0.8320285735461802 0.837722881413911 0.8294989076396807 0.7896323990877993 0.7730561334093501 0.7966967331812999 0.7741756339794755 0.8402246077537058
0 0.8521284538198404 0.856390763968073 0.8563720273660206 0.8977562953249715 0.9181484310148232 0.8901721254275942 0.9106167822120866 0.8533367023945269 0.8521284538198404 0.856390763968073
0 0.73273717331813 1 0.7254994846066135 0.9665759794754846 0.7121913489167617 0.9698117833523375 0.7178274925883694 1 0.73273717331813 1
0 0.7632510969213228 1 0.7614590114025085 0.9625433158494869 0.7439680068415051 0.9660818255416193 0.7478787411630559 1 0.7632510969213228 1
0 0.5455782884834663 0.8694762805017104 0.5602351448118585 0.8639539897377423 0.553820220068415 0.8111262588369441 0.5355892907639681 0.8101490285062715 0.5455782884834663 0.8694762805017104