0 0.9543899657924744 0.5598631698973774 0.04446978335233751 0.043329532497149374
0 0.484850441277081 0.7930415496009122 0.4561599714937286 0.8331590478905359 0.5077096978335234 0.8641603762827822 0.5244736989737743 0.814264668187001 0.484850441277081 0.7930415496009122
0 0.37658228278221206 0.544307787913341 0.3438721870011403 0.5342696168757127 0.3057147685290764 0.5863752713797036 0.3556553477765108 0.5948192816419613 0.37658228278221206 0.544307787913341
0 0.02600974230330673 0.1946419714937286 0.051480814139110605 0.2159542314709236 0.08354683352337514 0.18558769669327252 0.05592062827822121 0.16291390421892818 0.02600974230330673 0.1946419714937286
0 0.6088395849486887 0.045249566704675025 0.612105660205245 0.009350989737742304 0.5625064127708096 0.00397748802736602 0.5618571858608894 0.042787322690992016 0.6088395849486887 0.045249566704675025
0 0.32673463397947544 0.9599748700114025 0.3341465815279362 0.9242935689851768 0.2701440353477765 0.9029021197263397 0.2528417388825542 0.9422301721778792 0.32673463397947544 0.9599748700114025
0 0.4895804435575827 0.9988915210946409 0.498730181299886 0.9565029144811859 0.43320164766248576 0.9378071687571267 0.4177259270239453 0.9951257856328393 0.4895804435575827 0.9988915210946409
0 0.7356337149372861 0.7191997080957812 0.7015965108323832 0.7077041482326111 0.6925120296465221 0.7488475883694412 0.722622441277081 0.755975401368301 0.7356337149372861 0.7191997080957812
0 0.36305224287343213 0.2558277662485747 0.33143778449258837 0.24703614481185862 0.31613401368301025 0.2822052793614595 0.3461919635119726 0.2941854344355758 0.36305224287343213 0.2558277662485747
0 0.7807159897377423 0.016106506271379703 0.7654240114025085 0.013224109464082097 0.7451274811858609 0.1058043740022805 0.7545495233751425 0.10897370581527936 0.7807159897377423 0.016106506271379703
0 0.7496787046750285 0.27965738882554164 0.7646745153933866 0.276875897377423 0.7689212554161915 0.22566860205245154 0.7549683295324972 0.22404551311288481 0.7496787046750285 0.27965738882554164
0 0.7268186271379704 0.23981262941847206 0.7456495655644242 0.2431777765108324 0.7494726294184721 0.22286408437856328 0.7307124218928164 0.22217974914481187 0.7268186271379704 0.23981262941847206