0 0.36353281299885976 0 0.37958593728620293 0.04924687457240593 0.43665624971493733 0.03145156214367161 0.43071093728620297 0 0.36353281299885976 0
0 0.55615 0.2010984378563284 0.5620953124287343 0.27405937514253137 0.6048984378563285 0.26694218700114025 0.5983593751425313 0.19398124971493727 0.55615 0.2010984378563284
0 0.2728734378563284 0.4610687502850627 0.2844656248574686 0.5095500000000001 0.3474812497149373 0.49294218700114023 0.3361874994298746 0.4413343751425314 0.2728734378563284 0.4610687502850627
0 0.5172109372862029 0.48775468757126567 0.525235937286203 0.5178546875712657 0.5662562497149373 0.5065843751425314 0.554960937286203 0.4721812497149373 0.5172109372862029 0.48775468757126567
0 0.44943749942987454 0.562475 0.45865312542759407 0.5943734378563283 0.5151296875712656 0.5759843751425314 0.5038343751425314 0.5463281254275941 0.44943749942987454 0.562475
0 0.727660937286203 0.44861562485746864 0.7350937502850627 0.482264062713797 0.7719515621436717 0.4704015621436716 0.7648171870011403 0.4413343751425314 0.727660937286203 0.44861562485746864
0 0.33529531242873434 0.6798906248574687 0.33975468757126565 0.7124156248574687 0.38017968757126563 0.702925 0.368289062713797 0.6714875005701254 0.33529531242873434 0.6798906248574687
0 0.4443843751425314 0.8013921870011403 0.4503296875712657 0.837575 0.5079968745724059 0.8156281254275941 0.49432187457240595 0.783596874572406 0.4443843751425314 0.8013921870011403
0 0.4324953124287343 0.7101343751425314 0.452114062713797 0.7663953124287344 0.48897187457240593 0.7521578129988596 0.47529843785632836 0.6981796875712657 0.4324953124287343 0.7101343751425314
0 0.2407703124287343 0.5971656248574686 0.24166093728620297 0.6169156248574686 0.27376562485746864 0.6175078129988597 0.2779265621436716 0.6056437502850628 0.2407703124287343 0.5971656248574686
0 0.32281093728620297 0.5740375005701254 0.3290531254275941 0.5842906248574686 0.3962312497149373 0.5593765621436716 0.39444687457240596 0.5439546875712657 0.32281093728620297 0.5740375005701254
0 0.10344218700114026 0.7786281254275941 0.12276249942987458 0.8340171870011402 0.16556718700114026 0.8203734378563283 0.14773124971493728 0.7652078129988598 0.10344218700114026 0.7786281254275941
0 0.23215 0.7818171870011403 0.26603593728620295 0.7687671870011403 0.24939062485746863 0.7165671870011403 0.21609843785632837 0.7319906248574687 0.23215 0.7818171870011403
0 0.580525 0.888039062713797 0.5817124994298746 0.902825 0.638189062713797 0.8856234378563284 0.6358125005701255 0.8731671870011402 0.580525 0.888039062713797
0 0.5849828129988598 0.9111671870011402 0.594196874572406 0.924771874572406 0.6441343751425314 0.906978125427594 0.6370015621436715 0.890960937286203 0.5849828129988598 0.9111671870011402
0 0.8569656248574686 0.8337781254275941 0.8682593751425314 0.8678281254275941 0.9407875005701255 0.8441015621436716 0.9312765621436716 0.81385 0.8569656248574686 0.8337781254275941
0 0.8855 0.8684687502850628 0.9051187502850627 0.9046046875712657 0.9562453124287343 0.8808781254275941 0.9354374994298746 0.850625 0.8855 0.8684687502850628
0 0.9336546875712657 0.8311093751425314 0.94495 0.8494390627137971 0.990725 0.837575 0.977053125427594 0.8156281254275941 0.9336546875712657 0.8311093751425314
0 0.9416796875712656 0.8560156248574686 0.9586234378563284 0.8779109372862031 0.9984546875712657 0.8541843751425313 0.997860937286203 0.837575 0.9416796875712656 0.8560156248574686
0 0.946139062713797 0.541125 0.9586234378563284 0.5967468745724058 0.9942937502850627 0.5920015621436716 0.984185937286203 0.53565 0.946139062713797 0.541125
0 0.17478124971493728 0.9538624994298746 0.1780515621436716 0.9657031254275941 0.20837031242873433 0.9579906248574687 0.2071812497149373 0.943160937286203 0.17478124971493728 0.9538624994298746