0 0.670482488027366 0.01904596465222349 0.5818302941847207 0.009898630558722919 0.5764840798175599 0.022341297605473206 0.6653708335233751 0.04262970011402508 0.670482488027366 0.01904596465222349
0 0.49555518244013685 0.21848231470923604 0.4878103819840365 0.24798058494868871 0.5418508540478905 0.2687695062713797 0.5577076476624857 0.23913481755986318 0.49555518244013685 0.21848231470923604
0 0.6362518198403648 0.5783137958950969 0.6132242782212086 0.6440502862029646 0.6489700091220069 0.6584811961231471 0.6743982075256556 0.5884731790193842 0.6362518198403648 0.5783137958950969
0 0.9264794834663627 0.7402519623717218 0.9699526191562144 0.7487616316989738 0.9749948164196124 0.7128845290763969 0.9365650889395667 0.7068855758266819 0.9264794834663627 0.7402519623717218
0 0.8857032782212086 0.6805443797035348 0.8546234150513112 0.6755768050171038 0.8422231870011402 0.7254125872291903 0.8717093363740023 0.7374537616875713 0.8857032782212086 0.6805443797035348
0 0.7907323181299887 0.5670379646522236 0.7510900969213227 0.5632669464082098 0.7472057936145953 0.5994377434435576 0.7869595610034208 0.6066925632839225 0.7907323181299887 0.5670379646522236
0 0.7060668141391107 0.8196302018244014 0.7147099429874573 0.779462496009122 0.6744799680729759 0.7756072964652223 0.6677101527936147 0.8131113580387686 0.7060668141391107 0.8196302018244014
0 0.7126171368301026 0.8199512041049031 0.7079056921322692 0.8534748734321551 0.738476505131129 0.8599314047890536 0.7615933683010262 0.8298338677309008 0.7126171368301026 0.8199512041049031
0 0.8589672976054732 0.8153304925883694 0.7836960615735462 0.8005531356898518 0.7806188825541619 0.8139158574686431 0.8604286237172178 0.8305302291904219 0.8589672976054732 0.8153304925883694
0 0.957801937286203 0.8352182234891676 0.8871994720638541 0.8234953614595211 0.8868087947548461 0.8412071094640822 0.9551935473204105 0.8516447548460662 0.957801937286203 0.8352182234891676
0 0.4320055952109464 0.9778325541619157 0.4494871470923603 0.9473027776510833 0.41189279817559865 0.9204278608893957 0.3925740114025086 0.9554976887115165 0.4320055952109464 0.9778325541619157
0 0.3431545803876853 0.8975733055872291 0.365642496009122 0.8527527651083239 0.3382260171037628 0.8345064310148232 0.31020777194982896 0.8845471641961232 0.3431545803876853 0.8975733055872291
0 0.40459339908779934 0.8102475245153934 0.42190015165336375 0.7766952554161916 0.3921335496009122 0.7581170558722918 0.37727063511972636 0.7956118734321551 0.40459339908779934 0.8102475245153934
0 0.28781311516533636 0.7452545313568985 0.26663846408209807 0.7764644469783353 0.30657776738882553 0.8037304629418472 0.324398338654504 0.7707884538198404 0.28781311516533636 0.7452545313568985
0 0.30869536830102623 0.5454743443557583 0.2946778608893956 0.5854863158494868 0.3376088643101482 0.6021309543899658 0.34988309692132263 0.5638573454960091 0.30869536830102623 0.5454743443557583
0 0.22277917559863172 0.7643029977194983 0.19116580843785633 0.7460664150513113 0.15520156100342075 0.8099831927023946 0.19127058152793616 0.8306463090079818 0.22277917559863172 0.7643029977194983
0 0.8032601334093501 0.8746722497149373 0.8058660456100342 0.8390539122006841 0.7761273922462942 0.8330756624857468 0.7704889589509691 0.8689289281641961 0.8032601334093501 0.8746722497149373
0 0.6470941778791334 0.16840859064994299 0.5743589452679589 0.16118424629418474 0.5735510193842646 0.17546547662485745 0.6459541687571265 0.18504149030786773 0.6470941778791334 0.16840859064994299
0 0.3073789179019384 0.06848661801596351 0.2981929703534778 0.09118533409350058 0.31474812656784495 0.09711109806157354 0.3267088825541619 0.07599994868871152 0.3073789179019384 0.06848661801596351
0 0.3371438734321551 0.04868009464082098 0.31580231014823257 0.04268122805017104 0.3086797001140251 0.06563048118586089 0.32485279931584954 0.07214158152793615 0.3371438734321551 0.04868009464082098
0 0.04380749030786773 0.600008550741163 0.12652924059293044 0.6428206499429874 0.13633287229190422 0.6328031870011402 0.05871720296465222 0.5835121014823261 0.04380749030786773 0.600008550741163
0 0.796956267958951 0.45875821208665907 0.786797126567845 0.4969141014823261 0.826790062713797 0.5067334161915622 0.8333371938426454 0.4686694777651083 0.796956267958951 0.45875821208665907
0 0.6180082702394527 0.37963184948688716 0.6085088700114025 0.4130821995438997 0.6401171299885976 0.4207006750285063 0.6471667183580387 0.3897272314709236 0.6180082702394527 0.37963184948688716
0 0.1966868244013683 0.7366462394526796 0.2079034378563284 0.7208299304446979 0.14471581071835804 0.6883447685290763 0.13572955872291906 0.7010900353477765 0.1966868244013683 0.7366462394526796
0 0.223568251995439 0.7416233489167617 0.20927281527936148 0.7324176556442418 0.19887730444697832 0.7445246431014824 0.21536459749144812 0.7530664207525656 0.223568251995439 0.7416233489167617
0 0.18003795781071838 0.27489638426453816 0.17377301824401367 0.28960985176738885 0.18872952793614595 0.29411177080957807 0.1971999874572406 0.28290342759407067 0.18003795781071838 0.27489638426453816
0 0.20399496693272517 0.24947534777651084 0.18576784606613453 0.24691369327251994 0.18102046636259977 0.26363919498289623 0.20101150285062716 0.26644875256556444 0.20399496693272517 0.24947534777651084
0 0.458636488027366 0.7200835883694413 0.44121126567844926 0.7758101676168758 0.4791079521094641 0.7920013124287343 0.49915206499429876 0.7389717092360318 0.458636488027366 0.7200835883694413