0 0.8568135222348917 0.3243000057012543 0.8722345347776511 0.3700995336374002 0.9142057149372862 0.3576054321550741 0.9006667457240592 0.31004085974914486 0.8568135222348917 0.3243000057012543
0 1 0.9061936978335233 0.9778175062713798 0.8334331037628279 0.960167432155074 0.8338135347776511 0.9883461596351197 0.9362812098061574 1 0.9346433683010262 1 0.9061936978335233
0 0.7804717274800456 0.40338027137970356 0.7995033500570126 0.48764697149372865 0.8139994857468643 0.48590946408209806 0.7957450638540479 0.4012337434435576 0.7804717274800456 0.40338027137970356
0 0.7333056100342075 0.4130069623717218 0.75636730672748 0.49610768757126567 0.7722251436716078 0.4890823329532497 0.752351803876853 0.41213052679589507 0.7333056100342075 0.4130069623717218
0 0.817082921322691 0.38684436374002285 0.8345411117445838 0.3831900262257697 0.8246344903078677 0.3468084492588369 0.8093756305587229 0.3507532748004561 0.817082921322691 0.38684436374002285
0 0.8339753751425313 0.4516238175598632 0.85026582668187 0.4439380775370581 0.8416908814139111 0.4127656111744584 0.8259677844925883 0.4176734811858609 0.8339753751425313 0.4516238175598632
0 0.8491960809578107 0.513040709236032 0.8636335438996579 0.5092129007981756 0.8557371915621438 0.47434755416191565 0.8415667822120867 0.47753824515393384 0.8491960809578107 0.513040709236032
0 0.08901368871151653 0.42321345724059295 0.1067024070695553 0.4680946955530217 0.1636895290763968 0.44779418244013686 0.14769802394526796 0.40177503990877994 0.08901368871151653 0.42321345724059295
0 0 0.3087905838084379 0.03921068529076397 0.29710333979475484 0.024380025085518814 0.24462540592930446 0 0.2507919931584949 0 0.3087905838084379
0 0.07336765108323831 0.6784372862029647 0.08626661915621436 0.7275891904218929 0.1360752690992018 0.7178924857468644 0.12482127594070697 0.6652101003420753 0.07336765108323831 0.6784372862029647
0 0.05230813454960091 0.7587450672748005 0.06506733979475485 0.7941261550741162 0.1367266111744584 0.7672667183580388 0.12969837514253135 0.7382752155074116 0.05230813454960091 0.7587450672748005
0 0.19276231470923602 0.7479992953249714 0.26226875940706956 0.726838685290764 0.2351024150513113 0.6017442862029646 0.16219020980615736 0.6224841687571266 0.19276231470923602 0.7479992953249714