0 0.3618921870011403 0.3921015621436716 0.3708 0.44370781299885975 0.44026875028506274 0.42116718700114025 0.43314375028506275 0.37371249942987456 0.3618921870011403 0.3921015621436716
0 0.3669406248574687 0.5482421870011402 0.3690171870011402 0.5848828129988598 0.47114375028506267 0.5599703124287344 0.4604562497149373 0.5226 0.3669406248574687 0.5482421870011402
0 0.4560031254275941 0.5998343751425314 0.4557062497149373 0.6329296875712657 0.4925187502850627 0.6305578129988597 0.491925 0.5943734378563283 0.4560031254275941 0.5998343751425314
0 0.5219093751425313 0.5873812497149373 0.5269562497149373 0.6234390627137971 0.5542687502850627 0.616321874572406 0.5477375005701255 0.5836968745724059 0.5219093751425313 0.5873812497149373
0 0.7303171870011402 0.44416875028506275 0.7294265621436716 0.4852296875712657 0.7858328129988598 0.47633281299885977 0.7882078129988597 0.43896249942987453 0.7303171870011402 0.44416875028506275
0 0.28143906271379704 0.4557312497149373 0.2900484378563284 0.5083640627137971 0.3280484378563284 0.5036171870011402 0.3185484378563284 0.450825 0.28143906271379704 0.4557312497149373
0 0.07926562485746864 0.5313406248574687 0.08817187457240593 0.5748 0.12617187457240592 0.5664937502850628 0.11370312542759407 0.523785937286203 0.07926562485746864 0.5313406248574687
0 0.14962656214367162 0.3614421870011403 0.16832968757126568 0.40870937514253136 0.21226718700114025 0.39625468757126564 0.19326718700114026 0.34524062485746865 0.14962656214367162 0.3614421870011403
0 0.18525 0.2751578129988597 0.1997984378563284 0.3310031254275941 0.23898593728620296 0.31676875028506274 0.22948593728620295 0.26219531242873434 0.18525 0.2751578129988597
0 0.09351562485746864 0.24046718700114025 0.11192343785632838 0.2930406248574686 0.17486093728620294 0.26990781299885974 0.15348437514253135 0.2206734378563284 0.09351562485746864 0.24046718700114025
0 0 0.27465312542759407 0.03651562485746864 0.2734656248574686 0.03592343785632839 0.2384687502850627 0 0.24135781299885975 0 0.27465312542759407
0 0.345564062713797 0.28939062485746864 0.3547687502850627 0.3232921870011402 0.40820624971493724 0.30431093728620295 0.3951437502850627 0.27524531242873435 0.345564062713797 0.28939062485746864
0 0.2689703124287343 0.38457031242873435 0.27461093728620295 0.4170156248574687 0.3155796875712657 0.40633749942987457 0.30726875028506273 0.3766781254275941 0.2689703124287343 0.38457031242873435
0 0.42037812542759406 0.1764218745724059 0.44205 0.23016406271379702 0.487175 0.20465781299885977 0.4687687502850627 0.155425 0.42037812542759406 0.1764218745724059
0 0.45392499999999997 0.13644375028506273 0.4355187502850627 0.09788593728620297 0.39989218700114026 0.11924062485746864 0.41414375028506273 0.1512734378563284 0.45392499999999997 0.13644375028506273
0 0.5744562497149373 0.030540624857468644 0.5910828129988598 0.06466875028506272 0.645114062713797 0.03441718700114025 0.6278937502850628 0.006537500570125428 0.5744562497149373 0.030540624857468644