0 0.31288039224629416 0.46096623489167615 0.32552032953249715 0.4130540171037628 0.2745701881413911 0.4013357229190422 0.25863995210946406 0.4490604287343215 0.31288039224629416 0.46096623489167615
0 0.0323210433295325 0.720289677309008 0.17177768187001138 0.7247817913340936 0.17469702964652223 0.6693102862029647 0.03528332497149373 0.6645973067274801 0.0323210433295325 0.720289677309008
0 0.6545338563283923 1 0.6583956134549601 0.9908239395667047 0.5989458164196123 0.9792680695553021 0.591279574686431 1 0.6545338563283923 1
0 1 0.4761643021664766 0.969076473204105 0.4691751710376283 0.9499259965792475 0.5459217651083238 0.9826947708095781 0.5547108209806157 1 0.5006728643101482 1 0.4761643021664766
0 0.5406698643101482 0.3175327388825541 0.49133887571265683 0.3037081322690992 0.4796338232611175 0.33591964424173315 0.531636354618016 0.34844736488027367 0.5406698643101482 0.3175327388825541
0 0.42292016419612316 0.46586691562143673 0.4291850627137971 0.41807804789053593 0.3937465803876853 0.4105846419612315 0.3904283409350057 0.464996503990878 0.42292016419612316 0.46586691562143673
0 0.7680712497149372 0.3643566944127708 0.7783083055872292 0.3334738620296465 0.7475149395667047 0.32385746750285066 0.735923181299886 0.3554861379703535 0.7680712497149372 0.3643566944127708
0 0.7103239429874573 0.796801976054732 0.7202714093500571 0.7596295803876854 0.682014401368301 0.7479575381984036 0.6717504515393387 0.7883139828962371 0.7103239429874573 0.796801976054732
0 0.9694595746864311 0.6539175074116305 0.9806391311288484 0.605738929304447 0.9510275256556443 0.5993781527936146 0.930320968072976 0.6467808905359179 0.9694595746864311 0.6539175074116305
0 0.22753444583808438 0.1640958654503991 0.24330438882554162 0.10786873774230331 0.07530540820980616 0.07097741049030787 0.06476649030786773 0.12519544127708096 0.22753444583808438 0.1640958654503991
0 0.18532084378563282 0 0.17995076282782213 0.019923875712656785 0.2412632497149373 0.04057571949828962 0.2527423728620296 0.00019125199543899656 0.25175846636259974 0 0.18532084378563282 0
0 0.2283179817559863 0.8119848540478906 0.24747164196123148 0.7336741961231471 0.19948424059293043 0.7316079304446977 0.1787133762827822 0.8104590034207526 0.2283179817559863 0.8119848540478906