0 0.1709442234891676 0 0.18012795781071836 0.06156301596351198 0.22372280615735463 0.05790676966932725 0.20725994640820983 0 0.1709442234891676 0
0 0.20983051539338657 0.1528128950969213 0.22654142189281642 0.2083338779931585 0.262102566704675 0.19914021778791335 0.2526119749144812 0.14198706727480045 0.20983051539338657 0.1528128950969213
0 0.19105521208665907 0.19340777993158498 0.18402383580387685 0.15739981299885974 0.14714074686431017 0.16912776282782213 0.16110099201824402 0.2090646795895097 0.19105521208665907 0.19340777993158498
0 0.6374107046750285 0.09443727366020524 0.6352174401368301 0.05690229646522235 0.5786416419612315 0.06430305359179019 0.5809264663625998 0.09444831927023946 0.6374107046750285 0.09443727366020524
0 0.8894552519954391 0.03874412770809578 0.8868916909920183 0.019589961231470922 0.8471633990877994 0.017507889395667046 0.8535541014823261 0.04308052565564424 0.8894552519954391 0.03874412770809578
0 0.9578505895096922 0.34466948574686435 0.9562177080957811 0.3077568779931585 0.9070070900798175 0.31646363740022804 0.914167914481186 0.3500015564424173 0.9578505895096922 0.34466948574686435
0 0.9716309030786774 0.4107296624857469 0.9675641265678449 0.3748786282782212 0.9356165336374003 0.38319145153933865 0.9392397765108325 0.41616063511972634 0.9716309030786774 0.4107296624857469
0 0.8161542850627137 0.3936723933865451 0.8094970102622577 0.36184129304446977 0.7499270501710376 0.3753515313568985 0.7637369589509693 0.412484550741163 0.8161542850627137 0.3936723933865451
0 0.7151795108323832 0.5505402645381984 0.7048047810718358 0.4989124766248575 0.6668288791334094 0.5088025872291905 0.679240858608894 0.5612647023945269 0.7151795108323832 0.5505402645381984
0 0.057253224629418474 0.3527125085518814 0.07277043101482326 0.3856009395667047 0.12396786545039909 0.3673757411630559 0.112950496009122 0.333652921322691 0.057253224629418474 0.3527125085518814
0 0.2681864275940707 0.3780225233751425 0.2630611721778791 0.35102353819840365 0.201532251995439 0.367878023945268 0.21823075940706954 0.40094571265678447 0.2681864275940707 0.3780225233751425
0 0.15473379019384265 0.43266287913340934 0.14751613112884834 0.4002094104903079 0.08938720980615736 0.4145555895096921 0.09740988027366021 0.4486659589509692 0.15473379019384265 0.43266287913340934
0 0.1342943945267959 0.5503904435575826 0.1218675370581528 0.5265746214367161 0.08825418244013683 0.5383096408209807 0.10256144697833523 0.56595255986317 0.1342943945267959 0.5503904435575826
0 0.21115250969213226 0.6494564652223489 0.19697482554161916 0.6136685416191563 0.16336587343215508 0.6366645370581527 0.17380371151653365 0.6700706567844926 0.21115250969213226 0.6494564652223489
0 0 0.8593448779931585 0.028332376282782214 0.8364853409350056 0.010600167616875714 0.8117969110604333 0 0.8197791961231471 0 0.8593448779931585
0 0.8091656727480045 0.9694770079817561 0.8012620193842644 0.9387681527936146 0.7513637616875712 0.9492210045610034 0.7622368335233752 0.9913696955530217 0.8091656727480045 0.9694770079817561
0 0.7194307605473205 0.7984556419612314 0.7096845883694413 0.7688393534777651 0.6769519703534778 0.7807863831242873 0.6865689315849487 0.8128383101482326 0.7194307605473205 0.7984556419612314
0 0.906804952109464 0.7173947080957811 0.8964363295324972 0.6883403637400227 0.8577433557582668 0.7005680250855187 0.8710253055872291 0.7307576476624857 0.906804952109464 0.7173947080957811
0 0.8752086522234892 0.6622796145952109 0.8680219863169897 0.6292347685290763 0.8356930091220068 0.6334798700114025 0.8443774982896237 0.6719496020524516 0.8752086522234892 0.6622796145952109
0 0.2290623261117446 0.06947238198403649 0.1955163204104903 0.07424983010262258 0.19283725085518813 0.09133459407069555 0.2333281220068415 0.08450843101482326 0.2290623261117446 0.06947238198403649
0 0.43735203648802734 0.9961559110604333 0.48302897605473205 0.9981210250855188 0.4742513454960091 0.9614285416191561 0.43593093842645386 0.9665472086659066 0.43735203648802734 0.9961559110604333
0 0.12065666590649943 0.7765788711516534 0.11029113683010261 0.7588104663625997 0.06327060775370581 0.7937678232611174 0.0785007354618016 0.8094739315849487 0.12065666590649943 0.7765788711516534
0 0.09840133637400228 0.7587819144811858 0.08759969441277081 0.7493051744583809 0.04310924059293044 0.7814254310148233 0.053406282782212086 0.7947982884834663 0.09840133637400228 0.7587819144811858