0 0.7572998802736602 0.38700010034207527 0.7382991972633979 0.42114784606613453 0.795735661345496 0.44565542417331816 0.8043709988597492 0.4130466248574687 0.7572998802736602 0.38700010034207527
0 0.9264255416191561 0.3460797172177879 0.8941883511972634 0.3703725963511973 0.9201516932725199 0.41191486316989734 0.9510518802736602 0.3960778563283922 0.9264255416191561 0.3460797172177879
0 0.6270403534777651 0.27299357810718355 0.6336498483466363 0.31144033181299885 0.7216253683010262 0.31643227137970353 0.7197858483466363 0.2790883751425314 0.6270403534777651 0.27299357810718355
0 0.8348419270239453 0.27055406955530215 0.822973874572406 0.23694513911060433 0.7863103283922462 0.2458894937286203 0.7964817810718359 0.2842740729760547 0.8348419270239453 0.27055406955530215
0 0.48818891562143674 0.041078423033067274 0.4828941584948689 0.07795300912200684 0.5224650718358038 0.08256622805017104 0.531650275940707 0.04743807411630559 0.48818891562143674 0.041078423033067274
0 0.6257543728620296 0.40353590421892815 0.6441422337514253 0.36821117331812997 0.610462488027366 0.3438811995438997 0.5873284857468644 0.379468488027366 0.6257543728620296 0.40353590421892815
0 0.7631290148232611 0.5168243911060434 0.7318135438996579 0.4918593055872292 0.7079807662485746 0.5213453603192703 0.732757992018244 0.5459666887115165 0.7631290148232611 0.5168243911060434
0 0.5602547286202965 0.4954477172177879 0.5939670969213227 0.5215570820980615 0.6134674868871152 0.4991164595210947 0.5848157388825542 0.4736610615735462 0.5602547286202965 0.4954477172177879
0 0.6776448472063854 0.68858307981756 0.6480260034207526 0.6588439076396807 0.6182566305587229 0.6884335872291905 0.6422372622576967 0.7183602497149373 0.6776448472063854 0.68858307981756
0 0.5545005450399088 0.6420860992018244 0.5279654104903079 0.6188175336374002 0.49934384378563285 0.6461227696693272 0.5300223238312429 0.6686157822120866 0.5545005450399088 0.6420860992018244
0 0.3061318643101482 0.6339616818700113 0.32389667844925885 0.6650954458380844 0.3696016807297605 0.6298877343215508 0.34006051539338655 0.6044197331812998 0.3061318643101482 0.6339616818700113
0 0.22353036602052453 0.6306574595210946 0.2466898757126568 0.6646631368301027 0.2989147696693273 0.6287477799315849 0.27489798631698975 0.5966604811858609 0.22353036602052453 0.6306574595210946
0 0.05079814481185861 0.6010425416191563 0.06992624857468643 0.6422368608893956 0.11808873204104903 0.6117338506271379 0.08839896921322692 0.5778421584948689 0.05079814481185861 0.6010425416191563
0 0.2880811505131129 0.4503643717217788 0.2524547913340935 0.41657630444697835 0.2279455370581528 0.4413281322690992 0.2629602668187001 0.47409703078677307 0.2880811505131129 0.4503643717217788
0 0.32492625769669325 0.3838690205245154 0.295700322690992 0.41048157468643104 0.31564446408209806 0.4304740456100342 0.3502326499429875 0.404785236031927 0.32492625769669325 0.3838690205245154
0 0.8348264811858609 0.7119434401368302 0.8082188916761687 0.6845239429874572 0.782511984036488 0.7087043979475485 0.8127879977194983 0.742071716077537 0.8348264811858609 0.7119434401368302
0 0.8401490889395666 0.6086223101482325 0.8266828129988597 0.6195355553021664 0.8574929144811859 0.6496586818700114 0.8727139714937285 0.6371239418472064 0.8401490889395666 0.6086223101482325
0 0.8492231938426453 0.5841399042189281 0.8357672805017103 0.5956468072976054 0.8740877423033067 0.6306849224629418 0.89195430672748 0.6166162782212087 0.8492231938426453 0.5841399042189281
0 0.33129933865450395 0.8850669429874573 0.3553646385404789 0.9368548323831243 0.3874386123147092 0.9203112953249716 0.36483772519954394 0.8672773443557582 0.33129933865450395 0.8850669429874573
0 0.7565562280501711 0.8206916316989739 0.7372449452679589 0.83704521322691 0.762389928164196 0.8657248038768528 0.7825494321550741 0.8469341721778791 0.7565562280501711 0.8206916316989739
0 0.3645036180159635 0.6780309156214367 0.3444573454960091 0.6522768483466362 0.31725769783352337 0.6759910969213228 0.3357559304446978 0.6981106898517674 0.3645036180159635 0.6780309156214367
0 0.7592242896237172 0.803439314709236 0.7249198244013683 0.7773402862029647 0.6997962405929304 0.8009182816419613 0.7331956818700114 0.8262001687571265 0.7592242896237172 0.803439314709236
0 0.272657102622577 0.24714323261117446 0.22475345952109466 0.2924752326111745 0.2624126031927024 0.34065814025085517 0.3136885176738882 0.2843968722919042 0.272657102622577 0.24714323261117446