0 0.10792380615735463 0.4545164914481186 0.16156737856328393 0.46096234777651085 0.1616467582668187 0.412240834663626 0.1100719464082098 0.4140418665906499 0.10792380615735463 0.4545164914481186
0 0.19642717103762827 0.8643383580387685 0.28702855872291905 0.8243379874572406 0.27331588141391105 0.7885760171037629 0.18509805701254275 0.8305709817559863 0.19642717103762827 0.8643383580387685
0 0.01873372748004561 0.7558783865450399 0.016336929304446978 0.7892323523375143 0.0668922998859749 0.7922198152793615 0.07187836602052451 0.7480814161915622 0.01873372748004561 0.7558783865450399
0 0.039399765108323825 0.6678222611174458 0.07828474002280501 0.6765627080957811 0.0856858574686431 0.6335297605473204 0.047145009122006844 0.6268535621436716 0.039399765108323825 0.6678222611174458
0 0.6530370034207525 0.6315392155074115 0.6428379486887115 0.6794258905359178 0.7190290273660205 0.6856753557582668 0.724485716077537 0.637955850627138 0.6530370034207525 0.6315392155074115
0 0.9844821379703536 0.2308200273660205 0.8860956556442418 0.23484987115165337 0.8949076761687571 0.2832593261117446 0.9907579555302166 0.2745651527936146 0.9844821379703536 0.2308200273660205
0 0.5853172006841505 0.3410053044469783 0.5855618289623717 0.3819920478905359 0.6362738187001141 0.37249612770809576 0.635175574686431 0.3410465473204105 0.5853172006841505 0.3410053044469783
0 0.6151742440136829 0.44809260661345496 0.6164175381984036 0.48369590421892816 0.6549901824401368 0.48353714139110604 0.6531136191562145 0.4467677343215507 0.6151742440136829 0.44809260661345496
0 0.5696189384264538 0 0.5667528004561003 0.030337380843785632 0.6007104743443558 0.03390444811858609 0.6075464082098062 0.00871303078677309 0.5789023625997719 0 0.5696189384264538 0
0 0.2524630535917902 0.7013756499429875 0.26961425541619155 0.6995884925883695 0.26889303078677307 0.644953818700114 0.2552712006841505 0.6481030068415051 0.2524630535917902 0.7013756499429875
0 0.2786714834663626 0.704025102622577 0.2958641288483467 0.7034247217787915 0.29616234663625995 0.6440015530216647 0.280006921322691 0.6427849407069556 0.2786714834663626 0.704025102622577
0 0.12103664310148232 0.8640004948688711 0.15504576624857466 0.8521172919042189 0.14679322805017103 0.8197293215507411 0.11128231584948688 0.8322590798175599 0.12103664310148232 0.8640004948688711
0 0.7735610330672748 0.9895041755986317 0.8280996647662486 0.9875996442417333 0.8184422622576967 0.9489631470923603 0.7778108779931585 0.9560260889395668 0.7735610330672748 0.9895041755986317
0 0.5824586989737742 0.9560156499429875 0.6304364218928165 0.953152007981756 0.620678692132269 0.8946741117445838 0.5764427092360319 0.8988923694412772 0.5824586989737742 0.9560156499429875
0 0.5898741573546179 0.7264279327251996 0.6242786077537058 0.7258206157354617 0.6318024389965793 0.6863464914481187 0.5944564538198404 0.6876506419612315 0.5898741573546179 0.7264279327251996
0 0.49809499315849487 0.4777279167616876 0.5079810832383125 0.5059000581527936 0.53937117331813 0.4869805347776511 0.5331857799315849 0.46283794526795896 0.49809499315849487 0.4777279167616876