0 0.05967187457240593 0.15423750057012542 0.07451562485746864 0.18864218700114024 0.10836093728620297 0.1726265621436716 0.08995312542759407 0.1417812497149373 0.05967187457240593 0.15423750057012542
0 0.1968296875712657 0.39328750057012546 0.23007968757126568 0.3921015621436716 0.23126718700114027 0.355325 0.19623593728620298 0.3559171870011402 0.1968296875712657 0.39328750057012546
0 0.5596140627137971 0.34464687457240595 0.5228 0.3470203124287343 0.5168624994298746 0.39743906271379703 0.5507062497149373 0.40040624971493727 0.5596140627137971 0.34464687457240595
0 0.953271874572406 0.17559218700114027 0.9069593751425313 0.17559218700114027 0.907553125427594 0.2272 0.948521874572406 0.2266046875712657 0.953271874572406 0.17559218700114027
0 0.7632703124287343 0.4146421870011402 0.8196765621436717 0.4187937502850627 0.8262078129988597 0.36659531242873433 0.7751453124287344 0.35829062485746865 0.7632703124287343 0.4146421870011402
0 0.5798 0.5695906248574687 0.5827687502850627 0.5024328129988598 0.5447687502850628 0.5024328129988598 0.5412062497149372 0.5682734378563284 0.5798 0.5695906248574687
0 0.4450187502850627 0.6608093751425314 0.43373750057012544 0.6044578129988598 0.3832687502850627 0.6121687502850627 0.38920624971493734 0.662589062713797 0.4450187502850627 0.6608093751425314
0 0.42482968757126566 0.5375671870011403 0.364860937286203 0.5463281254275941 0.36842343785632836 0.5813234378563283 0.42720624971493726 0.564714062713797 0.42482968757126566 0.5375671870011403
0 0.42482968757126566 0.8838437502850628 0.42839218700114023 0.8666406248574686 0.3737687502850627 0.8725734378563283 0.3708 0.8862171870011403 0.42482968757126566 0.8838437502850628
0 0.4088 0.9093875005701254 0.40701875028506274 0.8927406248574686 0.3725812497149373 0.8933343751425313 0.37673750057012545 0.9099421870011403 0.4088 0.9093875005701254
0 0.5239874994298745 0.9022312497149373 0.5272531254275941 0.9342937502850628 0.5507062497149373 0.9307046875712657 0.5507062497149373 0.8974875005701254 0.5239874994298745 0.9022312497149373
0 0.569114062713797 0.9312968745724058 0.5708937502850627 0.9508734378563284 0.6136453124287343 0.9449406248574687 0.6130515621436716 0.9307046875712657 0.569114062713797 0.9312968745724058
0 0.5735656248574686 0.9520843751425313 0.5726765621436716 0.9686671870011402 0.6029562497149373 0.9651078129988597 0.6023624994298746 0.9508734378563284 0.5735656248574686 0.9520843751425313
0 0.7062703124287343 0.8969343751425314 0.7098328129988597 0.8862171870011403 0.6920203124287343 0.8779109372862031 0.6854890627137971 0.8933343751425313 0.7062703124287343 0.8969343751425314
0 0.7089406248574687 0.8773656248574686 0.713989062713797 0.8589296875712656 0.6605515621436716 0.8535921870011403 0.6498625005701254 0.8654562497149373 0.7089406248574687 0.8773656248574686