0 0.951539725199544 0.1848081527936146 0.9018802234891675 0.16228922576966934 0.8925758711516534 0.19318419498289624 0.9381501368301026 0.2225614196123147 0.951539725199544 0.1848081527936146
0 0.9187601607753706 0.24501353591790193 0.898082118586089 0.22511638882554164 0.8767074754846067 0.24981052337514253 0.8966698517673888 0.2708480250855188 0.9187601607753706 0.24501353591790193
0 0.8789770763968072 0.29044282098061575 0.836693330672748 0.2601068597491448 0.8116421698973775 0.2863295051311288 0.8595873169897377 0.31587095096921325 0.8789770763968072 0.29044282098061575
0 0.9179541014823261 0.690169810718358 0.9841034104903078 0.7447922109464082 0.9871683352337514 0.7009617411630558 0.9382683922462942 0.6636159304446978 0.9179541014823261 0.690169810718358
0 0.8082142679589509 0.7917152314709236 0.7667412725199544 0.7581623637400229 0.7233707172177879 0.8164351870011403 0.7638337924743444 0.8508118004561004 0.8082142679589509 0.7917152314709236
0 0.6992375359179019 0.9456931687571266 0.671991275940707 0.9211687628278221 0.648384015963512 0.952255542759407 0.674946126567845 0.9725641425313569 0.6992375359179019 0.9456931687571266
0 0.28779150285062716 0.5606933671607754 0.27511276624857467 0.5517700182440137 0.23066679589509692 0.6254444036488027 0.23931852223489167 0.6379518232611174 0.28779150285062716 0.5606933671607754
0 0.2541358779931585 0.5440535724059293 0.24390595781071836 0.5382790285062714 0.20544262143671607 0.5945141972633979 0.2164220353477765 0.607781150513113 0.2541358779931585 0.5440535724059293
0 0.21688287457240593 0.5405557890535918 0.2074637046750285 0.5315643386545039 0.189905401368301 0.5612869361459522 0.20223509464082096 0.5722675108323831 0.21688287457240593 0.5405557890535918
0 0.3468438563283922 0.44548356784492593 0.3257566374002281 0.49162499657924746 0.3406641938426454 0.49980983238312426 0.36432771607753706 0.4508725575826682 0.3468438563283922 0.44548356784492593
0 0.1548884150513113 0.07374884378563283 0.11869856328392246 0.06407423831242873 0.09959273546180158 0.13297338084378563 0.13752353363740022 0.14395855758266818 0.1548884150513113 0.07374884378563283
0 0.335791842645382 0.15514442987457241 0.31461677423033063 0.14860452565564422 0.29887274230330674 0.20345238426453818 0.3170333010262258 0.20769829418472066 0.335791842645382 0.15514442987457241
0 0.18786767046750286 0.3171109281641961 0.1345930912200684 0.3050528084378563 0.12348286316989737 0.34474949714937286 0.17213055644241732 0.3642216727480046 0.18786767046750286 0.3171109281641961
0 0.13181900456100343 0.39086677423033067 0.09557470011402508 0.3862491265678449 0.09026481413911061 0.42813701368301027 0.1257295496009122 0.4318073489167617 0.13181900456100343 0.39086677423033067
0 0.27322791676168756 0.4114686465222349 0.2577994116305587 0.4077098141391106 0.2508102953249715 0.43103064880273656 0.2616530022805017 0.4377408437856329 0.27322791676168756 0.4114686465222349
0 0.28282066590649946 0.416006669327252 0.27401166020524514 0.4397954446978335 0.2840963945267959 0.4488334367160775 0.29470960547320413 0.41624439224629417 0.28282066590649946 0.416006669327252