0 0.04302819042189281 0.8072633865450399 0.0922871197263398 0.8306455621436717 0.10212924629418471 0.7999176818700114 0.05707462485746864 0.769749550741163 0.04302819042189281 0.8072633865450399
0 0.0768534914481186 0.7476392565564424 0.09718112998859749 0.7678942542759407 0.11898349030786774 0.74357692018244 0.09939130900798177 0.7221942303306728 0.0768534914481186 0.7476392565564424
0 0.11742336716077538 0.7029112006841505 0.15917123717217788 0.7339804948688711 0.18467623033067274 0.7081990456100342 0.13725395553021666 0.6778253409350057 0.11742336716077538 0.7029112006841505
0 0.08542847548460661 0.3025648483466363 0.020242534777651082 0.24679630330672747 0.016413128848346635 0.29056660661345496 0.06465384948688711 0.32876015165336375 0.08542847548460661 0.3025648483466363
0 0.19692380729760547 0.2029501174458381 0.23780490877993157 0.23722167958950968 0.28218585860889395 0.1797146510832383 0.2423289007981756 0.14463709578107184 0.19692380729760547 0.2029501174458381
0 0.30857122690992017 0.050897537058152795 0.33538532725199544 0.07589372063854047 0.35953153021664763 0.045223679589509694 0.33332789965792475 0.024454600912200683 0.30857122690992017 0.050897537058152795
0 0.7132354218928164 0.44301942531356897 0.7257564937286203 0.4521626898517674 0.7714814891676168 0.3792752143671608 0.7630493660205245 0.3666187069555302 0.7132354218928164 0.44301942531356897
0 0.7465955165336374 0.46024405701254273 0.7567230992018245 0.46619625883694416 0.796162015963512 0.4106409327251995 0.7854158152793614 0.3971843831242874 0.7465955165336374 0.46024405701254273
0 0.7837818015963511 0.46439146294184724 0.793042614595211 0.47354593044469784 0.8111169737742304 0.4441342953249715 0.7989807958950969 0.43294020980615733 0.7837818015963511 0.46439146294184724
0 0.6521813740022805 0.5571810718358039 0.6740706602052452 0.5114146944127709 0.6593082189281642 0.5029709315849487 0.6347942280501709 0.5514877673888255 0.6521813740022805 0.5571810718358039
0 0.837619913340935 0.9322092633979475 0.873635409350057 0.9425139954389966 0.8939407822120867 0.8739587901938427 0.85620748004561 0.8623133021664767 0.837619913340935 0.9322092633979475
0 0.6581645872291904 0.847668874572406 0.6792222941847207 0.854577338654504 0.6959211550741163 0.8000126043329532 0.677837464082098 0.7954503968072977 0.6581645872291904 0.847668874572406
0 0.808892936145952 0.6883086773090079 0.8619489578107183 0.7012947309007982 0.8737502964652223 0.6617979874572406 0.8254498483466363 0.6414797582668188 0.808892936145952 0.6883086773090079
0 0.8662202827822122 0.6155422485746864 0.9023784777651084 0.6207917434435576 0.908418598631699 0.5790029064994299 0.8730233204104902 0.5747141847206385 0.8662202827822122 0.6155422485746864
0 0.7251924595210947 0.5924755883694413 0.7405530136830103 0.5965031128848347 0.747948070695553 0.5733078072976054 0.7372241242873433 0.5664094025085519 0.7251924595210947 0.5924755883694413
0 0.7156803717217788 0.5877708403648803 0.7249032063854047 0.5641394264538199 0.7149777434435576 0.5549268072976055 0.7037973911060433 0.5873256636259977 0.7156803717217788 0.5877708403648803