0 0.29959328848346634 0.2939961482326112 0.34099703876852905 0.27643124629418475 0.30911519498289625 0.19640282098061573 0.27209317103762826 0.21848083694412773 0.29959328848346634 0.2939961482326112
0 0.050341206385404784 0.4436398483466362 0.06653949030786774 0.4477151242873432 0.09631857354618016 0.36795680615735465 0.08068031698973774 0.366060362599772 0.050341206385404784 0.4436398483466362
0 0.3885124675028506 0.8035521459521094 0.4012701984036488 0.8065442976054732 0.4152068209806158 0.7329552371721779 0.3970891790193843 0.7352056499429874 0.3885124675028506 0.8035521459521094
0 0.4072263591790194 0.8067817970353478 0.4249326704675029 0.8086706716077536 0.4315513785632839 0.7658311562143671 0.4195362246294185 0.760844818700114 0.4072263591790194 0.8067817970353478
0 0.5356284549600913 0.8308233854047891 0.5524988916761688 0.8343935416191562 0.5684983443557582 0.7844782109464082 0.5529181003420752 0.7768922862029646 0.5356284549600913 0.8308233854047891
0 0.5590430250855188 0.8347136738882555 0.5746546670467503 0.8387080798175598 0.5914902109464082 0.7871099236031927 0.5751998403648803 0.7845206681870012 0.5590430250855188 0.8347136738882555
0 0.6534489703534778 0.4954239361459521 0.6847838517673888 0.47704353135689853 0.657409109464082 0.4246282896237172 0.6284546681870012 0.4439444047890536 0.6534489703534778 0.4954239361459521
0 0.8253671094640821 0.6658858015963512 0.8696996362599773 0.6445354161915622 0.857714141391106 0.6104733683010262 0.8048480022805018 0.6333209874572406 0.8253671094640821 0.6658858015963512
0 0.7569830421892817 0.7773912417331813 0.778476488027366 0.8247812474344356 0.8103071744583809 0.8028730136830103 0.7956152964652223 0.758237661345496 0.7569830421892817 0.7773912417331813
0 0.9464292736602052 0.7890265461801595 0.9646977582668187 0.7772039714937287 0.9685989578107184 0.7336827411630559 0.9287370649942986 0.7529633010262257 0.9464292736602052 0.7890265461801595
0 0.9299024675028505 0.9066208791334093 0.8973118859749145 0.9254259680729761 0.9051562919042189 0.9463131596351197 0.9388252029646522 0.9327576704675028 0.9299024675028505 0.9066208791334093
0 0.8863707742303307 0.9094966750285063 0.9204691653363739 0.8885067309007982 0.9140133204104903 0.8600185051311289 0.8795071128848346 0.8773536237172178 0.8863707742303307 0.9094966750285063