0 0.5359179019384265 0.043329532497149374 0.04104903078677309 0.04218928164196123
0 0.8632578129988597 0.47324218700114024 0.8125531254275941 0.4591124994298746 0.7934328129988598 0.49979218700114025 0.8349968745724059 0.5263437502850628 0.8632578129988597 0.47324218700114024
0 0.596425 0.6894984378563284 0.6022437502850627 0.6391843751425313 0.5507062497149373 0.6209296875712657 0.5423937502850628 0.6541203124287343 0.596425 0.6894984378563284
0 0.20781406271379704 0.9323375005701254 0.18661718700114024 0.9611124994298746 0.21986718700114025 0.9893218745724058 0.23981718700114024 0.9627703124287343 0.20781406271379704 0.9323375005701254
0 0.0013859372862029648 0.463539062713797 0.04017656214367161 0.4621562497149373 0.04017656214367161 0.4151093751425314 0.004156249714937286 0.4137265621436716 0.0013859372862029648 0.463539062713797
0 0.9143796875712656 0.7084546875712656 0.9545593751425313 0.723675 0.9684124994298746 0.6489546875712656 0.9323921870011402 0.6434203124287343 0.9143796875712656 0.7084546875712656
0 0.940703125427594 0.5437937502850627 0.998753125427594 0.5562484378563284 0.998753125427594 0.4842953124287343 0.9559437502850627 0.4773765621436716 0.940703125427594 0.5437937502850627
0 0.7384312497149372 0.2947281254275941 0.7439734378563284 0.264285937286203 0.7065671870011402 0.25321718700114026 0.6968687502850628 0.28780937514253135 0.7384312497149372 0.2947281254275941
0 0.2921265621436716 0.6950124994298746 0.3025171870011402 0.6643687502850627 0.2633296875712657 0.649539062713797 0.2562046875712657 0.6815703124287343 0.2921265621436716 0.6950124994298746
0 0.09351562485746864 0.27583906271379705 0.09618750057012543 0.26626406271379705 0.002078125427594071 0.24499375028506273 0 0.26041562485746866 0.09351562485746864 0.27583906271379705
0 0.21197031242873432 0.24580468757126567 0.21107968757126566 0.2598234378563284 0.26689218700114026 0.26219531242873434 0.2633296875712657 0.24736562485746863 0.21197031242873432 0.24580468757126567
0 0.21018750057012545 0.2653734378563284 0.21048593728620296 0.2841437502850627 0.2282984378563284 0.2871093751425314 0.23067343785632838 0.26812812542759407 0.21018750057012545 0.2653734378563284