0 0.884535338654504 0.5187271185860889 0.8424765769669327 0.49081209806157355 0.8045038757126568 0.5456132611174459 0.8528154218928164 0.5725206316989738 0.884535338654504 0.5187271185860889
0 0.9730262029646523 0.3003999521094641 0.951926952109464 0.27316611288483467 0.910038298745724 0.30918950057012545 0.9334772531356899 0.3353286202964652 0.9730262029646523 0.3003999521094641
0 0.8352510992018244 0.8392271790193843 0.8038434709236032 0.8294687981755986 0.7920559908779932 0.8792405701254276 0.824966274800456 0.8841391767388825 0.8352510992018244 0.8392271790193843
0 0.5479486271379703 0.6649715427594071 0.5178477251995439 0.651221621436716 0.47795121664766244 0.713522976054732 0.5118777457240593 0.7285487810718357 0.5479486271379703 0.6649715427594071
0 0.3665123489167617 0.7101518540478905 0.3785413557582668 0.6658488574686431 0.3472368312428734 0.6555057480045611 0.3329396567844926 0.7024233546180159 0.3665123489167617 0.7101518540478905
0 0.26322053819840363 0.6298390376282782 0.2282741014823261 0.612823078677309 0.21298116077537058 0.65172886659065 0.24675768301026224 0.6646180376282782 0.26322053819840363 0.6298390376282782
0 0.05023715849486887 0.7309551037628279 0.015187236031927023 0.7247748563283923 0.009035182440136829 0.7562456134549601 0.044544384264538196 0.7664257548460661 0.05023715849486887 0.7309551037628279
0 0.2978926545039909 0.5937474116305588 0.26696830444697833 0.5744276944127708 0.24112584264538198 0.6150891881413911 0.2719584218928164 0.6292695781071835 0.2978926545039909 0.5937474116305588
0 0.3284369897377423 0.7245399749144812 0.2865148882554162 0.7231770741163056 0.28081029874572405 0.7589486818700114 0.31775984150513115 0.7639566100342076 0.3284369897377423 0.7245399749144812
0 0.20537947776510834 0.9271255553021664 0.18696249258836944 0.9525163477765108 0.2320266795895097 0.9604623797035348 0.24173409464082096 0.9498144127708096 0.20537947776510834 0.9271255553021664
0 0.989518701254276 0.2990876579247434 0.9476654789053591 0.3314998358038768 0.9602731790193842 0.34728837856328393 0.9994497605473204 0.31108823375142536 0.989518701254276 0.2990876579247434