0 0.06132009578107184 0.2757896465222349 0.21228894982896238 0.036880034207525655 0.18413005017103765 0.026390913340935004 0.028744072976054733 0.2556404857468643 0.06132009578107184 0.2757896465222349
0 0.11308326225769669 0.2740325849486887 0.24352404789053592 0.07837039794754846 0.22204053705815277 0.06395716647662486 0.09452530558722919 0.26090817673888256 0.11308326225769669 0.2740325849486887
0 0.20593759863169897 0.6272086123147093 0.24631809350057013 0.6280246180159635 0.24290309007981759 0.57265451995439 0.20149133295324972 0.5738803295324971 0.20593759863169897 0.6272086123147093
0 0.2811392018244014 0.6179540353477765 0.3072353728620297 0.6194594458380844 0.30966549942987454 0.5838960296465222 0.2832545347776511 0.5803017970353478 0.2811392018244014 0.6179540353477765
0 0.2760985416191562 0.6771892029646522 0.3034022109464082 0.6781426681870012 0.3051428232611174 0.6282980513112885 0.2797337582668187 0.6300842497149373 0.2760985416191562 0.6771892029646522
0 0.20239905701254277 0.2860632394526796 0.26703717673888255 0.18791553819840365 0.24673893500570127 0.1735421345496009 0.1788422109464082 0.27989360889395665 0.20239905701254277 0.2860632394526796
0 0.20681618015963513 0.2957232805017104 0.22255068529076397 0.30459030672748005 0.28839791904218925 0.2058891550741163 0.27442124059293044 0.19767918700114023 0.20681618015963513 0.2957232805017104
0 0.29259491562143675 0.15375543215507412 0.2843613204104903 0.1683191425313569 0.30300210946408207 0.17907155872291905 0.30915624743443554 0.17037478791334093 0.29259491562143675 0.15375543215507412
0 0.29864893842645385 0.19050316191562142 0.2955069007981756 0.18950383580387684 0.2799573283922463 0.1752962588369441 0.2736696168757127 0.1851765883694413 0.29280024059293047 0.1989151071835804 0.29864893842645385 0.19050316191562142
0 0.2536482941847206 0.1458601550741163 0.2489956966932725 0.15995636830102622 0.2646488768529076 0.17119700342075256 0.2712541824401368 0.15835563968072974 0.2536482941847206 0.1458601550741163
0 0.5822522177879134 0.7764030011402508 0.554085449258837 0.8342364754846067 0.5681019555302167 0.84126117331813 0.5986589064994299 0.7864817263397947 0.5822522177879134 0.7764030011402508
0 0.45592411630558727 0.7351565872291905 0.44873030216647664 0.8050105803876852 0.4653068551881414 0.806777669327252 0.47293123489167616 0.7375328255416191 0.45592411630558727 0.7351565872291905