0 0.6451714355758267 0.8856216259977194 0.6081347115165336 0.8958266545039909 0.6193748586088939 0.9287028449258837 0.6550270592930444 0.9182491071835804 0.6451714355758267 0.8856216259977194
0 0.7897582497149372 0.7088726351197263 0.7589822702394526 0.7283648255416191 0.7760848209806157 0.7592555233751425 0.8081872497149373 0.7417964036488027 0.7897582497149372 0.7088726351197263
0 0.7444350820980615 0.7027318996579248 0.7741087331812999 0.6856546522234891 0.7527101128848346 0.6314465553021665 0.7235797320410491 0.6493960011402509 0.7444350820980615 0.7027318996579248
0 1 0.7419961596351198 0.9925301151653363 0.7196150433295325 0.9725857753705816 0.7342731448118586 0.9934569395667048 0.7801820935005701 1 0.7766192394526795 1 0.7419961596351198
0 0.9751251402508552 0.3572173295324972 0.9949211619156214 0.3458335860889396 0.9791065096921323 0.3012317776510833 0.9561066670467503 0.3133230763968073 0.9751251402508552 0.3572173295324972
0 0.7642153420752565 0.07940874230330673 0.7541841459521095 0.047081320410490304 0.7190918517673888 0.061972907639680726 0.7347625575826682 0.09202087571265678 0.7642153420752565 0.07940874230330673
0 0.709323810718358 0.15618369897377424 0.6790152736602052 0.17209332953249715 0.6893497559863171 0.19609259407069557 0.7217764161915622 0.17891920866590652 0.709323810718358 0.15618369897377424
0 0.48815895553021665 0.11162353249714937 0.4557817673888256 0.11928940136830103 0.47261246864310147 0.17633207867730902 0.50583534663626 0.16328967274800454 0.48815895553021665 0.11162353249714937
0 0.2876043534777651 0.1643752348916762 0.33535603192702396 0.20607787913340936 0.35913589851767386 0.17316386088939567 0.31968439338654503 0.13414192816419612 0.2876043534777651 0.1643752348916762
0 0.10431809350057013 0.014760378563283922 0.06344805473204104 0.01713817103762828 0.11042900342075257 0.07075153249714937 0.13577237628278221 0.04164464196123147 0.10431809350057013 0.014760378563283922
0 0.31116548232611174 0.4481336339794755 0.2803895017103763 0.4676258244013683 0.2955476761687571 0.4938315256556442 0.3278764310148233 0.4707204389965792 0.31116548232611174 0.4481336339794755
0 0.3413490022805017 0.5136201368301027 0.30942768871151655 0.5343405473204105 0.3330189749144812 0.5810472383124287 0.36556403420752565 0.5558476431014824 0.3413490022805017 0.5136201368301027
0 0.39416088483466366 0.666246566704675 0.3611918688711516 0.6739331026225769 0.366668645381984 0.7117650114025085 0.39837364994298746 0.7053108415051311 0.39416088483466366 0.666246566704675
0 0.45503341391106045 0.7437318483466363 0.4156677035347776 0.7552064321550742 0.42430641505131134 0.7816397970353478 0.46486653591790195 0.7742822884834664 0.45503341391106045 0.7437318483466363
0 0.5259559167616875 0.8030428198403649 0.4942327183580388 0.8124681847206385 0.4974204435575827 0.8527580410490307 0.5385033580387686 0.8438954310148232 0.5259559167616875 0.8030428198403649
0 0.6363100376282782 0.3429096522234892 0.6255272177879133 0.32308482896237173 0.5923095210946409 0.34563284606613454 0.6043472805017104 0.36244328734321546 0.6363100376282782 0.3429096522234892
0 0.5241876784492588 0.6504178050171038 0.5073058563283923 0.6599190102622576 0.5286492987457241 0.6891763318129989 0.5407398449258837 0.6825159464082098 0.5241876784492588 0.6504178050171038