0 0.9070521550741163 0.7229488597491448 0.8943742645381983 0.6652277286202964 0.8612226431014822 0.6768130877993158 0.8693485062713797 0.7248323477765108 0.9070521550741163 0.7229488597491448
0 0.42897528962371717 0.3307726579247435 0.42429408551881415 0.26938170011402507 0.39406480729760546 0.2879597993158495 0.3987936077537058 0.34026856100342073 0.42897528962371717 0.3307726579247435
0 0.43847906499429873 0.4045347833523375 0.43001590877993157 0.3508332941847206 0.39861817331813 0.3517966510832383 0.4072941254275941 0.40575761687571266 0.43847906499429873 0.4045347833523375
0 0.4659371071835804 0.6266259817559863 0.45760938198403645 0.581367842645382 0.40990492816419616 0.5963868483466362 0.4154086795895097 0.6340282611174458 0.4659371071835804 0.6266259817559863
0 0.5009530364880274 0.7383743215507411 0.4932856237172178 0.6996413238312428 0.45016182668187 0.7071164469783352 0.4524145621436716 0.7435752041049031 0.5009530364880274 0.7383743215507411
0 0.5081101197263398 0.793840251995439 0.49926218015963514 0.7583610410490308 0.45209278221208665 0.7605739167616876 0.4593435245153934 0.7978757502850627 0.5081101197263398 0.793840251995439
0 0.5120458700114026 0.8420691254275942 0.5079766795895096 0.7938661904218928 0.45686918015963507 0.8038004811858609 0.46119423831242873 0.8446969167616877 0.5120458700114026 0.8420691254275942
0 0.31917563968072976 0.41562775940706953 0.3057306077537058 0.36410596693272523 0.27672681299885976 0.36822998403648804 0.28435220752565565 0.4230016111744584 0.31917563968072976 0.41562775940706953
0 0.23624027366020522 0.3464614811858609 0.2524132827822121 0.3457372189281642 0.2482673238312429 0.29331516419612313 0.2276448597491448 0.29913835347776513 0.23624027366020522 0.3464614811858609
0 0.21703976396807298 0.3471693660205245 0.21476391790193844 0.3110175324971494 0.19625143329532496 0.3179427423033067 0.20295208779931584 0.34930287001140253 0.21703976396807298 0.3471693660205245
0 0.18073040364880275 0.37176822006841503 0.1719542109464082 0.3238753694412771 0.1539884047890536 0.32434325313568985 0.1633917103762828 0.3727190684150513 0.18073040364880275 0.37176822006841503
0 0.7057685473204105 0.4148798631698974 0.6307017263397947 0.4203984298745724 0.654250259977195 0.5446568859749145 0.7276176887115166 0.5303957023945268 0.7057685473204105 0.4148798631698974