0 0.5736716738882554 0.8505221117445837 0.5939638141391106 0.7340742394526796 0.5485277229190422 0.7259534264538199 0.5302714960091219 0.8496627947548461 0.5736716738882554 0.8505221117445837
0 0.7472799931584949 0.6159484982896237 0.7494947286202964 0.5772914059293044 0.6992774503990878 0.5683603979475484 0.694793362599772 0.6015777502850628 0.7472799931584949 0.6159484982896237
0 0.7303473409350058 0.4883367012542759 0.727835637400228 0.45043720866590653 0.6871402862029646 0.4589814104903079 0.6955185267958951 0.49474517559863174 0.7303473409350058 0.4883367012542759
0 0.8545091995438997 0.13084511516533637 0.8980059395667046 0.11745644583808439 0.8834128061573546 0.08231464310148233 0.8450026738882555 0.09675299543899658 0.8545091995438997 0.13084511516533637
0 0.2746224367160775 0.6573817491448118 0.3039675724059293 0.6640726316989738 0.3171324595210946 0.6327503534777651 0.28302353249714934 0.625747409350057 0.2746224367160775 0.6573817491448118
0 0.08956875484606613 0.8703947913340935 0.14761574914481185 0.8654003124287343 0.13939667616875712 0.8256879623717217 0.09403287913340935 0.8280991676168757 0.08956875484606613 0.8703947913340935
0 0.9620252862029647 0.8618897537058152 0.9727767388825541 0.8294635290763969 0.937352779931585 0.818829267958951 0.9254989429874572 0.8536688722919042 0.9620252862029647 0.8618897537058152
0 0.7879833204104904 0.9308823215507411 0.8025765245153933 0.9404616738882554 0.8399735712656785 0.8714926465222349 0.821411118586089 0.8588343192702393 0.7879833204104904 0.9308823215507411
0 0.7862240228050171 0.9825814629418471 0.7900538962371721 0.9901758665906499 0.8298124743443558 0.9887874663625997 0.8170318335233752 0.9631053603192703 0.7862240228050171 0.9825814629418471
0 0.7207303819840365 0.9445080273660205 0.7634957286202965 0.9442012896237172 0.7615267730900798 0.9303506305587229 0.7208062212086659 0.9296666522234891 0.7207303819840365 0.9445080273660205
0 0.71702369327252 0.9915254059293044 0.7562303261117446 0.991344503990878 0.7568484059293044 0.9750176750285063 0.7188399270239452 0.9754381584948688 0.71702369327252 0.9915254059293044
0 0.0999853762827822 0.6753515039908781 0.05235563968072976 0.6894786134549601 0.05802711060433295 0.7413028768529076 0.11607067730900797 0.7276141584948689 0.0999853762827822 0.6753515039908781
0 0.2716005233751425 0.7239637092360319 0.27007539110604334 0.6462633523375143 0.23330603762827823 0.6481414789053592 0.23345806385404788 0.7205474686431015 0.2716005233751425 0.7239637092360319
0 0.2764448278221209 0.9137258677309008 0.2630312633979475 0.8358481174458381 0.2296566305587229 0.8328594914481185 0.23416937058152792 0.9110480672748005 0.2764448278221209 0.9137258677309008