0 0.0552200330672748 0.3137888677309008 0.03145036145952109 0.3305779258836944 0.05592535461801597 0.36323977765108323 0.07926270695553023 0.347906921322691 0.0552200330672748 0.3137888677309008
0 0.20597676168757126 0.6749050980615735 0.17734953249714938 0.6336185290763968 0.1391424378563284 0.6613035895096921 0.16494652223489167 0.7089383762827822 0.20597676168757126 0.6749050980615735
0 0.2442256157354618 0.5871077719498289 0.2189704070695553 0.599628118586089 0.24139268643101483 0.6446440615735461 0.26876284378563287 0.6218587400228051 0.2442256157354618 0.5871077719498289
0 0.38134741163055874 0.5734850330672748 0.40901169327251996 0.5605379441277081 0.395946787913341 0.5262931641961232 0.3668713432155074 0.5322952098061574 0.38134741163055874 0.5734850330672748
0 0.0385168449258837 0.42511364196123147 0.012244369441277082 0.43518049030786776 0.020997931584948688 0.4670405929304447 0.04818582326111744 0.4484073591790194 0.0385168449258837 0.42511364196123147
0 0.855511417331813 0.44236507639680733 0.8439319395667048 0.412390566704675 0.8177026602052452 0.4227580353477765 0.8283981299885975 0.4559443283922463 0.855511417331813 0.44236507639680733
0 0.7956941071835804 0.4304446442417332 0.7806467605473204 0.39903723831242877 0.7560842759407069 0.4113052930444698 0.769598197263398 0.4464758369441277 0.7956941071835804 0.4304446442417332
0 0.7639959714937286 0.7561847936145952 0.7867301949828963 0.7542033272519955 0.7777958449258836 0.7119145838084379 0.7561204150513113 0.7157556898517674 0.7542350592930445 0.718302251995439 0.7639959714937286 0.7561847936145952
0 0.5594248574686431 0.8585405302166478 0.553720763968073 0.8295720661345496 0.5176897548460662 0.8365757309007982 0.524138913340935 0.8614298950969214 0.5594248574686431 0.8585405302166478
0 0.4726765530216647 0.8405689338654504 0.4602562645381984 0.8141068278221208 0.4382909087799316 0.8220940592930445 0.45088932383124286 0.8545206202964652 0.4726765530216647 0.8405689338654504
0 0.8677527297605473 0.10573961003420752 0.8539889965792474 0.11549075370581528 0.8789139703534777 0.16723046750285064 0.8895811311288483 0.159942755986317 0.8677527297605473 0.10573961003420752
0 0.9281208152793614 0.11829532269099201 0.9162820444697833 0.08353951539338655 0.9020916795895098 0.09088002736602054 0.9182806567844926 0.12296246408209806 0.9281208152793614 0.11829532269099201
0 0.2953127993158495 0.8769744082098061 0.26701490421892815 0.8904708232611174 0.28188579475484604 0.9159123261117446 0.3108158529076397 0.9018649167616876 0.2953127993158495 0.8769744082098061
0 0.4820676088939567 0.935863968072976 0.46418455530216646 0.902472669327252 0.43838636830102623 0.9122750820980615 0.4514036168757126 0.9491949293044469 0.4820676088939567 0.935863968072976