0 1 0.018637128848346635 0.9930404652223489 0.01899040820980616 0.9781810843785633 0.053205166476624856 1 0.0638198700114025 1 0.018637128848346635
0 0.5160256168757127 0.0002548551881413911 0.515949141391106 0.03647112200684151 0.6012357058152794 0.03556890649942988 0.5984870490307868 0.0037395279361459523 0.5160256168757127 0.0002548551881413911
0 0.31712775484606615 0.11558992816419612 0.3171138244013683 0.15001510034207527 0.35091623717217785 0.15178961915621436 0.3472506396807298 0.11214691676168757 0.31712775484606615 0.11558992816419612
0 0.20939290763968074 0.22341290763968072 0.19396495781071837 0.17183055644241735 0.15921721778791334 0.18011354846066135 0.1773621071835804 0.23891386659064992 0.20939290763968074 0.22341290763968072
0 0.8740057115165336 1 0.8769845803876853 0.9945828586088941 0.8443536009122007 0.9762313124287343 0.8313436191562144 1 0.8740057115165336 1
0 0.5401447901938426 0.7216626259977196 0.5399859201824402 0.760238393386545 0.5659903956670468 0.7641905313568985 0.5726983169897377 0.7251743044469783 0.5401447901938426 0.7216626259977196
0 0.5020918996579247 0.7565402212086659 0.5311265370581528 0.7587407924743443 0.5336588540478906 0.7202510353477766 0.5022921596351198 0.7167792383124287 0.5020918996579247 0.7565402212086659
0 0.3617346259977195 0.8287983409350057 0.39283925883694415 0.8227614492588369 0.39043119954389965 0.8066535336374002 0.3509762348916762 0.8135839224629419 0.3617346259977195 0.8287983409350057
0 0.38737468871151653 0.7750885724059292 0.3507210034207525 0.7868665518814139 0.3588896875712657 0.7996813169897378 0.389720582668187 0.7929766522234891 0.38737468871151653 0.7750885724059292
0 0.3112204344355758 0.9142843717217788 0.3170629874572406 0.9340753295324972 0.3518951185860889 0.9234204002280502 0.3506309418472064 0.9085375267958952 0.3112204344355758 0.9142843717217788
0 0.29070566020524513 0.889232842645382 0.29311366476624856 0.9053423192702394 0.34295161573546185 0.8988120364880273 0.3432566111744584 0.8815715530216647 0.29070566020524513 0.889232842645382
0 0.12853790763968073 0.9565752303306727 0.126320251995439 0.9860095165336374 0.20880278677309008 0.9888898700114025 0.20979071607753705 0.9605993010262258 0.12853790763968073 0.9565752303306727
0 0.043385834663626 0.7239039167616876 0.04638728050171038 0.7400325530216648 0.0766281984036488 0.7417608745724059 0.07665702280501711 0.7238775484606613 0.043385834663626 0.7239039167616876
0 0.04177133181299886 0.7190977685290764 0.07682263169897377 0.719135126567845 0.07795585176738883 0.7037418597491448 0.041778270239452686 0.7018859635119726 0.04177133181299886 0.7190977685290764
0 0.12873978791334093 0.4063736716077537 0.11702384606613456 0.3845984002280502 0.08562943899657925 0.3989333591790194 0.09584415165336374 0.42112055074116306 0.12873978791334093 0.4063736716077537
0 0.17102931927023945 0.3182271083238312 0.18242098061573547 0.3322754161915621 0.2322518677309008 0.3173960501710376 0.2316033078677309 0.3019421265678449 0.17102931927023945 0.3182271083238312
0 0.12166609236031926 0.3366827856328392 0.1247518779931585 0.35044104789053593 0.14433369327251994 0.3511248597491448 0.14122874572405927 0.3379600410490308 0.12166609236031926 0.3366827856328392
0 0.014362851767388825 0.1157017787913341 0.013948856328392246 0.12755705245153934 0.05575923945267959 0.1313919874572406 0.05860895324971494 0.11783943443557583 0.014362851767388825 0.1157017787913341
0 0.015128841505131128 0.09376671151653364 0.015539992018244013 0.10921390877993158 0.06214333181299886 0.11020031698973774 0.0630387172177879 0.09306644127708096 0.015128841505131128 0.09376671151653364