0 1 0.47146497377423036 0.9960994116305588 0.43765094982896235 0.9603170638540479 0.4432408882554162 0.974549929304447 0.5273362976054732 1 0.5210212633979475 1 0.47146497377423036
0 0.8510698244013684 0.2592442314709236 0.8170663033067275 0.2646157571265678 0.8206014948688711 0.2982796009122007 0.8591827035347777 0.28845764766248577 0.8510698244013684 0.2592442314709236
0 0.7277208814139111 0.16970300912200686 0.7762547046750286 0.1463957457240593 0.7626379464082098 0.11337155302166477 0.7074000444697834 0.14049144469783353 0.7277208814139111 0.16970300912200686
0 0.05189579019384265 0.9430201835803876 0.07047965792474344 0.9497130798175598 0.08350065678449259 0.9146130273660206 0.04679460661345496 0.9014743728620297 0.05189579019384265 0.9430201835803876
0 0.2873464378563284 0.5743262166476625 0.24922074914481185 0.5802038802736602 0.24938526453819843 0.6065064481185861 0.2889704868871152 0.6070283010262258 0.2873464378563284 0.5743262166476625
0 0.24694546066134548 0.5421978779931586 0.24931399885974917 0.5712192953249715 0.2877260250855188 0.5676993101482326 0.2862482462941847 0.5361756841505131 0.24694546066134548 0.5421978779931586
0 0.15362024287343215 0.4148722953249715 0.1644486465222349 0.44464959977194984 0.1799815427594071 0.439751354618016 0.16696436259977196 0.40186629760547316 0.15362024287343215 0.4148722953249715
0 0.21067974458380842 0.4317946271379704 0.19331287115165338 0.3974346909920183 0.18193374116305588 0.4075074754846066 0.1933788757126568 0.43690995096921326 0.21067974458380842 0.4317946271379704
0 0.0612845267958951 0.37835297833523374 0.042651204104903084 0.3872195872291905 0.05862389965792474 0.4199560798175599 0.0731257787913341 0.4163792725199544 0.0612845267958951 0.37835297833523374
0 0.08281841163055872 0.3541718529076397 0.06728396351197263 0.35907028734321556 0.08153022234891676 0.40727309007981755 0.09860615849486888 0.40487732383124286 0.08281841163055872 0.3541718529076397
0 0.20742251881413912 0.0840338015963512 0.19196198289623717 0.08952137058152794 0.1949856624857469 0.1196603409350057 0.21265332383124286 0.1168912417331813 0.20742251881413912 0.0840338015963512
0 0.21191693272519954 0.08168732953249715 0.21736326567844927 0.1163129338654504 0.2327442896237172 0.11502416419612316 0.22891791676168757 0.07900166362599771 0.21191693272519954 0.08168732953249715
0 0.534395740022805 0.11866423261117447 0.5540701448118586 0.10368613112884835 0.5350005062713797 0.07492072291904218 0.5146844082098061 0.08848051653363741 0.534395740022805 0.11866423261117447
0 0.62807261345496 0.14664394982896237 0.6159793124287343 0.16009299999999999 0.6384707571265679 0.20698274002280503 0.6536329589509692 0.2039246385404789 0.62807261345496 0.14664394982896237
0 0.6021220456100341 0.10077556898517674 0.5890158939566705 0.10597563055872293 0.591403771949829 0.12542333181299886 0.6039207890535918 0.12029718129988598 0.6021220456100341 0.10077556898517674