0 0.2812318631698974 0.5565842679589509 0.2823160182440137 0.6106026031927023 0.3283208449258837 0.6167733215507412 0.3315152816419612 0.5579563010262257 0.2812318631698974 0.5565842679589509
0 0.11124884834663626 0.6901573454960092 0.1877756157354618 0.689914929304447 0.18771835461801595 0.6519782166476625 0.11611176510832383 0.6459316476624857 0.11124884834663626 0.6901573454960092
0 0.3518361049030787 0.8031336716077536 0.3925948608893957 0.7983584412770809 0.3972564367160775 0.7427240684150513 0.36121065336374003 0.7400442029646522 0.3518361049030787 0.8031336716077536
0 0.30992515735461806 0.9791765438996579 0.38937557354618013 0.9784186088939567 0.3873551322690992 0.9498637673888256 0.3146124321550741 0.9476318095781071 0.30992515735461806 0.9791765438996579
0 0.7592366978335234 0.5765009281641962 0.7565826282782212 0.5956416556442418 0.8554358004561005 0.585247763968073 0.8482851277080958 0.5686291790193843 0.7592366978335234 0.5765009281641962
0 0.7158419441277081 0.6552276978335233 0.7519556704675028 0.654882621436716 0.751320062713797 0.5965695883694412 0.7178542930444698 0.5982548985176739 0.7158419441277081 0.6552276978335233
0 0.6651998517673888 0.5834451288483467 0.7089866271379703 0.5787372987457241 0.7126497913340936 0.5208689224629419 0.6621555701254276 0.5285681824401368 0.6651998517673888 0.5834451288483467
0 0.5904244287343215 0 0.5901159783352337 0.031101338654503992 0.6312647776510831 0.02682850969213227 0.6324329087799315 0 0.5904244287343215 0
0 0.5268750136830103 0.10670028392246295 0.5746833318129988 0.10429313683010262 0.5825004618015964 0.07340234321550741 0.5300853272519954 0.073608834663626 0.5268750136830103 0.10670028392246295
0 0.35654773090079817 0.4674120148232611 0.35601541847206386 0.5259309851767389 0.39129575940706957 0.5225691698973775 0.3951380969213227 0.47084584834663623 0.35654773090079817 0.4674120148232611
0 0.6844050456100341 0.09398194754846066 0.6848410992018243 0.13064763740022806 0.7209939977194982 0.1356536180159635 0.7278779156214367 0.09776068301026226 0.6844050456100341 0.09398194754846066
0 0.8278921288483467 0.11445800570125428 0.8221988152793615 0.1744899087799316 0.8665716180159635 0.1714049714937286 0.8700593580387685 0.11425135233751425 0.8278921288483467 0.11445800570125428
0 0.8259633717217788 0.011199197263397947 0.8173858711516533 0.054874058152793614 0.8742493580387685 0.05082264310148232 0.8782071881413912 0.013431378563283922 0.8259633717217788 0.011199197263397947
0 0.01626636716077537 0.08650980615735462 0.020042785632839222 0.10451666476624857 0.09319995324971493 0.09370346636259978 0.0884273945267959 0.07860438654503991 0.01626636716077537 0.08650980615735462
0 0.21336619042189284 0.7974343215507412 0.22684985974914482 0.798671070695553 0.23552408323831242 0.7760603625997718 0.21774290992018244 0.7743771470923603 0.21336619042189284 0.7974343215507412
0 0.19204967274800455 0.7722818996579248 0.18770784264538198 0.7989472063854047 0.20576624515393388 0.7987743968072976 0.20728753021664767 0.773209338654504 0.19204967274800455 0.7722818996579248