0 0.9153850216647662 0.7628213705815279 0.8886858722919042 0.784409031927024 0.9523917445838085 0.8515557947548461 0.9769255062713798 0.823113449258837 0.9153850216647662 0.7628213705815279
0 0.8302750364880274 0.2596230376282782 0.7768624161915622 0.28019495096921326 0.800144818700114 0.33698508665906496 0.8481753238312428 0.31525041505131124 0.8302750364880274 0.2596230376282782
0 0.6335308791334093 0.779961157354618 0.5745335473204105 0.8223181858608893 0.59806159977195 0.8531383090079818 0.6567604378563284 0.8132455518814139 0.6335308791334093 0.779961157354618
0 0.5738776750285063 0.6475900627137969 0.6140537981755986 0.6941648791334094 0.6537964139110605 0.6630392155074117 0.6185736579247435 0.6240317206385404 0.5738776750285063 0.6475900627137969
0 0.36144599315849485 0.6678645781071836 0.32750477765108327 0.6765624230330672 0.3495139646522235 0.7227215153933866 0.3810649749144812 0.7135423511972634 0.36144599315849485 0.6678645781071836
0 0.18949322805017105 0.25685152565564423 0.12049612314709236 0.28921504675028503 0.15512975484606614 0.34882534435575824 0.21634147662485745 0.316327322690992 0.18949322805017105 0.25685152565564423
0 0.45625566818700114 0 0.43428464994298743 0.0038740832383124288 0.46695699543899655 0.05147056214367161 0.5133735461801596 0.02399296579247434 0.4967492417331813 0 0.45625566818700114 0
0 0.7160239977194982 0.06814574002280502 0.6637426180159635 0.08671104218928165 0.6767056020524516 0.12602607753705816 0.7273874150513113 0.10563263854047891 0.7160239977194982 0.06814574002280502
0 0.7137445701254276 0.13728094070695554 0.7019214868871152 0.13906421322690993 0.719836409350057 0.19619628392246294 0.7360411391106043 0.19575059179019386 0.7137445701254276 0.13728094070695554
0 0.138380409350057 0.14648800456100342 0.10589951767388825 0.15854581185860891 0.13657550057012544 0.22307431698973776 0.16723219840364878 0.2122425267958951 0.138380409350057 0.14648800456100342
0 0 0.17829866248574688 0.018536459521094638 0.21374071949828963 0.05349571037628278 0.19310821778791334 0.02890388597491448 0.14257806499429876 0 0.1524203078677309 0 0.17829866248574688
0 0.29120648232611174 0.07974702736602052 0.26189405245153935 0.034271197263397946 0.22387585746864308 0.040974830102622574 0.26069375256556443 0.09929561915621436 0.29120648232611174 0.07974702736602052
0 0.471112220068415 0.8076955849486886 0.4366417092360319 0.8201042166476625 0.4536654469783352 0.8550857742303306 0.48535460775370576 0.839851566704675 0.471112220068415 0.8076955849486886
0 0.5182100889395668 0.8645067776510833 0.4780509532497149 0.8941970250855188 0.5066692554161916 0.9265312394526796 0.5445887411630559 0.8987431767388826 0.5182100889395668 0.8645067776510833
0 0.5151836602052452 1 0.503696086659065 0.9719722508551881 0.45501809920182446 0.9790482189281642 0.46782533295324974 1 0.5151836602052452 1
0 0.564173369441277 0.8524817126567844 0.5297993911060433 0.8730141881413912 0.5442116476624858 0.8897660239452679 0.5744570866590649 0.8663440649942987 0.564173369441277 0.8524817126567844
0 0.8684017673888256 0.8916876955530217 0.8437294720638541 0.915934102622577 0.8810127708095781 0.9392643648802738 0.9160454572405928 0.9327254104903079 0.8684017673888256 0.8916876955530217
0 0.7070519543899658 0.3015480615735462 0.6751229646522235 0.3120028677309008 0.6876764994298746 0.33872899885974916 0.7185052428734322 0.3254536499429874 0.7070519543899658 0.3015480615735462