0 0.7413255017103763 0.1452644732041049 0.7290319179019384 0.18205140364880273 0.7731793876852907 0.19764473204104901 0.7846258460661345 0.1580130456100342 0.7413255017103763 0.1452644732041049
0 0.8410871117445837 0.13178280273660206 0.8276872405929304 0.16783568871151655 0.8780189429874572 0.18179550969213226 0.8890904640820981 0.14033260547320411 0.8410871117445837 0.13178280273660206
0 0.8044402588369441 0.591024165336374 0.7948860832383124 0.6688366807297605 0.8679638437856328 0.6778095017103763 0.8770502668187001 0.5964856830102622 0.8044402588369441 0.591024165336374
0 0.6764618905359179 0.7368724686431015 0.6776714937286203 0.7513811527936146 0.7505099236031927 0.7525462964652224 0.7512017799315849 0.737167543899658 0.6764618905359179 0.7368724686431015
0 0.9339466875712656 0.7445529714937286 0.8811955815279362 0.7356815404789054 0.8764096009122007 0.7698010342075257 0.9321059669327253 0.7790325233751426 0.9339466875712656 0.7445529714937286
0 0.8627303454960091 0.8471054811858609 0.8580759179019385 0.8752558893956671 0.8978618882554162 0.8825354025085519 0.8993583568985176 0.8459875416191561 0.8627303454960091 0.8471054811858609
0 0.1311835165336374 0.2570416020524515 0.12853484036488028 0.2932165781071836 0.19409436488027365 0.30007143101482325 0.19162660547320412 0.25928227594070696 0.1311835165336374 0.2570416020524515
0 0.20264595210946407 0.33762162599771944 0.1931852234891676 0.39031296921322695 0.2436498403648803 0.39830544583808436 0.24683866020524517 0.35041050171037624 0.20264595210946407 0.33762162599771944
0 0.21810012998859749 0.5722869897377423 0.25581688369441274 0.5769180250855188 0.2554346362599772 0.5434910296465223 0.2205301755986317 0.5378797958950969 0.21810012998859749 0.5722869897377423
0 0 0.5090183797035347 0.013603443557582669 0.5130705974914481 0.01776381527936146 0.46944305131128844 0.0016603226909920183 0.4661276909920183 0 0.4796499327251995 0 0.5090183797035347
0 0 0.5761246830102622 0.016466673888255418 0.5774478335233751 0.016322592930444697 0.5177210171037628 0 0.5127175245153934 0 0.5761246830102622
0 0.9777066408209806 0.3053323968072976 0.9252360809578107 0.28931690535917903 0.9142660558722919 0.3250683557582668 0.9696106875712657 0.3420365233751425 0.9777066408209806 0.3053323968072976
0 0.9779953044469782 0.3711897160775371 0.9275099874572406 0.35362178107183584 0.9223608449258838 0.3906861550741163 0.965980905359179 0.4008308449258837 0.9779953044469782 0.3711897160775371
0 0.7870530752565564 0.3136376031927024 0.7758555256556442 0.34637007183580387 0.811008157354618 0.3572681459521095 0.8207796202964652 0.3239701641961231 0.7870530752565564 0.3136376031927024
0 0.8948775553021665 0.41962593386545044 0.8570799270239452 0.41079435803876857 0.8517636248574687 0.4394632827822121 0.8843418802736601 0.45183988939566705 0.8948775553021665 0.41962593386545044
0 0.6874027046750285 0.550326267958951 0.6967802314709236 0.5616488118586089 0.7112651151653363 0.5508633694412771 0.7043774994298746 0.5411862223489168 0.6874027046750285 0.550326267958951
0 0.8472152246294185 0.5154960216647663 0.8435239167616876 0.5455593135689851 0.8824293819840365 0.5551251254275941 0.886493236031927 0.5195788643101482 0.8472152246294185 0.5154960216647663
0 0.8030532303306728 0.8702945803876853 0.7986056282782211 0.891888511972634 0.8315470421892817 0.9013202383124288 0.8365807856328392 0.8822477833523376 0.8030532303306728 0.8702945803876853
0 0.6687267616875713 0.8729503477765108 0.6690574104903078 0.88974551995439 0.7032382189281642 0.8939423956670468 0.703779669327252 0.874916566704675 0.6687267616875713 0.8729503477765108
0 0.6733065028506272 0.9136036887115166 0.6731925461801597 0.9291478517673888 0.7046440034207526 0.9312134047890537 0.7071768711516534 0.9130208540478906 0.6733065028506272 0.9136036887115166
0 0.16645725313568985 0.5300424834663626 0.08970018586088939 0.5218158928164196 0.08953263055872292 0.5816319578107184 0.1617196328392246 0.5881025712656784 0.16645725313568985 0.5300424834663626
0 0.31401565336374004 0.6875824207525655 0.27122095553021663 0.685318937286203 0.27391876738882553 0.741299362599772 0.3116355210946408 0.7459303979475485 0.31401565336374004 0.6875824207525655