0 0.20324218700114027 0.005285937286202965 0.16625 0.012868750285062715 0.19326718700114026 0.06502343785632839 0.22319218700114027 0.05506718700114025 0.20324218700114027 0.005285937286202965
0 0.24729843785632838 0.00041406271379703535 0.25976718700114027 0.04842968757126568 0.3246046875712657 0.03681406271379704 0.3113062497149373 0.010262499429874571 0.24729843785632838 0.00041406271379703535
0 0.4842062497149373 0.1540062497149373 0.4842062497149373 0.1961187502850627 0.5590187502850626 0.1928 0.5540312497149372 0.14799531242873432 0.4842062497149373 0.1540062497149373
0 0.596425 0.6417593751425315 0.5723187502850627 0.725475 0.8383203124287343 0.7769171870011402 0.8532828129988598 0.697264062713797 0.596425 0.6417593751425315
0 0.9538656248574687 0.4694890627137971 0.9048218745724059 0.46328593728620293 0.9014968745724059 0.4865171870011402 0.9497093751425314 0.5014515621436716 0.9538656248574687 0.4694890627137971
0 0.9372406248574686 0.9240343751425314 0.9397343751425314 0.8565671870011403 0.8715703124287343 0.8532484378563284 0.8665828129988598 0.9146468745724059 0.9372406248574686 0.9240343751425314
0 0.7285953124287343 0.8615468745724059 0.6234406248574687 0.8534656248574687 0.6221937502850626 0.9212859372862029 0.7285953124287343 0.9312421870011403 0.7285953124287343 0.8615468745724059
0 0.02867812542759407 0.32721250057012546 0.020781249714937285 0.28684062485746864 0.00041562485746864314 0.29070624971493725 0.00041562485746864314 0.3371687502850627 0.02867812542759407 0.32721250057012546
0 0.0831265621436716 0.6500625005701255 0.09850312542759407 0.6259093751425313 0.05860312542759408 0.6093156248574687 0.04696562485746864 0.6391843751425313 0.0831265621436716 0.6500625005701255
0 0 0.8399046875712657 0.06372968757126568 0.8648125005701254 0.06927187457240594 0.8482078129988597 0 0.8219171870011402 0 0.8399046875712657
0 0.06927187457240594 0.8191499999999999 0.004156249714937286 0.7873249999999999 0.0013859372862029648 0.8053140627137971 0.06234375028506271 0.8316046875712657 0.06927187457240594 0.8191499999999999
0 0.0027703124287343215 0.7748718745724059 0.06788593728620296 0.8039296875712657 0.07481250057012542 0.7928609372862029 0.013854687571265678 0.7624187502850628 0.0027703124287343215 0.7748718745724059
0 0.5361593751425313 0.8316046875712657 0.5292312497149373 0.8606609372862029 0.6165140627137969 0.8744984378563283 0.615128125427594 0.8482078129988597 0.5361593751425313 0.8316046875712657