0 0.5604457229190422 0.4088318118586089 0.5614506567844926 0.37801859521094644 0.42230607525655645 0.37455850171037625 0.42279048118586093 0.40544322120866594 0.5604457229190422 0.4088318118586089
0 0.1731026510832383 0.2477642725199544 0.12329947662485746 0.250691661345496 0.11538059407069556 0.29613477194982896 0.16761792474344356 0.29490471607753704 0.1731026510832383 0.2477642725199544
0 0 0.3033902554161916 0.04702757582668187 0.3037780387685291 0.05054684606613455 0.27700297035347776 0 0.2782457742303307 0 0.3033902554161916
0 0 0.2602929486887115 0.05643262713797035 0.26691172519954387 0.0565820102622577 0.22865664424173318 0 0.2280521984036488 0 0.2602929486887115
0 0.27512455188141394 0.10692421322690993 0.2186282793614595 0.10533087229190422 0.21980973660205244 0.13916337514253135 0.2715589030786773 0.14092248916761688 0.27512455188141394 0.10692421322690993
0 0.7598764663625998 0.09708499771949829 0.7576612941847207 0.05917045838084378 0.7006131299885975 0.058786176738882555 0.6964955359179019 0.09399194982896238 0.7598764663625998 0.09708499771949829
0 0.8856513808437857 0.1515677685290764 0.8850830262257696 0.1862868779931585 0.9893183204104903 0.18538919726339798 0.9877365074116305 0.1485985518814139 0.8856513808437857 0.1515677685290764
0 0.6022867901938427 0.7307817662485747 0.4899275142531357 0.7287611927023945 0.48752021892816416 0.7448909692132268 0.6051370490307868 0.7443499338654505 0.6022867901938427 0.7307817662485747
0 0.48407102166476623 0.5950794583808438 0.4837040307867731 0.5845702394526796 0.41947304446978334 0.5826544515393387 0.41753469783352337 0.5952000535917902 0.48407102166476623 0.5950794583808438
0 0.5100423762827823 0.9134732770809578 0.5095449498289624 0.8992288358038769 0.4385586442417332 0.891010590649943 0.418225370581528 0.904201684150513 0.5100423762827823 0.9134732770809578
0 0.19694731927023945 0.8114942656784493 0.20306380843785635 0.7655215473204104 0.14732831128848348 0.7686560980615735 0.14196021436716078 0.802123204104903 0.19694731927023945 0.8114942656784493
0 0.276854669327252 0.9560858072976055 0.23826365222348916 0.9568377605473204 0.23901754846066134 0.9954396522234892 0.2757869019384265 0.9935615256556443 0.276854669327252 0.9560858072976055
0 0.15511421322690994 0.5663314355758267 0.17648238882554163 0.5657181345496008 0.18527867502850626 0.5284321858608894 0.15205049030786771 0.5295925393386545 0.15511421322690994 0.5663314355758267
0 0.14100743785632838 0.44308305017103766 0.1455521984036488 0.41155836031927023 0.10986601482326112 0.4104281014823261 0.11028669441277081 0.43953271379703535 0.14100743785632838 0.44308305017103766
0 0.08731437400228051 0.08792805929304448 0.09065973318129988 0.06463461915621437 0.05673299201824401 0.06284880729760547 0.052690582668187 0.08319446750285062 0.08731437400228051 0.08792805929304448
0 0.7345127708095781 0.3660324503990878 0.817483259977195 0.36866342531356894 0.8029081710376283 0.3000568574686431 0.7357723523375141 0.30002328050171034 0.7345127708095781 0.3660324503990878