0 0.838146833523375 0.7097899475484606 0.8316264994298747 0.6713149771949829 0.7597498437856328 0.6956984766248575 0.7702108483466362 0.7321122098061573 0.838146833523375 0.7097899475484606
0 0.7244866932725199 0.7865591721778792 0.7117430034207526 0.7291184583808438 0.6495368278221209 0.7493219521094641 0.6592061231470924 0.808571134549601 0.7244866932725199 0.7865591721778792
0 0.5855336180159635 0.8768569840364879 0.5447747548460662 0.9010089521094641 0.5659800239452679 0.9468727924743443 0.6130001334093501 0.9249430843785632 0.5855336180159635 0.8768569840364879
0 0.7198463078677309 0.49998549258836944 0.7021790216647663 0.43170306271379705 0.6577570900798176 0.44553546408209804 0.6736671220068415 0.5165839156214367 0.7198463078677309 0.49998549258836944
0 0.712885969213227 0.3286645553021665 0.6589398278221208 0.34785541961231475 0.6657878757126569 0.38411456100342073 0.7237192189281643 0.3632379566704675 0.712885969213227 0.3286645553021665
0 0.6804200353477765 0.2374254503990878 0.6697249509692133 0.2112981676168757 0.6362260604332952 0.22139497833523375 0.6399897274800456 0.25204759407069555 0.6804200353477765 0.2374254503990878
0 0.664698417331813 0.19718209007981757 0.6566141071835805 0.17281695553021667 0.5866532451539339 0.19816164310148232 0.5924273181299886 0.22078912314709234 0.664698417331813 0.19718209007981757
0 0.16915156556442418 0.4491553557582668 0.16640514709236032 0.39995300114025084 0.09542950513112886 0.41704578791334096 0.10071311288483467 0.46007731584948686 0.16915156556442418 0.4491553557582668
0 0.15452287115165336 0.3666056442417332 0.14982007525655644 0.3331764709236032 0.09757090763968074 0.3515591881413911 0.10428603990877992 0.3818509851767389 0.15452287115165336 0.3666056442417332
0 0.32043778221208663 0.2690633249714937 0.31318172177879133 0.25387975256556444 0.27901959521094644 0.2634597890535918 0.2838526077537058 0.2784229521094641 0.32043778221208663 0.2690633249714937
0 0.31651312884834665 0.24442043557582668 0.31051525883694414 0.22727830558722917 0.2759795267958951 0.2387004150513113 0.28022340592930445 0.253737488027366 0.31651312884834665 0.24442043557582668
0 0.30926495553021666 0.22198025085518816 0.3051033660205245 0.2076005496009122 0.2667387662485747 0.21709680159635117 0.2727504275940707 0.23191524287343215 0.30926495553021666 0.22198025085518816
0 0 0.38412628962371725 0.04800253477765108 0.3698126750285063 0.04610164538198404 0.3518951562143672 0 0.3651654663625998 0 0.38412628962371725
0 0.26796990649942987 0.7393268859749145 0.2628488141391106 0.7220046864310149 0.229181401368301 0.7404986875712656 0.23350634435575826 0.7513367708095782 0.26796990649942987 0.7393268859749145
0 0.2652984104903079 0.7200053158494869 0.25610136716077536 0.7060785952109464 0.22127600570125427 0.715141857468643 0.22485490763968075 0.7296607958950969 0.2652984104903079 0.7200053158494869
0 0.2574905108323831 0.700327369441277 0.25113369897377424 0.6851467274800457 0.2146732793614595 0.7003944150513113 0.21958909578107183 0.7111599475484607 0.2574905108323831 0.700327369441277
0 0.24603483352337513 0.6801984275940708 0.24189293842645382 0.6635431140250856 0.20580476396807298 0.6769504675028506 0.20865117217787912 0.6903629258836945 0.24603483352337513 0.6801984275940708
0 0 0.20628519726339795 0.035327732041049026 0.20805632611174457 0.026335873432155075 0.16164527822120867 0 0.1653323945267959 0 0.20628519726339795
0 0.17593224857468645 0.2921902542759407 0.16697458608893956 0.24849371151653366 0.12505796351197263 0.2632164914481186 0.1357358574686431 0.30139664766248575 0.17593224857468645 0.2921902542759407
0 0.5798720524515394 0.09902095895096921 0.5713929167616876 0.06899140706955531 0.5499941630558722 0.07520809692132269 0.556854015963512 0.10667854275940707 0.5798720524515394 0.09902095895096921