0 0.3088673762827822 0.16427922462941846 0.3463609429874573 0.1568315416191562 0.3359926339794755 0.12345977194982896 0.29931080159635115 0.1299847582668187 0.3088673762827822 0.16427922462941846
0 0.15048941163055873 0.32282828848346634 0.1855424675028506 0.32154802850627134 0.18351860433295325 0.28480805131128845 0.14566320524515391 0.2881199692132269 0.15048941163055873 0.32282828848346634
0 0.3098742109464082 0.4619131231470923 0.34472040820980615 0.4582684572405929 0.3441746659064994 0.4111554925883695 0.31265222690992023 0.4051032611174458 0.3098742109464082 0.4619131231470923
0 0.7774087491448118 0.47162049144811863 0.8166037958950969 0.46997785518814134 0.8195726818700113 0.4392113990877993 0.7709129885974915 0.4382487069555302 0.7774087491448118 0.47162049144811863
0 1 0.7209799794754846 0.9938793147092361 0.7045542850627138 0.9553578779931584 0.7138783797035347 0.9666061664766249 0.7504779236031927 1 0.7399901733181299 1 0.7209799794754846
0 0.7327962314709235 0.8405297274800456 0.7327354036488027 0.8738791208665906 0.7755295860889396 0.8725176191562144 0.7727378779931584 0.8406082576966932 0.7707495051311288 0.8417248665906499 0.7327962314709235 0.8405297274800456
0 0.7031669247434437 0.6585351721778792 0.6575172303306728 0.6613385359179019 0.6599241687571266 0.6956624948688711 0.7078072257696694 0.694542763968073 0.7031669247434437 0.6585351721778792
0 0.09750788369441277 0.8413299247434436 0.1347488574686431 0.844620118586089 0.13714788597491448 0.8141168289623717 0.1001947023945268 0.810727740022805 0.09750788369441277 0.8413299247434436
0 0.13416518015963513 0.9196988734321551 0.16433721436716078 0.9307534618015963 0.17861549030786772 0.899780228050171 0.14670203534777648 0.8858524184720639 0.13416518015963513 0.9196988734321551
0 0.36444498973774225 0.8608469042189281 0.4126675051311289 0.8602009521094641 0.41344871265678446 0.8453043033067275 0.364670054732041 0.8429639258836944 0.36444498973774225 0.8608469042189281
0 0.36213692588369445 0.8753407183580387 0.407815433295325 0.8796792086659064 0.4117604070695553 0.8668819965792474 0.363675590649943 0.8656776567844926 0.36213692588369445 0.8753407183580387
0 0.36479632269099205 0.8989252462941847 0.40666741505131127 0.9006198871151654 0.408452740022805 0.890387850627138 0.3679560410490308 0.8873354435575826 0.36479632269099205 0.8989252462941847
0 0.345680078677309 0.9393012291904218 0.38474727137970355 0.9430276659064994 0.3885632041049031 0.9287375826681871 0.34868312998859746 0.9259386465222349 0.345680078677309 0.9393012291904218
0 0.3816698084378563 0.9623522326111744 0.38295155644241735 0.9497346944127708 0.3496426031927024 0.943717992018244 0.348955322690992 0.9562819509692132 0.3816698084378563 0.9623522326111744
0 0.5704585017103763 0.4224421311288483 0.570654725199544 0.4587475564424173 0.6058644469783352 0.4592400763968073 0.6052303842645382 0.4213542976054732 0.5704585017103763 0.4224421311288483
0 0.044343595210946406 0.4244098038768529 0.050557949828962376 0.4613776111744584 0.09970497377423032 0.4576738209806157 0.09651520980615735 0.4212146522234892 0.044343595210946406 0.4244098038768529
0 0.5610449019384265 0.3012012223489168 0.570295849486887 0.3456453215507412 0.6100290809578107 0.34335958152793616 0.6038691607753706 0.30360768757126566 0.5610449019384265 0.3012012223489168