0 0.4802348768529076 0.03158123261117446 0.4486615541619156 0.017550529076396808 0.4312032177879134 0.05227119840364881 0.45858922805017105 0.06751216761687572 0.4802348768529076 0.03158123261117446
0 0.3519763557582668 0.2324058198403649 0.385516850627138 0.18555530900798178 0.35584411060433296 0.15800125655644243 0.320395046750285 0.21417689851767388 0.3519763557582668 0.2324058198403649
0 0.23075597491448116 0.3107034401368301 0.2158114811858609 0.34457981413911065 0.2642712143671608 0.3705771094640821 0.28479887913340934 0.3389859407069555 0.23075597491448116 0.3107034401368301
0 0.10821020980615735 0.4367831778791334 0.08924539338654504 0.4736904652223489 0.13552160205245153 0.4981817160775371 0.15724030900798178 0.4604622930444698 0.10821020980615735 0.4367831778791334
0 0.01513051197263398 0.4938531391106043 0.043518950969213224 0.5092365689851768 0.06407087685290765 0.4842426681870011 0.03217722462941847 0.46207254618015964 0.01513051197263398 0.4938531391106043
0 0.02413143101482326 0.5448852782212087 0.03859616647662486 0.5613066294184721 0.058762431014823265 0.5371594823261118 0.04138547890535918 0.524226149372862 0.02413143101482326 0.5448852782212087
0 0.04508471835803877 0.5748098244013683 0.06062171265678449 0.5835904196123147 0.07675013568985177 0.5540775324971494 0.06646100228050171 0.5439390832383124 0.04508471835803877 0.5748098244013683
0 0.23487583808437856 0.6692379224629418 0.2636761185860889 0.6816797297605474 0.29241577993158496 0.6263598985176739 0.2593382770809578 0.6160151003420752 0.23487583808437856 0.6692379224629418
0 0.18726856442417333 0.8460202029646522 0.21642643329532496 0.8687052143671607 0.2516291425313569 0.8142937046750285 0.21971161003420753 0.7957177377423034 0.18726856442417333 0.8460202029646522
0 0.4729090820980616 0.7656477514253136 0.44662138768529075 0.7907333432155075 0.47708064196123146 0.8339887229190421 0.502028889395667 0.8099124766248574 0.4729090820980616 0.7656477514253136
0 0.7562572497149374 0.9871456088939567 0.7896103876852907 0.9714471927023945 0.7516818540478905 0.8965632326111744 0.717014685290764 0.9168736556442417 0.7562572497149374 0.9871456088939567
0 0.6960747115165337 0.46064280501710375 0.6770047046750285 0.40879670923603195 0.624024015963512 0.4307304310148233 0.643345062713797 0.4778151254275941 0.6960747115165337 0.46064280501710375
0 0.7785361710376283 0.5387859555302167 0.7634433728620297 0.5060859600912201 0.7133363021664767 0.5296227115165336 0.7319660855188141 0.5718135735461801 0.7655671242873432 0.5543512417331813 0.7585096681870012 0.5491622862029646 0.7785361710376283 0.5387859555302167
0 0.028762499429874574 0.6312768050171038 0.0565807046750285 0.6549727069555302 0.08168446864310148 0.6255236305587228 0.059023939566704674 0.5968565324971493 0.028762499429874574 0.6312768050171038
0 0.6501564139110605 0.6040872656784493 0.6765445530216647 0.6251822679589509 0.7014853922462941 0.5954105005701255 0.6803742462941847 0.5723574207525656 0.6501564139110605 0.6040872656784493
0 0.7875614116305588 0.679158118586089 0.7973633124287344 0.6733406636259978 0.7705745587229191 0.6210109327251995 0.7587953420752566 0.6286490410490307 0.7875614116305588 0.679158118586089
0 0.7355498905359179 0.6400703637400228 0.7620823204104903 0.6899688859749145 0.7748036818700115 0.6761659657924743 0.7477286442417331 0.6306896510832383 0.7355498905359179 0.6400703637400228
0 0.8481231619156215 0.9514885484606613 0.8658915655644241 0.9827658198403649 0.9029251733181299 0.9621883945267958 0.8864812953249714 0.92809934663626 0.8481231619156215 0.9514885484606613
0 0.6896566328392245 0.6767921927023944 0.6641954960091221 0.69599651995439 0.6904434367160776 0.7308654332953249 0.7113019669327252 0.7173083169897377 0.6896566328392245 0.6767921927023944
0 0.6592939692132269 0.5220275564424174 0.6232694891676169 0.5439459771949828 0.6340519897377422 0.5652476670467502 0.6665314515393387 0.5437304047890535 0.6592939692132269 0.5220275564424174
0 0.8469570410490308 0.44407249258836945 0.8111786989737743 0.4642283272519954 0.8271847354618016 0.49525791448118583 0.865283298745724 0.47812787685290764 0.8469570410490308 0.44407249258836945
0 0.8163641014823261 0.4571624811858609 0.8503893922462943 0.440958945267959 0.8411913808437856 0.3875007651083238 0.7994793831242873 0.4068211014823261 0.8163641014823261 0.4571624811858609
0 0.8502562132269099 0.5356746761687572 0.8862075929304447 0.5185426636259977 0.874503701254276 0.49561251767388825 0.8414649179019384 0.5044598848346636 0.8502562132269099 0.5356746761687572