0 0.08739062485746864 0.8462312497149374 0.06807031242873432 0.8773187502850627 0.10671093728620297 0.9105375005701254 0.12870781299885975 0.8773187502850627 0.08739062485746864 0.8462312497149374
0 0.8070281254275941 0.6567640627137971 0.7981093751425313 0.6928406248574687 0.8224843751425314 0.7011453124287343 0.8325906248574686 0.6667406248574687 0.8070281254275941 0.6567640627137971
0 0.8097015621436715 0.7181406248574687 0.8123765621436716 0.7397031254275941 0.867071874572406 0.7219062497149372 0.8599375005701254 0.710635937286203 0.8097015621436715 0.7181406248574687
0 0.611735937286203 0.07857343785632839 0.6465125005701253 0.15008593728620298 0.6976406248574687 0.12635937514253134 0.6607812497149373 0.05577031242873432 0.611735937286203 0.07857343785632839
0 0.14802812542759405 0.06878906271379703 0.14892187457240594 0.10025937514253135 0.19469687457240592 0.10025937514253135 0.19945312542759405 0.0640765621436716 0.14802812542759405 0.06878906271379703
0 0.20866718700114026 0.09725468757126568 0.21134375028506272 0.11508906271379704 0.263064062713797 0.1055984378563284 0.26544218700114025 0.08839531242873432 0.20866718700114026 0.09725468757126568
0 0.1875625005701254 0 0.2268 0.03500937514253136 0.2529578129988597 0.010690624857468644 0.24404062485746864 0 0.1875625005701254 0
0 0.10611718700114026 0.2799906248574687 0.06747500000000001 0.3227 0.09422656214367162 0.3476125005701254 0.13346406271379704 0.30490468757126565 0.10611718700114026 0.2799906248574687
0 0.3103265621436716 0.6016125005701254 0.2868437502850627 0.622846874572406 0.3082453124287343 0.6489468745724059 0.3367812497149373 0.6234390627137971 0.3103265621436716 0.6016125005701254
0 0.47886562485746864 0.6718859372862029 0.4515187502850627 0.6904687502850627 0.47529843785632836 0.721314062713797 0.503239062713797 0.695214062713797 0.47886562485746864 0.6718859372862029
0 0.6598890627137971 0.782185937286203 0.6334343751425313 0.8067312497149373 0.6542421870011402 0.8239328129988597 0.6803999999999999 0.8019843751425313 0.6598890627137971 0.782185937286203
0 0.4137687502850627 0.7332625005701253 0.3885015621436716 0.7557171870011402 0.4021765621436716 0.7741062497149372 0.4313062497149373 0.7539375005701254 0.4137687502850627 0.7332625005701253
0 0.110575 0.6932343751425314 0.08471562485746864 0.7195343751425314 0.11206250057012543 0.7438546875712656 0.137625 0.7195343751425314 0.110575 0.6932343751425314
0 0.13019531242873433 0.18086875028506272 0.15427031242873432 0.2076234378563284 0.1816187502850627 0.18330312542759408 0.15427031242873432 0.15601718700114026 0.13019531242873433 0.18086875028506272
0 0.19529218700114026 0.8684687502850628 0.20896562485746864 0.8761312497149373 0.23036718700114026 0.85715 0.21669218700114026 0.8435078129988598 0.19529218700114026 0.8684687502850628
0 0.17507812542759407 0.8512187502850627 0.19112968757126567 0.8660484378563285 0.21372031242873432 0.8411343751425313 0.197075 0.8268984378563284 0.17507812542759407 0.8512187502850627
0 0.20599218700114025 0.7377093751425314 0.1976687502850627 0.7456343751425313 0.23096093728620296 0.7669874994298747 0.23333906271379704 0.7503781254275941 0.20599218700114025 0.7377093751425314
0 0.09987499999999999 0.766175 0.0924437502850627 0.7806312497149372 0.1275187502850627 0.7948671870011402 0.13405937514253136 0.7806312497149372 0.09987499999999999 0.766175
0 0.4137687502850627 0.08657968757126568 0.4319 0.11034375028506271 0.45805937514253137 0.09076875028506272 0.4420078129988597 0.07000781299885975 0.4137687502850627 0.08657968757126568