0 0.12914062485746863 0.8921484378563284 0.18139218700114026 0.8577437502850627 0.15823593728620297 0.8298640627137971 0.11489218700114025 0.8624890627137971 0.12914062485746863 0.8921484378563284
0 0.04779687457240593 0.6430156248574687 0.013953125427594072 0.664960937286203 0.04720312542759407 0.7124156248574687 0.07510937514253135 0.6857234378563284 0.04779687457240593 0.6430156248574687
0 0.5625812497149373 0.45913124971493724 0.6020656248574687 0.5233343751425313 0.6350203124287344 0.505396874572406 0.5958312497149373 0.4395546875712657 0.5625812497149373 0.45913124971493724
0 0.7410046875712657 0.5731484378563284 0.763864062713797 0.6186953124287343 0.7988953124287342 0.6038640627137971 0.7763328129988598 0.5510718745724059 0.7410046875712657 0.5731484378563284
0 0.7223015621436717 0.5522593751425314 0.7549578129988597 0.5303109372862029 0.7145828129988597 0.462689062713797 0.6789578129988598 0.4876031254275941 0.7223015621436717 0.5522593751425314
0 0.787614062713797 0.42116718700114025 0.8054265621436716 0.45023281299885975 0.8363015621436716 0.42769218700114026 0.8137390627137971 0.40159218700114024 0.787614062713797 0.42116718700114025
0 0.9146765621436715 0.4770796875712657 0.941396874572406 0.4620953124287343 0.9307093751425314 0.43065781299885975 0.8956765621436715 0.4419281254275941 0.9146765621436715 0.4770796875712657
0 0.7721765621436716 0.32922343785632835 0.8060218745724059 0.31320937514253133 0.7893953124287343 0.2817703124287343 0.7555515621436717 0.3025312497149373 0.7721765621436716 0.32922343785632835
0 0.9146765621436715 0.19398124971493727 0.8648015621436717 0.22838437514253135 0.8938968745724059 0.2556718745724059 0.9360531254275941 0.2272 0.9146765621436715 0.19398124971493727
0 0.5708937502850627 0.18152500000000002 0.5967218745724059 0.21200312542759406 0.6243312497149373 0.1874562497149373 0.6041453124287343 0.16016875028506272 0.5708937502850627 0.18152500000000002
0 0.34051718700114025 0.2165218745724059 0.3687203124287343 0.24224687457240593 0.38445468757126566 0.2206734378563284 0.35714375028506273 0.2005062497149373 0.34051718700114025 0.2165218745724059
0 0.3654546875712657 0.8974875005701254 0.32626875028506275 0.917060937286203 0.3482375005701254 0.9461265621436716 0.3803 0.9271453124287343 0.3654546875712657 0.8974875005701254
0 0.7656453124287343 0.906978125427594 0.7988953124287342 0.8856234378563284 0.7846453124287344 0.8399484378563283 0.7436765621436716 0.85715 0.7656453124287343 0.906978125427594
0 0.6112687502850627 0.6892828129988597 0.5667375005701254 0.7011453124287343 0.5845515621436715 0.7539375005701254 0.6243312497149373 0.7385156248574687 0.6112687502850627 0.6892828129988597
0 0.628489062713797 0.7402953124287343 0.589596874572406 0.7617265621436715 0.6118624994298746 0.7978328129988598 0.6457062497149374 0.7770718745724059 0.628489062713797 0.7402953124287343
0 0.8529374994298746 0.21770781299885975 0.898064062713797 0.19101562485746865 0.8826265621436716 0.16372812542759407 0.8392812497149373 0.18448906271379703 0.8529374994298746 0.21770781299885975
0 0.7733749999999999 0.7201265621436715 0.7410156248574687 0.7430468745724059 0.7727812497149372 0.7865625005701253 0.8030625005701254 0.764021874572406 0.7733749999999999 0.7201265621436715
0 0.8535312497149373 0.6068312497149373 0.8630312497149374 0.6388625005701255 0.91825 0.6192875005701254 0.9093437502850626 0.5872562497149373 0.8535312497149373 0.6068312497149373
0 0.89925 0.6489468745724059 0.9176578129988597 0.6857234378563284 0.9461578129988597 0.6714875005701254 0.9384390627137971 0.6382687502850628 0.89925 0.6489468745724059
0 0.708953125427594 0.9876656248574687 0.7692187502850627 0.9651078129988597 0.7573437502850627 0.9283312497149373 0.6985624994298746 0.9508734378563284 0.708953125427594 0.9876656248574687
0 0.74725 0.23157187457240594 0.7810937502850628 0.21474218700114026 0.7775312497149373 0.19991249942987457 0.7430937502850627 0.21474218700114026 0.74725 0.23157187457240594
0 0.8054375005701254 0.17796562485746864 0.8104843751425314 0.19421093728620295 0.8262187502850628 0.1874562497149373 0.8220625005701254 0.1744062497149373 0.8054375005701254 0.17796562485746864
0 0.7229046875712656 0.1922015621436716 0.7374531254275941 0.2102234378563284 0.752 0.19754062485746865 0.7389375005701254 0.18389687457240592 0.7229046875712656 0.1922015621436716
0 0.7478421870011404 0.18271093728620297 0.7561562497149373 0.19599062485746865 0.771 0.19576093728620297 0.7609062497149374 0.17381249942987456 0.7478421870011404 0.18271093728620297