0 0.04561003420752566 0.44013683010262256 0.04446978335233751 0.043329532497149374
0 0.4922903021664766 0.13583962371721778 0.4755263010262258 0.18573533181299884 0.515149558722919 0.20695845039908778 0.5438400285062713 0.16684095210946406 0.4922903021664766 0.13583962371721778
0 0.6942852314709236 0.4136247286202965 0.6443446522234891 0.40518071835803876 0.6234177172177879 0.45569221208665905 0.6561278129988597 0.46573038312428733 0.6942852314709236 0.4136247286202965
0 0.9164531664766249 0.8144123033067275 0.9440793717217788 0.8370860957810718 0.9739902576966932 0.8053580285062714 0.9485191858608893 0.7840457685290765 0.9164531664766249 0.8144123033067275
0 0.4374935872291904 0.996022511972634 0.4381428141391106 0.9572126773090079 0.39116041505131127 0.954750433295325 0.38789433979475485 0.9906490102622577 0.4374935872291904 0.996022511972634
0 0.7298559646522235 0.09709788027366022 0.7471582611174459 0.05776982782212087 0.6732653660205244 0.04002512998859749 0.6658534184720638 0.07570643101482327 0.7298559646522235 0.09709788027366022
0 0.5667983523375143 0.06219283124287343 0.5822740729760547 0.004874214367160776 0.5104195564424173 0.001108478905359179 0.501269818700114 0.043497085518814135 0.5667983523375143 0.06219283124287343
0 0.30748797035347775 0.25115241163055874 0.277377558722919 0.24402459863169895 0.2643662850627138 0.2808002919042189 0.2984034891676169 0.2922958517673888 0.30748797035347775 0.25115241163055874
0 0.6838659863169897 0.7177947206385406 0.6538080364880273 0.7058145655644241 0.6369477571265678 0.7441722337514253 0.6685622155074117 0.7529638551881414 0.6838659863169897 0.7177947206385406
0 0.25487251881413914 0.8941956259977195 0.24545047662485744 0.8910262941847207 0.2192840102622577 0.9838934937286203 0.23457598859749143 0.986775890535918 0.25487251881413914 0.8941956259977195
0 0.23107874458380845 0.7743313979475483 0.24503167046750285 0.7759544868871151 0.2503212953249715 0.7203426111744583 0.23532548460661346 0.723124102622577 0.23107874458380845 0.7743313979475483
0 0.2505273705815279 0.7771359156214367 0.26928757810718357 0.7778202508551881 0.27318137286202965 0.7601873705815279 0.2543504344355758 0.7568222234891676 0.2505273705815279 0.7771359156214367