0 0.5637687502850627 0.45201250057012543 0.5507062497149373 0.48404375028506275 0.6492687502850627 0.5048046875712656 0.6611453124287343 0.4704015621436716 0.5637687502850627 0.45201250057012543
0 0.7074578129988598 0.5498859372862029 0.761489062713797 0.5623421870011402 0.7846453124287344 0.4881953124287343 0.7323953124287343 0.47514531242873437 0.7074578129988598 0.5498859372862029
0 0.9134906248574686 0.43599687457240593 0.8086921870011402 0.4112546875712657 0.7893953124287343 0.4668421870011402 0.9022078129988598 0.49294218700114023 0.9134906248574686 0.43599687457240593
0 0.6127546875712656 0.321414062713797 0.5993937502850627 0.35829062485746865 0.6825203124287343 0.37430624971493726 0.6908328129988597 0.33930937514253134 0.6127546875712656 0.321414062713797
0 0.5898937502850627 0.40159218700114024 0.5809875005701255 0.43718281299885975 0.6635203124287343 0.450825 0.6712374994298747 0.41760781299885974 0.5898937502850627 0.40159218700114024
0 0.7525828129988598 0.10526093728620296 0.7312078129988598 0.18626875028506273 0.7882078129988597 0.19991249942987457 0.8083953124287343 0.12220624971493728 0.7525828129988598 0.10526093728620296
0 0.8870687502850627 0.07234687457240593 0.8731140627137971 0.10678437514253135 0.962771874572406 0.1287312497149373 0.9805843751425314 0.09610781299885975 0.8870687502850627 0.07234687457240593
0 0.941396874572406 0.046873437856328394 0.9618812497149373 0.00029687457240592933 0.8683656248574686 0 0.863021874572406 0.020773437856328392 0.941396874572406 0.046873437856328394
0 0.3972203124287343 0.10615 0.39989218700114026 0.12279999999999999 0.48598749942987457 0.11568124971493729 0.4889562497149373 0.10144531242873432 0.3972203124287343 0.10615
0 0.3803 0.14474687457240593 0.3820812497149373 0.15838906271379702 0.43373750057012544 0.15661093728620296 0.43373750057012544 0.13881562485746865 0.3803 0.14474687457240593
0 0.9102250000000001 0.5446843751425313 0.8968656248574687 0.5914078129988598 0.948521874572406 0.6050515621436716 0.9645531254275941 0.5546312497149373 0.9102250000000001 0.5446843751425313
0 0.4649093751425314 0.9182828129988597 0.46164375028506266 0.9390093751425314 0.5311125005701254 0.9579906248574687 0.5376437502850627 0.9336703124287342 0.4649093751425314 0.9182828129988597
0 0.2948 0.8311093751425314 0.29064218700114025 0.8435078129988598 0.32507968757126565 0.8524046875712656 0.33101718700114025 0.8405421870011403 0.2948 0.8311093751425314
0 0.052546874572405936 0.937821874572406 0.054328125427594076 0.9556171870011403 0.07570312542759408 0.9496859372862029 0.06620312542759407 0.9318906248574685 0.052546874572405936 0.937821874572406
0 0.08045312542759407 0.9152812497149372 0.09114062485746864 0.9401953124287343 0.10420312542759406 0.9324843751425315 0.09589218700114024 0.90935 0.08045312542759407 0.9152812497149372
0 0.11043750057012543 0.8978234378563285 0.11607812542759408 0.9206203124287343 0.13389218700114025 0.9146890627137971 0.12498437514253134 0.893928125427594 0.11043750057012543 0.8978234378563285
0 0.13181250057012542 0.886260937286203 0.14220468757126567 0.90935 0.17486093728620294 0.8992671870011403 0.16654687457240594 0.8725734378563283 0.13181250057012542 0.886260937286203
0 0.16536093728620296 0.816814062713797 0.18376718700114025 0.8079171870011402 0.17486093728620294 0.7865625005701253 0.16120468757126566 0.7924937502850627 0.16536093728620296 0.816814062713797
0 0.13181250057012542 0.794639062713797 0.14220468757126567 0.8162218745724059 0.15704687457240593 0.8073234378563284 0.15051562485746867 0.788935937286203 0.13181250057012542 0.794639062713797
0 0.1407187502850627 0.7617265621436715 0.15051562485746867 0.7806312497149372 0.16536093728620296 0.7794453124287343 0.15823593728620297 0.7569046875712657 0.1407187502850627 0.7617265621436715
0 0.10598437514253135 0.7510515621436716 0.11489218700114025 0.7723265621436716 0.12914062485746863 0.768175 0.1237984378563284 0.7480062497149373 0.10598437514253135 0.7510515621436716
0 0.12023593728620297 0.7279249999999999 0.12795312542759407 0.7515656248574687 0.14517343785632839 0.7480062497149373 0.13804687457240594 0.7260578129988597 0.12023593728620297 0.7279249999999999
0 0.0855 0.7172499999999999 0.09114062485746864 0.7349562497149373 0.10895312542759407 0.7284328129988596 0.09886093728620296 0.7100437502850626 0.0855 0.7172499999999999
0 0.10242343785632839 0.6969937502850627 0.10954687457240593 0.718346874572406 0.12320468757126568 0.715975 0.11667187457240594 0.695214062713797 0.10242343785632839 0.6969937502850627
0 0.06234375028506271 0.685228125427594 0.07273437514253135 0.7064843751425314 0.08936093728620297 0.6993656248574687 0.07748437514253136 0.6809781254275941 0.06234375028506271 0.685228125427594
0 0.07926562485746864 0.6692171870011402 0.08639218700114025 0.6845375005701254 0.10360937514253135 0.676825 0.09529843785632838 0.6608093751425314 0.07926562485746864 0.6692171870011402
0 0.054328125427594076 0.648353125427594 0.06204687457240593 0.6661484378563284 0.07629687457240593 0.6590296875712657 0.06679687457240592 0.6424203124287343 0.054328125427594076 0.648353125427594
0 0.07451562485746864 0.6370828129988597 0.08639218700114025 0.6566578129988598 0.10004687457240592 0.6477593751425313 0.08401562485746863 0.628778125427594 0.07451562485746864 0.6370828129988597