0 0 0.22576056442417333 0.0047691163055872295 0.25403972633979477 0.04148333979475485 0.2515678494868871 0.028093811858608896 0.17410982782212087 0 0.17930460205245155 0 0.22576056442417333
0 0.04849247434435576 0.24834939908779932 0.06308486316989738 0.24129520980615737 0.049269500570125434 0.16861120752565564 0.03313902508551882 0.17482481299885974 0.04849247434435576 0.24834939908779932
0 0.25377232725199544 0.6028527514253136 0.2662002668187001 0.6018246476624857 0.2685540957810718 0.567240181299886 0.25335710832383124 0.5677708711516534 0.25377232725199544 0.6028527514253136
0 0.278752645381984 0.6043599942987458 0.29353185632839224 0.602655669327252 0.29465897263397944 0.5669242542759407 0.2801186385404789 0.5695145336374002 0.278752645381984 0.6043599942987458
0 0.3032007993158495 0.6415778768529077 0.3234817023945268 0.6444374503990878 0.32842853705815284 0.5651493192702394 0.31034396465222347 0.5684590410490308 0.3032007993158495 0.6415778768529077
0 0.4870748985176739 0.43409530786773093 0.5507638335233751 0.45626109806157356 0.5617684310148232 0.4314869521094641 0.4925969007981756 0.40951261687571267 0.4870748985176739 0.43409530786773093
0 0.65857178677309 0.5690876978335233 0.6748265860889395 0.575657228050171 0.7086470490307868 0.4733505267958951 0.6913645074116306 0.46860078563283925 0.65857178677309 0.5690876978335233
0 0.6819617765108323 0.5760037377423033 0.6981128597491447 0.5796032029646522 0.7320578152793615 0.48086151539338656 0.7138390091220068 0.4749546818700114 0.6819617765108323 0.5760037377423033
0 0.7454847206385405 0.5934161755986317 0.7759667856328393 0.5994888791334094 0.7896173124287343 0.548450141391106 0.7535097468643102 0.5404913660205245 0.7454847206385405 0.5934161755986317
0 0.9186103534777651 0.5540580148232611 0.9682089372862029 0.5636281915621436 0.9762621927023946 0.5223016499429874 0.9289925416191562 0.5114603580387685 0.9186103534777651 0.5540580148232611
0 0.6639346898517674 0 0.676849708095781 0.05568236830102623 0.6890701596351197 0.04871257126567845 0.6787603990877993 0 0.6639346898517674 0
0 0.2579957126567845 0.11194850057012544 0.2758009064994299 0.11192084150513112 0.2710834355758267 0.07877466134549602 0.2518107890535918 0.08777462485746865 0.2579957126567845 0.11194850057012544
0 0.007959169897377423 0.05643614481185861 0.039130094640820984 0.048208908779931586 0.03641787457240593 0.021535753705815282 0.0032685530216647663 0.03310281870011403 0.007959169897377423 0.05643614481185861