0 0.21765291676168758 0.947198472063854 0.2414081265678449 0.8984259247434435 0.20962224629418472 0.8810148152793614 0.18581973774230331 0.9388710935005701 0.21765291676168758 0.947198472063854
0 0.43427684264538197 1 0.4458963990877993 0.9711835484606613 0.3987617776510833 0.9525218893956671 0.37788476510832386 0.9850085324971494 0.4115281550741163 1 0.43427684264538197 1
0 0.5410492976054732 0.3943959304446978 0.4689391915621437 0.3684901630558723 0.4576193033067275 0.4042620171037628 0.5281768107183581 0.4307704184720639 0.5410492976054732 0.3943959304446978
0 0.39713967274800455 0.23848917217787913 0.3410122987457241 0.22641443329532498 0.33313781755986316 0.26363199657924746 0.3822096431014823 0.27738062713797035 0.39713967274800455 0.23848917217787913
0 0.47802234891676165 0.32196471037628277 0.4956810992018244 0.2822404150513113 0.42159771607753704 0.25551007981755985 0.4062836385404789 0.29175430216647663 0.47802234891676165 0.32196471037628277
0 0.5367355484606614 0.1732481117445838 0.5068099521094641 0.15608026339794756 0.49057468757126566 0.1906889566704675 0.5225050820980616 0.20262820752565563 0.5367355484606614 0.1732481117445838
0 0.4815062839224629 0.10051249486887115 0.4858849521094641 0.06397285632839224 0.4529857776510832 0.059480273660205245 0.4433751835803877 0.08856881299885974 0.4815062839224629 0.10051249486887115
0 0.6450791562143672 0.21146482554161916 0.6590009646522235 0.17428150741163057 0.6249670285062714 0.16395927822120865 0.6157051790193843 0.20023838312428735 0.6450791562143672 0.21146482554161916
0 0.6845850364880274 0.019905704675028505 0.664680062713797 0.06672011630558723 0.6970178608893957 0.090074165336374 0.7212723055872291 0.03455108437856328 0.6845850364880274 0.019905704675028505
0 0.8137157297605473 0.3329252713797035 0.78307792018244 0.3183169064994299 0.764250157354618 0.35010278449258836 0.7990965518814139 0.36964087229190423 0.8137157297605473 0.3329252713797035
0 0.8212494640820981 0.5830854766248575 0.7962416316989738 0.5601243990877993 0.7780668198403649 0.579686094640821 0.8087005895096921 0.602462488027366 0.8212494640820981 0.5830854766248575
0 0.10354238654503992 0.6990039418472065 0.09102768985176739 0.7340991562143672 0.1237511322690992 0.7501182953249715 0.13548792018244013 0.707917526795895 0.10354238654503992 0.6990039418472065
0 0.10291617103762828 0.3289478950969213 0.11198448688711517 0.28544964310148235 0.06442963625997719 0.28017665678449255 0.049811693272519955 0.3168904275940707 0.10291617103762828 0.3289478950969213
0 0.24214305815279363 0.42346399201824403 0.23459484834663624 0.4654554481185861 0.28981617787913344 0.4728689897377423 0.2929637673888255 0.42689243329532495 0.24214305815279363 0.42346399201824403
0 0.20021665336374 0.409838590649943 0.18629484378563285 0.4470219099201824 0.22598620182440138 0.46198905473204105 0.2396027206385405 0.41972215051311285 0.20021665336374 0.409838590649943
0 0.7449761984036487 0.1067499771949829 0.7570850228050171 0.06023966704675029 0.7273532576966933 0.05029249714937287 0.7097620342075257 0.09968306841505131 0.7449761984036487 0.1067499771949829
0 0.18300189965792477 0.2528833603192702 0.1666533432155074 0.28690921322690993 0.21543063169897375 0.3097880410490308 0.2317553740022805 0.27364979703534775 0.18300189965792477 0.2528833603192702
0 0.3362404230330673 0.11482632497149373 0.30309828392246296 0.11219555872291904 0.29441916647662486 0.17013487115165335 0.327674598631699 0.17334847890535918 0.3362404230330673 0.11482632497149373
0 0.28061351881413915 0.0959992189281642 0.24653228392246293 0.09476072063854048 0.2379959566704675 0.1254534401368301 0.27760920752565565 0.1365057502850627 0.28061351881413915 0.0959992189281642
0 0 0.3894871299885975 0.019522866590649942 0.3911163603192703 0.030434899657924744 0.329113834663626 0 0.3254334732041049 0 0.3894871299885975
0 0.7336323489167617 0.20694280957810718 0.7416185895096921 0.1703083865450399 0.7263816077537057 0.1696409771949829 0.7163188209806157 0.20607417787913343 0.7336323489167617 0.20694280957810718
0 0.7581592542759407 0.12172847776510833 0.744555969213227 0.12013864766248575 0.7409276442417332 0.13687279361459523 0.7578374743443558 0.13872719156214366 0.7581592542759407 0.12172847776510833
0 0.7647039965792474 0.20513713454960092 0.7488184777651083 0.19491798061573548 0.7391443580387685 0.211617582668187 0.759611094640821 0.22245998859749144 0.7647039965792474 0.20513713454960092
0 0.7704112576966933 0.18164782326111745 0.7469400969213227 0.17592748346636258 0.7495469498289623 0.19054233865450398 0.7641690501710375 0.19616976510832385 0.7704112576966933 0.18164782326111745