0 0.4720343751425314 0.3045125005701254 0.4604562497149373 0.33634218700114027 0.5317062497149373 0.35413750057012544 0.5388312497149372 0.323885937286203 0.4720343751425314 0.3045125005701254
0 0.6991453124287343 0.35966406271379703 0.6908328129988597 0.39328750057012546 0.7383328129988598 0.4057453124287343 0.7508015621436717 0.37134062485746866 0.6991453124287343 0.35966406271379703
0 0.7285359372862029 0.007412499429874572 0.7234890627137971 0.04272031242873432 0.754364062713797 0.05221093728620296 0.7680203124287343 0.019587500570125427 0.7285359372862029 0.007412499429874572
0 0.891521874572406 0.404139062713797 0.883803125427594 0.43836875028506267 0.9277406248574686 0.45379218700114027 0.9419906248574687 0.42057343785632834 0.891521874572406 0.404139062713797
0 0.8496625005701254 0.5242234378563284 0.863614062713797 0.4674343751425314 0.7983015621436715 0.44370781299885975 0.7721765621436716 0.4965 0.8496625005701254 0.5242234378563284
0 0.7374421870011403 0.6950124994298746 0.7133953124287343 0.7486 0.7798953124287343 0.7729203124287344 0.799489062713797 0.7201265621436715 0.7374421870011403 0.6950124994298746
0 0.20573593728620296 0.5073234378563284 0.1950484378563284 0.5362421870011402 0.2562046875712657 0.5522593751425314 0.2562046875712657 0.5119234378563284 0.20573593728620296 0.5073234378563284
0 0.06857812542759407 0.6709968745724059 0.051953125427594074 0.708264062713797 0.08520312542759406 0.7254656248574686 0.10360937514253135 0.6857234378563284 0.06857812542759407 0.6709968745724059
0 0.8692562497149372 0.7510515621436716 0.842239062713797 0.7996125005701255 0.8713343751425314 0.8120703124287343 0.8944906248574687 0.7616499999999999 0.8692562497149372 0.7510515621436716
0 0.9672249999999999 0.8195453124287343 0.943771874572406 0.8494390627137971 0.9805843751425314 0.8767265621436716 0.998753125427594 0.8482531254275941 0.9672249999999999 0.8195453124287343
0 0.9886 0.474410937286203 0.9710843751425313 0.5095500000000001 0.998753125427594 0.5261593751425314 0.998753125427594 0.48167187457240596 0.9886 0.474410937286203