0 0.3442466134549601 0.42189773546180165 0.34369096921322695 0.4952728608893957 0.3779391060433296 0.5042456704675029 0.3821572018244013 0.4300614424173318 0.3442466134549601 0.42189773546180165
0 0.4477623683010262 0.41307600114025084 0.44506417331813 0.478464669327252 0.48229183124287345 0.48178043329532494 0.4816363420752566 0.41424821892816416 0.4477623683010262 0.41307600114025084
0 0.442541763968073 0.3265547651083238 0.4083255484606613 0.322958496009122 0.4134244481185861 0.4151370649942987 0.45341303534777655 0.41605642189281644 0.442541763968073 0.3265547651083238
0 0.6342178859749145 0.023711053591790193 0.6002818494868871 0.023129335233751425 0.5983075610034208 0.07725069783352338 0.6348731459521094 0.0798998551881414 0.6342178859749145 0.023711053591790193
0 0.7301598483466363 0.06424300798175599 0.6934603956670468 0.05023639110604333 0.6815566727480046 0.0851050022805017 0.7183009555302167 0.09762377993158496 0.7301598483466363 0.06424300798175599
0 0.7527798551881414 0.3597591231470924 0.6814621220068415 0.37435308779931586 0.6804018905359178 0.41095841619156215 0.7567885724059293 0.40674805815279363 0.7527798551881414 0.3597591231470924
0 0.7404064994298746 0.6307015689851767 0.6865059589509692 0.6214542702394527 0.6788253021664766 0.6642310718358039 0.7312804914481186 0.6721324161915622 0.7404064994298746 0.6307015689851767
0 0.45681336716077536 0.7071659566704674 0.4255163261117446 0.6985017491448119 0.4130632725199544 0.7589860775370582 0.44054771835803874 0.7711286282782213 0.45681336716077536 0.7071659566704674
0 0.4184631630558723 0.6010446761687571 0.38160788711516536 0.5941859270239452 0.37674167958950966 0.6280031493728621 0.411137558722919 0.6366914047890536 0.4184631630558723 0.6010446761687571
0 0.252792842645382 0.7018420900798176 0.21522271265678447 0.684758858608894 0.18044767502850628 0.7936422269099201 0.21631690307867732 0.804874992018244 0.252792842645382 0.7018420900798176
0 0.06632737856328393 0.89836678677309 0.04900396921322691 0.9553525473204105 0.10526561003420752 0.9591763112884835 0.1212834629418472 0.9202624583808438 0.06632737856328393 0.89836678677309
0 0.4691141174458381 0.805773165336374 0.43548800798175596 0.7908971003420753 0.4226101881413911 0.846857558722919 0.4601745290763968 0.8567759361459522 0.4691141174458381 0.805773165336374
0 0.40584217445838083 0.8970343854047891 0.37035392132269096 0.8885298266818701 0.36049997605473205 0.9442110866590651 0.39429545039908775 0.9501512166476624 0.40584217445838083 0.8970343854047891
0 0.34960548004561004 0.7454506590649943 0.31473647434435575 0.7310394093500571 0.30434436259977193 0.7636788141391105 0.33957858950969216 0.7784269612314709 0.34960548004561004 0.7454506590649943
0 0.30505676738882553 0.8571874059293045 0.27487832953249713 0.8492409315849487 0.27035817103762827 0.8998110992018243 0.303599685290764 0.9107676795895097 0.30505676738882553 0.8571874059293045
0 0.6471258038768528 0.41731179703534776 0.6294264218928164 0.4154515165336374 0.6331585917901938 0.49345802508551884 0.6470984287343216 0.4913410387685291 0.6471258038768528 0.41731179703534776
0 0.2886239315849487 0.15097129418472063 0.23677155986316992 0.1335825496009122 0.22731534093500572 0.16900691448118588 0.28101782326111746 0.1836065803876853 0.2886239315849487 0.15097129418472063
0 0.2179986180159635 0.34056662371721774 0.18710416419612313 0.33373736259977194 0.17829475940706957 0.37161779247434434 0.21474099771949828 0.377241078677309 0.2179986180159635 0.34056662371721774
0 0.05319611060433295 0.38772497149372864 0.008225490307867732 0.39553579931584953 0.005370556442417332 0.42269867958950974 0.054782098061573546 0.42371289851767385 0.05319611060433295 0.38772497149372864
0 0.2696487605473204 0.6265980695553022 0.23564903990877994 0.615261716077537 0.22593329532497147 0.6417050661345496 0.2597763010262258 0.6524247844925884 0.2696487605473204 0.6265980695553022
0 0.8406745165336375 0.8400495735461802 0.8256458893956671 0.8354848985176738 0.8233999840364881 0.8630118711516533 0.833440953249715 0.869140322690992 0.8406745165336375 0.8400495735461802
0 0.8544254629418473 0.7829868426453819 0.8403041459521094 0.8662795496009122 0.8558277297605473 0.8661200820980616 0.8703216579247435 0.7906278050171037 0.8544254629418473 0.7829868426453819
0 1 0.34038834663626 0.9841525530216648 0.3375113432155074 0.9836476168757127 0.37656154618015963 1 0.3759188198403649 1 0.34038834663626
0 0.5131979714937286 0.17636760889395667 0.5020258050171038 0.24862689281641961 0.5173647502850627 0.2502390809578107 0.5249365313568986 0.17819840250855187 0.5131979714937286 0.17636760889395667
0 0.5622220798175599 0.005039407069555302 0.54688313340935 0.003427218928164196 0.5461583329532498 0.02878411402508552 0.5581489122006842 0.03243245724059293 0.5622220798175599 0.005039407069555302
0 0.4956190353477765 0.0598904732041049 0.47801766590649947 0.10819022006841506 0.5136935655644241 0.12626997263397946 0.5337794994298746 0.07703732269099202 0.4956190353477765 0.0598904732041049
0 0.4059956944127708 0 0.40029771037628276 0.01345354503990878 0.41467377765108326 0.018546654503990876 0.42342498061573547 0 0.4059956944127708 0
0 0.37268148916761684 0 0.37076408779931586 0.004080720638540479 0.38421376966932724 0.007583911060433295 0.38866767616875714 0 0.37268148916761684 0
0 0.11074483580387685 0.13526054960091222 0.09478641391106044 0.1282116385404789 0.08204885974914482 0.20657510946408209 0.0976784401368301 0.20851635461801596 0.11074483580387685 0.13526054960091222
0 0.13539812542759408 0.13904732725199545 0.1217366841505131 0.1328352873432155 0.11817927023945268 0.16917815165336372 0.13471743671607755 0.16822979019384265 0.13539812542759408 0.13904732725199545
0 0.4682330364880274 0.5871694720638541 0.4623365860889395 0.6319248620296465 0.5443047753705815 0.6465102702394527 0.5534002508551882 0.5997046009122007 0.4682330364880274 0.5871694720638541