0 0 0.671543709236032 0.09956459635119726 0.9046367263397948 0.1292075575826682 0.899713290763968 0.026598529076396808 0.6363869064994299 0 0.6464577776510833 0 0.671543709236032
0 0.05635414709236032 0.6573308141391105 0.14394654047890537 0.8749943318129989 0.167785511972634 0.8649451596351198 0.07707539794754846 0.6479885632839225 0.05635414709236032 0.6573308141391105
0 0.22107280843785634 0.370518921322691 0.2614898198403649 0.37962394526795895 0.2754071938426454 0.32592276510832385 0.2356129007981756 0.31901881641961227 0.22107280843785634 0.370518921322691
0 0.30255906499429874 0.37981658836944127 0.3291705974914481 0.3813278415051311 0.33357093842645386 0.3459541356898517 0.3076669828962372 0.342452503990878 0.30255906499429874 0.37981658836944127
0 0.3086019144811859 0.33027698403648803 0.33320332041049033 0.3368786442417332 0.34100549030786775 0.28761768757126566 0.31402153591790194 0.2833438494868871 0.3086019144811859 0.33027698403648803
0 0.14274450513112885 0.6547826214367161 0.18910095667046753 0.772135425313569 0.2117688369441277 0.7618991881413911 0.16704576624857467 0.6532212018244014 0.14274450513112885 0.6547826214367161
0 0.22088022690992018 0.7537238722919043 0.23616664994298747 0.7483316202964653 0.19036228392246293 0.6388796408209807 0.1732249566704675 0.6445814709236032 0.22088022690992018 0.7537238722919043
0 0.24976712884834665 0.7871543637400228 0.24538548232611174 0.7774431117445838 0.22503551881413913 0.7844411459521095 0.23033895324971493 0.8003083249714937 0.24976712884834665 0.7871543637400228
0 0.24329354389965793 0.7653909156214367 0.23915737856328392 0.7560175370581528 0.21775680501710376 0.765853345496009 0.22204373774230332 0.7767518985176739 0.24001855416191561 0.7657723523375143 0.24329354389965793 0.7653909156214367
0 0.21026807069555303 0.7917206305587229 0.20623437058152794 0.7778548483466363 0.18872396807297606 0.7859021927023945 0.19060140136830103 0.8006271767388825 0.21026807069555303 0.7917206305587229
0 0.6515095553021665 0.23760675712656784 0.6319664321550741 0.1780032212086659 0.6168670741163056 0.18222438084378562 0.6334811915621437 0.24436976396807297 0.6515095553021665 0.23760675712656784
0 0.5187519646522235 0.26166635803876853 0.524480204104903 0.1922389361459521 0.5078710330672748 0.1908106031927024 0.5016039064994299 0.26075382668187 0.5187519646522235 0.26166635803876853