0 0.8939235644241733 0.13264894184720638 0.9115904047890536 0.10059289851767389 0.8712642006841506 0.06944196807297606 0.851036006841505 0.10376642075256556 0.8939235644241733 0.13264894184720638
0 0.1851882485746864 0.35951938768529074 0.19220667502850627 0.323025496009122 0.16743044583808436 0.3160078779931585 0.1591386488027366 0.3508943352337514 0.1851882485746864 0.35951938768529074
0 0.17930627480045608 0.29836685632839227 0.17550644697833523 0.27697390535917904 0.12181750855188142 0.29760892246294185 0.12953194754846067 0.3084904047890536 0.17930627480045608 0.29836685632839227
0 0.4104729555302166 0.9266968187001141 0.3720013762827822 0.8571023899657925 0.3221850741163056 0.8834722748004562 0.3626882805017104 0.9520355267958951 0.4104729555302166 0.9266968187001141
0 0.8740573466362599 0.9121991927023946 0.8715177924743444 0.8808187844925883 0.8258055256556442 0.8832144629418471 0.8229494549600912 0.9195966123147092 0.8740573466362599 0.9121991927023946
0 0.8120116123147092 0.8869461824401369 0.808405338654504 0.8692763295324971 0.7572526077537058 0.881460779931585 0.7557780843785632 0.8987647901938427 0.8120116123147092 0.8869461824401369
0 0.7723120980615736 0.9757096043329533 0.7817765701254277 0.9859188882554162 0.8381772930444699 0.9829630524515393 0.7971613181299886 0.9500551881413911 0.7723120980615736 0.9757096043329533
0 0.9048574116305587 0.6990936259977195 0.9412114047890536 0.6544204070695553 0.913192685290764 0.6309421163055872 0.8762441117445838 0.6756449327251995 0.9048574116305587 0.6990936259977195
0 0.6840955096921323 0.3886000148232611 0.7064348175598631 0.36616574686431014 0.6836966168757127 0.34122158722919044 0.6565347628278221 0.368187897377423 0.6840955096921323 0.3886000148232611
0 0.5121095963511972 0.3272435381984037 0.5384464435575826 0.30725496807297603 0.5130850262257697 0.2776964606613455 0.486548661345496 0.30522299087799315 0.5121095963511972 0.3272435381984037
0 0.32556158836944127 0.2265687354618016 0.35069541847206387 0.20067253021664766 0.3290158631698974 0.18458353819840365 0.304042590649943 0.20787089053591792 0.32556158836944127 0.2265687354618016
0 0.5739050570125428 0.26254418244013683 0.5979624298745724 0.23879788711516534 0.5833437616875713 0.2211497206385405 0.5553095461801596 0.2428153591790194 0.5739050570125428 0.26254418244013683
0 0.8787782006841506 0.2866495165336374 0.9032257012542759 0.25903218472063855 0.8746434766248574 0.23617642645381984 0.8503888358038769 0.26180124743443556 0.8787782006841506 0.2866495165336374
0 0.8859999224629418 0.7993398095781072 0.860557684150513 0.7738817765108323 0.8345195530216648 0.7996000649942987 0.8632585461801597 0.8254173021664767 0.8859999224629418 0.7993398095781072
0 0.7850060570125428 0.11608904903078678 0.7709503340935006 0.10915266248574686 0.750571503990878 0.12922797035347777 0.7649417400228051 0.14213576738882555 0.7850060570125428 0.11608904903078678
0 0.8060952109464082 0.1322574857468643 0.7892895210946408 0.11828819612314709 0.7680337571265679 0.14435041619156214 0.7854013090079818 0.15769569555302168 0.8060952109464082 0.1322574857468643
0 0.7811641379703536 0.24722921778791332 0.7890614047890536 0.2388794629418472 0.7546973078677309 0.21929798061573547 0.753191709236032 0.2360090535917902 0.7811641379703536 0.24722921778791332
0 0.8856461197263398 0.21324885860889395 0.8923106031927025 0.19842349942987456 0.8565386214367161 0.18604275598631698 0.8507520114025086 0.20060149258836943 0.8856461197263398 0.21324885860889395
0 0.6077498198403648 0.9083407388825542 0.5883997035347776 0.8855581607753705 0.5633006556442417 0.906475409350057 0.5804167628278222 0.9263678209806158 0.6077498198403648 0.9083407388825542