0 0.1926734378563284 0.5437421870011403 0.25739218700114025 0.5455234378563284 0.26095468757126566 0.5116703124287343 0.19861093728620297 0.5116703124287343 0.1926734378563284 0.5437421870011403
0 0.14160937514253136 0.638175 0.21582968757126567 0.6411437502850627 0.21523593728620297 0.6001640627137971 0.14042343785632838 0.593035937286203 0.14160937514253136 0.638175
0 0 0.5462531254275941 0.09173437514253135 0.5520562497149373 0.10717187457240593 0.3786328129988597 0 0.37744531242873436 0 0.5462531254275941
0 0.6647062497149372 0.5431484378563284 0.7484265621436716 0.5502750000000001 0.7478328129988597 0.5152343751425313 0.6676765621436715 0.5110765621436716 0.6647062497149372 0.5431484378563284
0 0.8155218745724059 0.5704671870011402 0.8208640627137971 0.531864062713797 0.7484265621436716 0.531864062713797 0.744864062713797 0.5680921870011403 0.8155218745724059 0.5704671870011402
0 0.5198312497149372 0.7195406248574687 0.5649562497149373 0.7213234378563284 0.6041453124287343 0.6120421870011402 0.5263625005701255 0.608478125427594 0.5198312497149372 0.7195406248574687
0 0.6575828129988597 0.963639062713797 0.7128015621436716 0.9660156248574686 0.7181453124287344 0.917314062713797 0.6593640627137971 0.9101875005701254 0.6575828129988597 0.963639062713797
0 0.9900843751425313 0.8781156248574686 0.9013171870011402 0.8740046875712657 0.8927078129988598 0.9101875005701254 0.9865218745724059 0.9119687502850627 0.9900843751425313 0.8781156248574686
0 0.7525828129988598 0.6335343751425313 0.749614062713797 0.672028125427594 0.8030531254275941 0.6726203124287343 0.8078015621436716 0.639360937286203 0.7525828129988598 0.6335343751425313
0 0.15407812542759408 0.9372406248574686 0.15051562485746867 0.9749234378563283 0.20692343785632838 0.9814578129988598 0.21107968757126566 0.9422578129988597 0.15407812542759408 0.9372406248574686
0 0.3161734378563284 0.7290437502850626 0.31498593728620294 0.7522062497149373 0.36723750057012544 0.7539875005701254 0.36604843785632835 0.7302312497149374 0.3161734378563284 0.7290437502850626
0 0.962771874572406 0.029410937286202966 0.998753125427594 0.029687499429874573 0.998396874572406 0.0009046875712656785 0.9645531254275941 0.0014968745724059293 0.962771874572406 0.029410937286202966