0 0.7164160148232611 0.8441492725199543 0.678502503990878 0.8813654321550741 0.720336511972634 0.9176545838084378 0.7560274127708095 0.8793753831242874 0.7164160148232611 0.8441492725199543
0 0.7455426773090079 0.7815418540478904 0.713733881413911 0.8080713568985177 0.7408104104903079 0.8357340307867731 0.7695224777651083 0.8130898757126568 0.7455426773090079 0.7815418540478904
0 0.8832492166476624 0.6622070034207526 0.8616204971493728 0.6703150216647662 0.8829225416191563 0.7102108141391106 0.898708724059293 0.702754401368301 0.8832492166476624 0.6622070034207526
0 0.6967190992018244 0.6207585701254276 0.706897 0.6074963352337514 0.6987077297605473 0.5958124025085518 0.7229843021664766 0.5778075769669327 0.6854553819840364 0.5324897685290764 0.6428796727480046 0.5739213249714937 0.6967190992018244 0.6207585701254276
0 0.4982428084378563 0.7718816088939566 0.5223956909920183 0.799028763968073 0.5522074629418472 0.7735671425313568 0.5158419566704675 0.7370380045610034 0.4982428084378563 0.7718816088939566
0 0.4210704515393387 0.8778786031927024 0.40854735005701254 0.8976115895096922 0.43283641505131126 0.9205671505131129 0.4478604161915622 0.9003279372862029 0.4210704515393387 0.8778786031927024
0 0.39471839110604334 0.9093637582668187 0.38076545724059296 0.9252382770809578 0.4112108563283922 0.9474722223489167 0.4252049076396807 0.9330741505131128 0.39471839110604334 0.9093637582668187
0 0.2689134207525656 0.6893694971493729 0.2497945598631699 0.7106065553021665 0.28457873432155073 0.7492653272519955 0.3085798871151654 0.7294032098061574 0.2689134207525656 0.6893694971493729
0 0.37281919384264534 0.8386618814139111 0.34889549372862033 0.8563751163055873 0.3756250410490308 0.8791580912200685 0.3995243568985177 0.859882511972634 0.37281919384264534 0.8386618814139111
0 0.08324603762827823 0.44813885860889396 0.13707342075256557 0.47282815849486887 0.14099629874572406 0.45229903990877995 0.09950773660205246 0.42088931698973775 0.08324603762827823 0.44813885860889396
0 0.23737412428734322 0.025378680729760548 0.21410814595210945 0.05646714025085519 0.24994649486887116 0.0805992109464082 0.26943906955530217 0.05211380501710376 0.23737412428734322 0.025378680729760548
0 0.4924627765108324 0.11909816989737743 0.5228836328392246 0.14318094298745723 0.5427550022805017 0.11596655986316991 0.5135472770809578 0.09696222348916762 0.4924627765108324 0.11909816989737743
0 0.43788021436716074 0.20468907639680728 0.47619301710376283 0.21648847092360318 0.4848902177879133 0.18767980615735463 0.4545509783352338 0.17510161117445838 0.43788021436716074 0.20468907639680728
0 0.8696409874572406 0.4059952782212087 0.8434535381984036 0.4177498916761687 0.8604549988597492 0.4580916088939566 0.8871754025085519 0.4399131995438997 0.8696409874572406 0.4059952782212087
0 0.4978139099201825 0 0.48910288369441274 0.016759984036488026 0.5210654697833523 0.03381781299885975 0.5270056875712656 0.013806238312428736 0.5034863990877994 0 0.4978139099201825 0
0 0.82729169327252 0.42562715279361457 0.7976465917901938 0.4415953648802737 0.8098625404789054 0.4612162919042189 0.838338378563284 0.4535889418472064 0.82729169327252 0.42562715279361457
0 0.9041795655644241 0.47170042303306725 0.8840913899657925 0.4779191242873432 0.8962057537058152 0.5083649897377422 0.9091713911060433 0.49980832953249715 0.9041795655644241 0.47170042303306725
0 0.33009831356898517 0.23808499087799315 0.36649232383124286 0.25052657354618013 0.37023512200684155 0.2361296567844926 0.33432427480045607 0.22437618015963512 0.33009831356898517 0.23808499087799315
0 0.3569846442417332 0.2668263375142531 0.32398143785632844 0.25567916419612313 0.3215091220068415 0.2697003660205245 0.3530180935005701 0.282483228050171 0.3569846442417332 0.2668263375142531
0 0.19348420752565565 0.5324546499429875 0.17590245381984035 0.5518128939566704 0.200846 0.5778952314709236 0.21958431470923603 0.5571067194982896 0.19348420752565565 0.5324546499429875
0 0.3337979954389966 0.49577355302166476 0.3239199441277081 0.505634621436716 0.34903788939566704 0.5341561755986317 0.35955996579247435 0.525771558722919 0.3337979954389966 0.49577355302166476
0 0.31802109007981755 0.5237019669327252 0.30999897377423036 0.5332953112884835 0.33611198289623717 0.5595838563283922 0.3453948460661345 0.5479693591790193 0.32519888939566705 0.5257355245153934 0.31802109007981755 0.5237019669327252
0 0.31563594298745723 0.7834162474344356 0.33731055758266815 0.7682004036488028 0.3186279874572406 0.7408119942987458 0.2962399771949829 0.7549358038768529 0.31563594298745723 0.7834162474344356