0 0.06770355302166477 0.7706788985176739 0.1092316898517674 0.7885819030786773 0.12616672633979475 0.752721031927024 0.09026373774230331 0.7358108677309009 0.06770355302166477 0.7706788985176739
0 0.33175001938426457 0.8923093580387685 0.3473041630558723 0.856546614595211 0.29157048004561004 0.8340875039908779 0.2794557753705815 0.8793224606613455 0.33175001938426457 0.8923093580387685
0 0.08582373888255417 0.6723159156214367 0.10838403192702395 0.6374494435575827 0.06637482668187002 0.612644433295325 0.04657820638540479 0.6473192177879133 0.08582373888255417 0.6723159156214367
0 0.4633966704675029 0.4114986716077537 0.4393572462941847 0.44508081984036485 0.4634009464082098 0.47114209920182437 0.49524988483466365 0.4300766465222349 0.4633966704675029 0.4114986716077537
0 0.7796264253135691 0.36580485404789054 0.7500555974914481 0.34013006727480044 0.7088214446978335 0.38601349942987456 0.7408677970353478 0.4073534789053592 0.7796264253135691 0.36580485404789054
0 0.8587938221208666 0.8623920763968074 0.8882679726339795 0.8866843010262258 0.9043046351197263 0.8578218962371722 0.8736408426453819 0.8363852371721779 0.8587938221208666 0.8623920763968074
0 0.2912319635119726 0.1738637833523375 0.2800483318129989 0.19267724287343216 0.3106171117445838 0.21273278905359178 0.331184401368301 0.1891014606613455 0.2912319635119726 0.1738637833523375
0 0.7801393101482327 0.7902154196123147 0.7946002725199544 0.7586876875712657 0.76965830672748 0.7396264310148233 0.7551972348916762 0.7711526054732041 0.7801393101482327 0.7902154196123147
0 0.9501685324971494 0.381620401368301 0.9491068164196123 0.36643716419612316 0.898386605473204 0.3561141436716077 0.8885855336374003 0.37483092474344354 0.9501685324971494 0.381620401368301
0 0.49880826339794754 0.3022169669327252 0.5191214754846066 0.314666251995439 0.5345789407069556 0.2775209475484607 0.5230390478905359 0.2713938175598632 0.49880826339794754 0.3022169669327252
0 0.4777864777651083 0.29952525313568984 0.4895195085518814 0.3084143888255416 0.5213684469783353 0.2673489361459521 0.5080613842645382 0.25579592246294186 0.4777864777651083 0.29952525313568984
0 0.5016952588369441 0.22433837172177878 0.46409324743443553 0.2824497867730901 0.47740041961231466 0.29400435917901935 0.5120457286202964 0.2333241858608894 0.5016952588369441 0.22433837172177878