0 0.3352673614595211 0.9630517719498289 0.3330330661345496 0.984309677309008 0.3794727172177879 0.990086212086659 0.3839503876852908 0.9657804811858608 0.3352673614595211 0.9630517719498289
0 0 0.7560265108323831 0.02402059863169897 0.7595889726339795 0.03368109350057013 0.7188128939566705 0.03292098175598632 0.7172404515393386 0.0035564025085518818 0.715646661345496 0 0.7354017217787914 0 0.7560265108323831
0 0.20583804903078678 0.03540346978335234 0.1487590410490308 0.021642957810718358 0.13487292702394527 0.07988709350057012 0.13556638198403648 0.08145095781071836 0.19322846978335234 0.09855793956670467 0.20583804903078678 0.03540346978335234
0 0.21318590535917903 0 0.21071451311288483 0.01740836944127708 0.23120194526795895 0.021352746864310147 0.2331857514253136 0 0.21318590535917903 0
0 0.14835515963511972 0.36071131698973774 0.16927720182440137 0.3605206590649943 0.19802236031927023 0.2966755963511973 0.18138816077537057 0.29074969897377423 0.14835515963511972 0.36071131698973774
0 0.23218492018244014 0.2960886533637401 0.22096074230330673 0.2835639828962372 0.1832119623717218 0.3864646750285063 0.19492996237172178 0.3948589623717218 0.23218492018244014 0.2960886533637401
0 0.26644503762827826 0.3110313557582668 0.253170810718358 0.30665107525655644 0.2123089236031927 0.40564244355758267 0.22440371151653363 0.4098987594070696 0.26644503762827826 0.3110313557582668
0 0.952912968072976 0.3593027924743443 0.8554510809578107 0.3263707833523375 0.8419670843785633 0.3813719988597491 0.9433180376282783 0.41083056100342075 0.952912968072976 0.3593027924743443
0 0.9161663797035349 0.5100688905359179 0.9001562257696694 0.5089831755986317 0.8942526841505131 0.5570198620296465 0.9141537651083238 0.557619 0.9161663797035349 0.5100688905359179
0 0.9560192063854048 0.5172426944127708 0.9397304264538199 0.5131425917901938 0.9325244025085518 0.5592513204104903 0.9542564002280502 0.562430976054732 0.9560192063854048 0.5172426944127708
0 0.9789217776510832 0.46412694070695554 0.9655840935005701 0.4603354401368301 0.9555446545039908 0.4936105062713797 0.9737367765108325 0.49641810604332953 0.9789217776510832 0.46412694070695554
0 0.9865894914481186 0.4082143272519954 0.9737194047890536 0.40566915735461806 0.9657002690992018 0.44810873090079817 0.9785476111744583 0.4563263477765109 0.9865894914481186 0.4082143272519954
0 1 0.29064194070695554 0.9926293477765108 0.288250992018244 0.9787842212086659 0.34918445838084383 0.9993884355758267 0.35463366134549595 1 0.3516402348916762 1 0.29064194070695554
0 0.9985282805017104 0.528277803876853 0.979648654503991 0.5310696385404788 0.9737384275940707 0.5761205210946408 0.993190795895097 0.5790605781071836 0.9985282805017104 0.528277803876853
0 0.2766388312428734 0.7992762417331813 0.2642673648802737 0.8033475621436715 0.25540182554161917 0.849878889395667 0.26732407981755985 0.8538185610034207 0.2766388312428734 0.7992762417331813