0 0.25472031242873433 0.9618687502850627 0.2377984378563284 0.9987546875712657 0.29420468757126567 0.9987546875712657 0.30786093728620295 0.9823093751425314 0.25472031242873433 0.9618687502850627
0 0.44739375028506273 0.6566578129988598 0.42186093728620294 0.6815703124287343 0.44976875028506275 0.7076703124287342 0.47411250057012544 0.6786046875712657 0.44739375028506273 0.6566578129988598
0 0.5931593751425314 0.3827906248574687 0.5952375005701254 0.42175937514253137 0.6296765621436716 0.4146421870011402 0.6308625005701254 0.3802375005701254 0.5931593751425314 0.3827906248574687
0 0.8351140627137971 0.168475 0.8300671870011402 0.11415624971493729 0.7513953124287344 0.12220624971493728 0.7745515621436716 0.17143906271379702 0.8351140627137971 0.168475
0 0.8458015621436716 0.14534062485746865 0.8867703124287344 0.13822343785632837 0.888553125427594 0.10797031242873432 0.8469906248574687 0.11330937514253135 0.8458015621436716 0.14534062485746865
0 0.3886124994298745 0.937821874572406 0.32686093728620297 0.9262890627137971 0.32032968757126573 0.955025 0.37851718700114023 0.9716343751425314 0.3886124994298745 0.937821874572406
0 0.6661921870011402 0.4539531254275941 0.6219578129988598 0.44904531242873436 0.6148312497149373 0.4852296875712657 0.6546140627137971 0.489975 0.6661921870011402 0.4539531254275941
0 0.3117203124287343 0.38101093728620294 0.2805484378563284 0.40040624971493727 0.3031109372862029 0.43243749942987453 0.336360937286203 0.4193875005701254 0.3117203124287343 0.38101093728620294
0 0.57505 0.14830624971493728 0.597614062713797 0.17559218700114027 0.6267062497149374 0.15483124971493728 0.6100828129988598 0.1251734378563284 0.57505 0.14830624971493728
0 0.8535218745724059 0.008317187001140251 0.7395203124287343 0.04094218700114025 0.761489062713797 0.10915624971493729 0.882614062713797 0.07415937514253136 0.8535218745724059 0.008317187001140251
0 0.5210187502850627 0.027892187001140253 0.5376437502850627 0.05280624971493729 0.6005828129988597 0.0071312497149372866 0.5649562497149373 0.000012500570125427595 0.5210187502850627 0.027892187001140253