0 0.22532968757126567 0.09826718700114025 0.22236093728620296 0.17373281299885973 0.265110937286203 0.17551562485746863 0.2757984378563284 0.10305781299885976 0.22532968757126567 0.09826718700114025
0 0.12914062485746863 0.15882968757126567 0.12557812542759406 0.19927187457240594 0.18495312542759407 0.19392656214367163 0.18673593728620297 0.15888593728620296 0.12914062485746863 0.15882968757126567
0 0.25086093728620296 0 0.24848593728620297 0.03535 0.2894546875712657 0.031193750285062716 0.2882671870011403 0 0.25086093728620296 0
0 0 0.30082968757126566 0.06145312542759407 0.2925156248574686 0.056999999999999995 0.2380953124287343 0 0.24559531242873434 0 0.30082968757126566
0 0.026421874572405926 0.3453734378563284 0.026718750285062716 0.3129078129988597 0 0.3127093751425314 0.00029687457240592933 0.34596718700114026 0.026421874572405926 0.3453734378563284
0 0.2021734378563284 0.6316406248574687 0.24076718700114028 0.6257015621436716 0.23482968757126568 0.5461171870011402 0.19623593728620298 0.5550265621436716 0.2021734378563284 0.6316406248574687
0 0.48094062485746863 0.590785937286203 0.4836125005701254 0.6286718745724059 0.5305187502850627 0.6251078129988598 0.5263625005701255 0.5859109372862029 0.48094062485746863 0.590785937286203
0 0.5334875005701254 0.5293312497149373 0.5382375005701254 0.5669046875712657 0.5685187502850627 0.563935937286203 0.56555 0.5259234378563283 0.5334875005701254 0.5293312497149373
0 0.5239874994298745 0.4409953124287343 0.5815828129988597 0.43624375028506274 0.5803937502850627 0.42198906271379705 0.5222062497149372 0.42495937514253135 0.5239874994298745 0.4409953124287343
0 0.7668328129988597 0.6619312497149372 0.7721765621436716 0.6987531254275942 0.8101765621436716 0.6934078129988598 0.8083953124287343 0.6559906248574686 0.7668328129988597 0.6619312497149372
0 0.8745999999999999 0.5524875005701254 0.8766765621436715 0.5740312497149372 0.9307093751425314 0.5716562497149373 0.9283343751425313 0.5496812497149373 0.8745999999999999 0.5524875005701254
0 0.8131453124287342 0.7573328129988598 0.8143328129988598 0.7729921870011403 0.8891453124287343 0.7623031254275942 0.8909281254275941 0.7492375005701254 0.8131453124287342 0.7573328129988598
0 0.43997187457240594 0.19890781299885973 0.4414562497149373 0.23134218700114026 0.4996437502850627 0.22777968757126568 0.4996437502850627 0.1921453124287343 0.43997187457240594 0.19890781299885973
0 0.5058781254275941 0.1632812497149373 0.5032062497149373 0.21471250057012542 0.5566453124287343 0.2117437502850627 0.5524875005701254 0.15591562485746863 0.5058781254275941 0.1632812497149373
0 0.8460984378563283 0.17040781299885976 0.844021874572406 0.20461562485746865 0.924771874572406 0.2058046875712657 0.926553125427594 0.16601249942987456 0.8460984378563283 0.17040781299885976
0 0.33042343785632844 0.14819375028506274 0.3615953124287343 0.14725 0.35951718700114027 0.06267031242873432 0.32507968757126565 0.06682812542759407 0.33042343785632844 0.14819375028506274
0 0.17456406271379704 0.998753125427594 0.1641734378563284 0.971360937286203 0.1327046875712657 0.9773 0.13507812542759406 0.998753125427594 0.17456406271379704 0.998753125427594
0 0.9173484378563285 0.3253765621436716 0.9093343751425315 0.3596281254275941 0.9847406248574686 0.35606406271379704 0.9841468745724059 0.32102343785632836 0.9173484378563285 0.3253765621436716
0 0.6053312497149372 0.8911828129988597 0.607410937286203 0.9051765621436716 0.6480828129988597 0.8971203124287342 0.645114062713797 0.8822734378563285 0.6053312497149372 0.8911828129988597
0 0.6106765621436716 0.9327562497149373 0.6581765621436717 0.921471874572406 0.6563953124287343 0.9066234378563284 0.6065203124287344 0.9131578129988597 0.6106765621436716 0.9327562497149373