0 0.6306942656784493 0 0.6257129509692133 0.024155407069555303 0.6745845028506271 0.03696068301026226 0.6755798358038768 0 0.6306942656784493 0
0 0.34314403876852906 1 0.36510063511972635 0.9384742257696693 0.3258602428734321 0.9272807970353478 0.3051586590649943 0.9989045610034207 0.3204991356898518 1 0.34314403876852906 1
0 0.594130449258837 0.7978916305587229 0.6048498415051311 0.7662309783352337 0.5660507651083239 0.7526560478905359 0.5563753819840365 0.785486157354618 0.594130449258837 0.7978916305587229
0 0.5099564823261117 0.7678873489167616 0.5218927172177878 0.7379869794754845 0.4961312930444698 0.7235906351197263 0.4821683500570126 0.7645124287343216 0.5099564823261117 0.7678873489167616
0 0.6620128893956669 0.778297684150513 0.626242724059293 0.7682329258836944 0.6161361835803877 0.8010721242873432 0.6502424526795896 0.8176966066134549 0.6620128893956669 0.778297684150513
0 0.8027328392246295 0.3090796921322691 0.8236683363740023 0.31880954960091223 0.8495649828962372 0.25303507411630555 0.8264825222348916 0.2421550102622577 0.8027328392246295 0.3090796921322691
0 0.08597939338654503 0.10008818472063855 0.10006962485746865 0.09152690992018243 0.05567090763968073 0.030839405929304446 0.04224182212086659 0.04146601938426454 0.08597939338654503 0.10008818472063855
0 0.09030359977194984 0.1778058038768529 0.13606634663625997 0.14850267046750285 0.1166436716077537 0.10905438540478905 0.07429185632839225 0.1442363842645382 0.09030359977194984 0.1778058038768529
0 0.5366025530216647 0 0.5253753671607754 0.02887600912200684 0.5475595872291904 0.0332395062713797 0.5504395769669327 0 0.5366025530216647 0
0 0.5639351197263398 0 0.5574871881413911 0.03366005929304447 0.5761323112884834 0.03867917217787913 0.5801324663625997 0 0.5639351197263398 0
0 0.5950714492588369 0 0.5903069110604333 0.0010198050171037628 0.5886929771949828 0.03756916419612315 0.606431078677309 0.041119506271379704 0.6040115849486887 0 0.5950714492588369 0
0 0.5446994378563285 0.3112083204104903 0.5734601562143672 0.2934864903078677 0.5483559806157354 0.2487912497149373 0.5098975781071836 0.2634177924743444 0.5446994378563285 0.3112083204104903
0 0.09442200114025084 0.20980129988597493 0.08453013112884834 0.15296528050171038 0.04458459407069556 0.16019477879133412 0.06307062485746864 0.21509926453819841 0.09442200114025084 0.20980129988597493
0 0.450309322690992 0.5456429236031927 0.4575216921322691 0.5170126898517674 0.42647539224629416 0.5056777958950969 0.41494928164196127 0.5323048848346636 0.450309322690992 0.5456429236031927
0 0.3893268722919042 0.6886368050171038 0.4841032394526796 0.7142991379703535 0.5142540228050171 0.6062877331812999 0.42534738996579247 0.5769599019384265 0.3893268722919042 0.6886368050171038
0 0.6578413295324971 0.6411933557582669 0.630737149372862 0.617912842645382 0.6093220980615736 0.6485725074116305 0.6346142109464081 0.6701031277080958 0.6578413295324971 0.6411933557582669
0 0.4467151584948689 0.03381207183580388 0.43739321892816424 0.009627328392246295 0.4022834367160775 0.010537091220068415 0.40589532839224635 0.04046298859749145 0.4467151584948689 0.03381207183580388