0 0.9448267936145952 0.6141635222348917 0.9866816830102623 0.6166613272519955 0.9935463340935006 0.581345755986317 0.9462510843785633 0.5777904515393386 0.9448267936145952 0.6141635222348917
0 0.5286758004561004 0.9180937856328392 0.5928189042189282 0.9221034093500571 0.6039482029646521 0.8721116157354618 0.530549 0.8648925017103762 0.5286758004561004 0.9180937856328392
0 0.6096102086659065 1 0.6126249908779932 0.9654222280501711 0.5357142177879134 0.9617498004561004 0.5316300148232611 1 0.6096102086659065 1
0 0.30579938768529075 0.902962393386545 0.39442182098061573 0.9117303169897377 0.39783842075256554 0.8433254446978335 0.3021528335233752 0.834593275940707 0.30579938768529075 0.902962393386545
0 0.40154086659064997 0.9694984971493729 0.5034183591790194 0.9681583283922462 0.5127401060433295 0.9347290615735462 0.40319023033067275 0.9247122348916762 0.40154086659064997 0.9694984971493729
0 0.1067707582668187 0.5400669657924744 0.11483586316989737 0.47679334663626 0.059116685290763964 0.473010881413911 0.05403484834663626 0.5354556966932725 0.1067707582668187 0.5400669657924744
0 0.0025821368301026226 0.44510620638540477 0.11173288939566704 0.45645573660205246 0.12267559749144812 0.42193445039908783 0.009710939566704675 0.4084316944127708 0.0025821368301026226 0.44510620638540477
0 0.08548813112884834 0.23568558152793614 0.08158354275940707 0.31386441619156213 0.12910233181299888 0.3090062326111745 0.13059197149372861 0.23599593956670467 0.08548813112884834 0.23568558152793614
0 0.16945930672748005 0.09413230444697833 0.2583049794754846 0.09448827251995438 0.2570736716077537 0.020949082098061574 0.15848391106043327 0.027157586088939565 0.16945930672748005 0.09413230444697833
0 0.5423937537058153 0.1722629692132269 0.5359221208665906 0.13294639224629418 0.4810357115165336 0.13214319042189282 0.4812342143671608 0.16742300570125426 0.5423937537058153 0.1722629692132269
0 0.5412336145952109 0.20727710034207525 0.6159529783352337 0.20770458152793614 0.6182485188141391 0.18136809007981755 0.5457218004561004 0.18418738882554161 0.5412336145952109 0.20727710034207525
0 0.7689664937286202 0.16837840364880272 0.7725030980615736 0.12113841277080958 0.680144023945268 0.12433036602052451 0.6780069703534778 0.17888905701254276 0.7689664937286202 0.16837840364880272
0 0.6340846659064995 0.3395029646522235 0.7036678346636259 0.34457162257696694 0.7111411185860889 0.3206518700114025 0.6377809931584949 0.32048700570125427 0.6340846659064995 0.3395029646522235
0 0.38387088825541615 0.48680057240592933 0.4616526123147093 0.5005111140250855 0.46526984606613453 0.4673832884834664 0.38616642873432155 0.46046408209806156 0.38387088825541615 0.48680057240592933
0 0.38244659863169894 0.5231736442417332 0.4566767377423033 0.5333732542759407 0.46037306499429875 0.5143572964652223 0.38942912542759406 0.5090257229190421 0.38244659863169894 0.5231736442417332
0 0.33702454732041054 0.4664170535917902 0.3758958711516534 0.46974519954389965 0.38144036259977193 0.44122126111744586 0.34120826795895093 0.43763020068415054 0.33702454732041054 0.4664170535917902
0 0.33015989509692134 0.5017326259977195 0.36385500798175596 0.5026443329532497 0.37031106385404794 0.4912130558722919 0.3376719600912201 0.4848686567844926 0.33015989509692134 0.5017326259977195
0 0.2860267993158495 0.1152387787913341 0.3637373101482326 0.12309218244013682 0.3698786841505131 0.07439111174458381 0.29313888369441277 0.07553033523375142 0.2860267993158495 0.1152387787913341
0 0.7762624994298746 0.9290159133409349 0.7782268677309008 0.8846808597491448 0.7055001596351198 0.8729620809578108 0.7043955416191563 0.9253211037628278 0.7762624994298746 0.9290159133409349