0 0.06590624971493729 0.8435625005701254 0.0857984378563284 0.8144421870011402 0.018109375142531355 0.7770718745724059 0 0.8091031254275941 0.06590624971493729 0.8435625005701254
0 0.17990781299885977 0.9200625005701254 0.18495312542759407 0.955025 0.23423593728620296 0.9526531254275942 0.23186093728620297 0.9158750000000001 0.17990781299885977 0.9200625005701254
0 0.2280015621436716 0.822214062713797 0.23482968757126568 0.8494390627137971 0.28173593728620294 0.8381687502850627 0.27757968757126567 0.8180015621436716 0.2280015621436716 0.822214062713797
0 0.15526718700114023 0.4253187502850627 0.1237984378563284 0.45141875028506273 0.16001562485746865 0.47573906271379707 0.18614218700114027 0.45260468757126565 0.15526718700114023 0.4253187502850627
0 0.08460937514253135 0.4454875005701254 0.09618750057012543 0.430825 0.06086093728620297 0.39625468757126564 0.04779687457240593 0.40930312542759406 0.08460937514253135 0.4454875005701254
0 0.03770312542759407 0.46506249942987454 0.06145312542759407 0.43794218700114024 0.044828125427594075 0.4187937502850627 0.015140624857468643 0.44904531242873436 0.03770312542759407 0.46506249942987454
0 0.17723593728620296 0.04865312542759407 0.2164234378563284 0.06704062485746864 0.22948593728620295 0.02967187457240593 0.20157968757126565 0.017807812998859748 0.17723593728620296 0.04865312542759407
0 0.9194281254275941 0.355325 0.882614062713797 0.3383156248574687 0.8475828129988597 0.4098968745724059 0.888553125427594 0.42769218700114026 0.9194281254275941 0.355325
0 0.600285937286203 0.9930031254275941 0.5982062497149373 0.9538375005701254 0.548925 0.956210937286203 0.5453625005701255 0.9923953124287344 0.600285937286203 0.9930031254275941
0 0.882614062713797 0.6430156248574687 0.9164593751425314 0.6540953124287343 0.9289281254275942 0.6264062497149373 0.8956765621436715 0.608610937286203 0.882614062713797 0.6430156248574687
0 0.8870687502850627 0.7990874994298747 0.8772703124287344 0.8464734378563284 0.9146765621436715 0.8512187502850627 0.9188343751425314 0.8019843751425313 0.8870687502850627 0.7990874994298747
0 0.1237984378563284 0 0.11607812542759408 0.004164062713797036 0.17278124971493727 0.042993750285062714 0.20098437514253134 0.00950312542759407 0.1879234378563284 0 0.1237984378563284 0
0 0.8131453124287342 0.4027781254275941 0.7840531254275941 0.4620953124287343 0.8481765621436717 0.48167187457240596 0.8648015621436717 0.4247265621436716 0.8131453124287342 0.4027781254275941