0 0.3043193842645382 0.07698069669327252 0.3047291299885975 0.09185220980615735 0.3938232485746864 0.08226596009122006 0.39356715051311286 0.06443280501710376 0.3043193842645382 0.07698069669327252
0 0.22518871379703534 0.11203736145952109 0.22441258722919044 0.1268467251995439 0.4008188950969213 0.10758084036488028 0.40211239680729766 0.09424432269099202 0.22518871379703534 0.11203736145952109
0 0.3271794652223489 0.12861818129988598 0.3267391208665906 0.12567547662485748 0.14998658608893958 0.14017295781071837 0.14902425883694415 0.1585352576966933 0.3313319749144812 0.14017321778791333 0.3271794652223489 0.12861818129988598
0 0.5079530843785632 0.0997911984036488 0.5076701094640821 0.09951820068415052 0.4338076123147092 0.11346696579247435 0.43608930900798176 0.1266544526795895 0.5133852075256556 0.11526232041049031 0.5079530843785632 0.0997911984036488
0 0.4450175210946408 0.13781357582668186 0.44667520752565565 0.15156292474344354 0.5241915587229191 0.1473092998859749 0.5206938608893956 0.12896203876852907 0.4450175210946408 0.13781357582668186
0 0.4656211881413911 0.1644361858608894 0.466530810718358 0.18111446180159635 0.528348299885975 0.17009870467502852 0.5243543112884834 0.16122125883694413 0.4656211881413911 0.1644361858608894
0 0.4879106031927024 0.19292770809578105 0.4963079464082098 0.2028714435575827 0.5395582086659065 0.194445314709236 0.5340013318129988 0.18702713568985177 0.4879106031927024 0.19292770809578105
0 0.5104794446978336 0.21608748460661345 0.5137918061573546 0.2322986818700114 0.5491164572405929 0.22761757810718358 0.5485225188141392 0.21058815621436716 0.5104794446978336 0.21608748460661345
0 0.5226609623717218 0.25592961915621437 0.5249116670467503 0.2697084823261117 0.6116014059293043 0.2605907901938427 0.6106059589509693 0.2512524561003421 0.5226609623717218 0.25592961915621437
0 0.5296271767388825 0.2818359555302166 0.5312848631698974 0.29558530558722923 0.6237193226909921 0.2903313762827822 0.627230228050171 0.27439171379703536 0.5296271767388825 0.2818359555302166
0 0.5257032622576967 0.3113288244013683 0.5286710364880274 0.3227701391106043 0.5596899247434436 0.32083307525655647 0.5612828392246294 0.307455921322691 0.5257032622576967 0.3113288244013683
0 0.4013294754846066 0.25669785860889394 0.40295608779931585 0.27104014595210946 0.5098368152793614 0.262384488027366 0.5018643283922463 0.25000652565564424 0.4013294754846066 0.25669785860889394
0 0.401771748004561 0.28226385632839224 0.40524096009122007 0.2955120136830103 0.5036031413911061 0.2905703078677309 0.5014967696693272 0.2740374116305587 0.401771748004561 0.28226385632839224
0 0.43376698175598627 0.30710677879133413 0.43542474914481183 0.3208545678449259 0.5083838118586089 0.312799409350057 0.5081047753705815 0.3011062816419612 0.43376698175598627 0.30710677879133413
0 0.3735065085518814 0.19762325883694412 0.36858138882554164 0.21221518244013685 0.40968027594070694 0.2108048244013683 0.4101479122006842 0.19620929646522237 0.3735065085518814 0.19762325883694412
0 0.3014879806157355 0.2217668757126568 0.3005877206385405 0.23894486316989738 0.36337380501710376 0.23213712770809578 0.36184557582668186 0.21594745952109462 0.3014879806157355 0.2217668757126568
0 0.30464822690992016 0.25222557468643103 0.30758492702394524 0.2642598244013683 0.3493388175598632 0.2616962291904219 0.3486523922462942 0.24643157126567844 0.30464822690992016 0.25222557468643103
0 0.33499814709236037 0.30846291220068417 0.3288219669327252 0.32417683694412774 0.36795576168757127 0.3262277514253136 0.3724462748004561 0.30864335575826685 0.33499814709236037 0.30846291220068417
0 0.3393427046750285 0.33898367958950965 0.3349778871151653 0.35419953249714936 0.3743305997719498 0.3521030969213227 0.3796197343215508 0.3362378529076397 0.3393427046750285 0.33898367958950965
0 0.3595086442417332 0.3626136545039909 0.3569242770809578 0.37792125313568986 0.39415512998859753 0.3822475701254276 0.3969567719498289 0.3627940980615736 0.3595086442417332 0.3626136545039909
0 0.3559618677309008 0.3962851140250855 0.35724241619156216 0.4058558734321551 0.3840813990877993 0.4042911858608894 0.3854412485746864 0.3953313261117446 0.3559618677309008 0.3962851140250855