0 0.748297661345496 0.18055763511972633 0.7558044754846066 0.21026467958950967 0.7901893717217788 0.20622344127708095 0.7764105256556442 0.16346500114025084 0.748297661345496 0.18055763511972633
0 0.6232546841505132 0 0.6232720273660205 0.019185443557582667 0.643922740022805 0.025745095781071835 0.6499987525655644 0.06410752793614595 0.6827355496009122 0.06734971949828962 0.6797270159635119 0 0.6232546841505132 0
0 0.6632169897377423 0.20948109236031928 0.6690759498289625 0.24647310832383124 0.7061939646522234 0.24199898631698974 0.695149535917902 0.19880587457240595 0.6632169897377423 0.20948109236031928
0 0.8340998494868872 0.7399804515393387 0.8711510627137969 0.7439441003420753 0.8773764002280502 0.7036333261117446 0.8323413397947548 0.7023389885974914 0.8340998494868872 0.7399804515393387
0 0.20951100798175598 0.8122208221208667 0.242551149372862 0.8350773568985177 0.26172590877993157 0.7969299806157355 0.23617049372862028 0.7771023683010262 0.20951100798175598 0.8122208221208667
0 0.31586720524515394 0.6788076966932725 0.2795293238312429 0.6705182622576967 0.2521780285062714 0.7366470399087799 0.29009850741163057 0.7460890296465222 0.31586720524515394 0.6788076966932725
0 0.7239166784492588 0.6900189760547321 0.6859961995438996 0.6805769863169898 0.6831577366020524 0.7245625553021665 0.7208598643101483 0.7326359144811859 0.7239166784492588 0.6900189760547321
0 0.5588735655644241 0.6740264503990878 0.5263569076396807 0.6721541881413912 0.523298550741163 0.714771370581528 0.5592662873432155 0.7118842314709235 0.5588735655644241 0.6740264503990878
0 0.2590954196123147 0.6653274846066135 0.24620841391106044 0.6547285917901938 0.21475666818700115 0.7215068175598632 0.23425864652223488 0.7296532063854048 0.2590954196123147 0.6653274846066135
0 0.49239679247434437 0.5019762348916762 0.5105347696693272 0.5103402417331813 0.5198377103762828 0.45409243785632836 0.5096201083238312 0.45149794298745727 0.49239679247434437 0.5019762348916762
0 0.2759673968072976 0.5418744652223489 0.2605625370581528 0.5330775735461801 0.24219073090079818 0.5851441459521095 0.2557939087799316 0.5914152223489167 0.2759673968072976 0.5418744652223489
0 0.29080207639680733 0.4763249110604333 0.2748993968072976 0.47322446636259974 0.26767841847206386 0.5249281345496009 0.2842304686431015 0.5321385324971494 0.29080207639680733 0.4763249110604333
0 0.14050556556442417 0.3765376054732041 0.12369377993158495 0.4030755233751425 0.14564965108323832 0.4178556488027366 0.16202578791334094 0.38857714025085516 0.14050556556442417 0.3765376054732041
0 0.20663959179019387 0.652568488027366 0.19375412884834664 0.6419693500570125 0.17256137058152793 0.6762251231470924 0.18342858722919042 0.6829311151653363 0.20663959179019387 0.652568488027366
0 0.2185281117445838 0.6745623055872292 0.20722679019384266 0.6651154789053592 0.1840157856328392 0.6954781060433295 0.1994170684150513 0.7042723990877993 0.2185281117445838 0.6745623055872292
0 0.3482101425313569 0.22847568871151652 0.33224553477765106 0.2338138244013683 0.335154322690992 0.26986830444697835 0.3545032075256557 0.2682085370581528 0.3482101425313569 0.22847568871151652