0 0.37286484606613457 0 0.3542945393386545 0.021624104903078676 0.37305881984036493 0.05045076396807298 0.40508620980615734 0.016696069555302166 0.37575282668187004 0 0.37286484606613457 0
0 0.8770385758266819 0.33985102964652225 0.8404409806157355 0.320002330672748 0.8331137035347776 0.3456253511972634 0.8618078711516534 0.36171093956670464 0.8770385758266819 0.33985102964652225
0 0.8515421083238311 0.37720031356898515 0.7907538312428735 0.3613599521094641 0.785417741163056 0.43887178221208667 0.8362548529076397 0.4562798369441277 0.8515421083238311 0.37720031356898515
0 0.15776931128848345 0.4413696111744584 0.13492947548460663 0.43437619498289626 0.1033530330672748 0.5212300775370582 0.1325554606613455 0.5331890353477765 0.15776931128848345 0.4413696111744584
0 0.43435253021664766 0.6525995393386544 0.4102839498289624 0.6328944378563284 0.39044950855188143 0.6695425860889396 0.4193125792474344 0.6842525678449259 0.43435253021664766 0.6525995393386544
0 0.5360515142531357 0.6985863067274801 0.5111153979475485 0.6745872223489167 0.4876668574686431 0.7066041505131129 0.5155168905359179 0.7295646727480045 0.5360515142531357 0.6985863067274801
0 0.3603610262257697 0.8124093797035348 0.33489498859749145 0.7813666499429874 0.2951591949828963 0.8211550262257696 0.317178488027366 0.846190740022805 0.3603610262257697 0.8124093797035348
0 0.40954460775370577 0.945468590649943 0.3851165598631699 0.9173444275940708 0.3609475370581528 0.9325230410490308 0.3845314492588369 0.9675221379703535 0.40954460775370577 0.945468590649943
0 0.5700174709236032 0.944236441277081 0.6205401767388826 0.9755646259977194 0.6383253295324972 0.9442470935005701 0.590717898517674 0.911882086659065 0.5700174709236032 0.944236441277081
0 0.29130954047890534 0.023661790193842645 0.2750657958950969 0.05377223945267959 0.30291582668187 0.07673276168757126 0.323617614595211 0.044380148232611175 0.29130954047890534 0.023661790193842645
0 0.3024223888255417 0.1715890456100342 0.3127885917901938 0.12121595781071835 0.28221540136830103 0.10908711516533637 0.2725213283922463 0.15396049714937288 0.3024223888255417 0.1715890456100342
0 0 0.8329858779931585 0.01801721778791334 0.8415632850627138 0.04279320182440137 0.7873756875712656 0.010314672748004561 0.7680327468643101 0 0.7932630912200684 0 0.8329858779931585
0 0.792117417331813 0.6113819441277081 0.829559338654504 0.6243541596351196 0.8445992896237172 0.5927011322690993 0.8148686830102622 0.5736971676168757 0.792117417331813 0.6113819441277081
0 0.46451684378563285 0.29338719270239455 0.4781041470923604 0.30761789167616876 0.524325802736602 0.2490849110604333 0.5116044846066135 0.23914800570125427 0.46451684378563285 0.29338719270239455
0 0.49593572177879136 0.29864129076396806 0.5096919281641962 0.3114963842645382 0.5365856624857469 0.2854862805017104 0.5183712223489167 0.2748749030786773 0.49593572177879136 0.29864129076396806