0 1 0.6512972588369441 0.9972200649942987 0.6493718836944128 0.9814887331812999 0.704091810718358 1 0.7106993511972634 1 0.6512972588369441
0 0.6606466191562144 0.5387524389965792 0.6876896510832383 0.5620168244013684 0.7112580057012543 0.5319404446978335 0.6801812873432156 0.5102225655644241 0.6606466191562144 0.5387524389965792
0 0.3751172668187001 0.4174105940706956 0.4137566088939567 0.41194402622576964 0.4036649418472064 0.3782563204104903 0.3692878141391106 0.3800734606613455 0.3751172668187001 0.4174105940706956
0 0.14052943785632838 0.19505545496009122 0.08685725085518815 0.20481731698973774 0.10173332383124287 0.28248821778791333 0.14876059064994301 0.25512916191562146 0.14052943785632838 0.19505545496009122
0 0.11655161915621437 0.18642491790193844 0.10589085290763968 0.14623237058152794 0.07559746750285062 0.14709307525655646 0.08453862371721778 0.18803208779931585 0.11655161915621437 0.18642491790193844
0 0.9458638905359179 0.5728049464082098 0.9397569680729762 0.6353266761687572 0.9689527924743444 0.6393285712656784 0.9804275883694413 0.579914889395667 0.9458638905359179 0.5728049464082098
0 0.43964374458380845 0.33845347434435574 0.4386098871151653 0.3829472668187001 0.4752776898517674 0.38689303534777647 0.47653764424173317 0.34684802622576966 0.43964374458380845 0.33845347434435574
0 0.3978733831242873 0.6979338061573546 0.4199116978335234 0.7272966499429875 0.44985460775370584 0.7020282998859749 0.43395633979475484 0.6700422086659066 0.3978733831242873 0.6979338061573546
0 0.14310351197263396 0.45588771835803876 0.1683190307867731 0.43103139224629416 0.14510154389965793 0.40385934435575827 0.11700541619156214 0.42300437286202963 0.14310351197263396 0.45588771835803876
0 0 0.24448580273660206 0.02181346978335234 0.3014006590649943 0.0878532542759407 0.273570259977195 0.042432814139110604 0.1559563557582668 0 0.179320755986317 0 0.24448580273660206
0 0 0.48376818700114027 0.02785679475484607 0.5202081391106043 0.05122708779931585 0.5014749988597491 0.0002403945267958951 0.4427562770809578 0 0.444933818700114 0 0.48376818700114027