0 0.7011314572405929 0.15081257126567846 0.6968331824401368 0.18139638084378562 0.7658926202964652 0.1976990661345496 0.7769640763968073 0.17011679817559863 0.7011314572405929 0.15081257126567846
0 0.7212189224629418 0.08466445724059293 0.7146622599771949 0.11852995895096921 0.7664492337514253 0.14679835689851767 0.7724208027366021 0.11285220182440137 0.7212189224629418 0.08466445724059293
0 0.4568377115165337 0.1398710330672748 0.48500588483466367 0.1570238403648803 0.5231567502850627 0.09461354047890536 0.49045962485746863 0.07768889623717218 0.4568377115165337 0.1398710330672748
0 0.44771521892816424 0 0.4441546202964652 0.025334980615735463 0.4940759771949829 0.04554657582668187 0.5094434025085519 0.006606344355758268 0.4881542485746864 0 0.44771521892816424 0
0 0.5992914675028507 0.3464130661345496 0.6082932976054731 0.3164918757126568 0.5481267537058152 0.2966407457240593 0.5401447491448119 0.3257049042189281 0.5992914675028507 0.3464130661345496
0 0.7977078620296465 0.4192801801596351 0.8046059258836944 0.3872629897377423 0.7456852953249715 0.3734786750285063 0.7454608015963512 0.4113393261117446 0.7977078620296465 0.4192801801596351
0 0.6860180022805017 0.3777947217787913 0.6872611391106044 0.4073569931584949 0.7282350387685291 0.40591889965792477 0.7290663534777652 0.37653930102622574 0.6860180022805017 0.3777947217787913
0 0.8858956259977195 0.4274770649942987 0.8858661311288483 0.41487689965792474 0.8353032542759408 0.401363078677309 0.8316261014823261 0.41685047662485747 0.8858956259977195 0.4274770649942987
0 0.23057788597491446 0.947723401368301 0.2525353694412771 0.9664048494868871 0.32703439338654505 0.8821531778791334 0.30109504446978336 0.8640734184720638 0.23057788597491446 0.947723401368301
0 0.13709114937286204 0.3330351459521095 0.14272908779931587 0.30144044355758265 0.07526829874572406 0.28656160433295325 0.06995319042189281 0.3243805610034207 0.13709114937286204 0.3330351459521095
0 0.05431853135689852 0.08749932497149372 0.048697895096921316 0.1274922291904219 0.06601087229190422 0.1412512565564424 0.08543949258836944 0.10326678563283923 0.05431853135689852 0.08749932497149372
0 0.2482018985176739 0.19091409920182442 0.31671994298745726 0.22813406613454962 0.33316449144811855 0.19858355872291905 0.26189796807297605 0.15745554503990877 0.2482018985176739 0.19091409920182442
0 0.18180229190421893 0 0.17744288597491448 0.013909375142531358 0.20247951311288484 0.021358482326111743 0.21213721208665906 0 0.18180229190421893 0
0 0.18623822006841503 0.08144854846066134 0.1968293819840365 0.048751220068415056 0.16943329988597491 0.03890352223489168 0.1566665929304447 0.07214871835803877 0.18623822006841503 0.08144854846066134
0 0.14016579247434435 0.09356694070695552 0.17059389965792474 0.10743827366020524 0.18123185860889396 0.09573931128848347 0.1483714218928164 0.07997668415051311 0.14016579247434435 0.09356694070695552
0 0.23345218358038766 0.12946803420752565 0.2054357023945268 0.17950743671607752 0.22355385974914482 0.18497754389965793 0.2513583021664766 0.13858001140250856 0.23345218358038766 0.12946803420752565
0 0.511476558722919 0.42943234321550744 0.49496052907639676 0.4786896887115165 0.5242835496009122 0.49615785062713796 0.5370354070695553 0.443820094640821 0.511476558722919 0.42943234321550744
0 0.5633474960091219 0.45711453363740023 0.5410778916761687 0.44918648688711516 0.5295323945267959 0.4780085963511973 0.5491381026225769 0.4857042645381984 0.5633474960091219 0.45711453363740023
0 0.45465362485746863 0.8166834469783353 0.451851086659065 0.8024943831242873 0.359060598631699 0.8014499669327252 0.36203165678449256 0.8187174412770809 0.45465362485746863 0.8166834469783353
0 0.5060473911060434 0.8562934321550741 0.506597881413911 0.8395776818700114 0.39203229532497147 0.8292309783352337 0.39073184378563286 0.8448835701254276 0.5060473911060434 0.8562934321550741
0 0.5505663238312429 0.8253648380843785 0.5512838472063853 0.8074718141391106 0.4908496841505131 0.8044456157354617 0.4900971938426454 0.8204655438996579 0.5505663238312429 0.8253648380843785
0 0.5554276944127708 0.8590347069555302 0.5554730649942987 0.8416468038768529 0.5148582063854048 0.8383970570125427 0.5135164389965793 0.8543436351197263 0.5554276944127708 0.8590347069555302
0 0.4888591094640821 0.8676713911060433 0.48763801482326113 0.8848924777651084 0.5243308437856328 0.8840518905359178 0.5270162394526796 0.8670886647662487 0.4888591094640821 0.8676713911060433
0 0.859536637400228 0.8070131607753706 0.8616480752565564 0.7749244161915622 0.8350008232611174 0.7682698244013684 0.828962110604333 0.8027161904218928 0.859536637400228 0.8070131607753706
0 0.39972291334093496 0.39693327594070693 0.381200874572406 0.375138716077537 0.3585928449258837 0.403748842645382 0.38071603078677313 0.42125125313568984 0.39972291334093496 0.39693327594070693
0 0.5962398209806158 0.10788419954389965 0.5884981151653363 0.13738290535917902 0.6062489270239453 0.14972185974914481 0.6194281516533637 0.11354144811858609 0.5962398209806158 0.10788419954389965
0 0.5839373683010262 0.4642069258836944 0.5628439236031927 0.456442598631699 0.5518578335233751 0.49193876396807296 0.5727584538198404 0.49682007297605474 0.5839373683010262 0.4642069258836944
0 0.6585569464082098 0.5262725450399087 0.6440869247434435 0.5140428129988597 0.6153778244013683 0.564721732041049 0.6350678905359178 0.5739503090079817 0.6585569464082098 0.5262725450399087
0 0.46386617673888253 0.9985763808437856 0.5155801083238312 0.9505941071835804 0.4812264389965793 0.9091818551881414 0.4145054868871152 0.9636985210946408 0.46386617673888253 0.9985763808437856