0 0.29478024743443554 0.6820708175598632 0.25838891562143673 0.6556422850627138 0.2146063762827822 0.7230359635119726 0.24571305473204105 0.7528762656784492 0.29478024743443554 0.6820708175598632
0 0.0658875165336374 0.4534374196123147 0.049187656784492585 0.453764425313569 0.06129759064994299 0.5361803683010262 0.07696164652223489 0.5378503728620296 0.0658875165336374 0.4534374196123147
0 0.47275809920182443 0.17910303990877993 0.45965426111744584 0.1791486385404789 0.4526365359179019 0.2476727582668187 0.46978359064994296 0.25394107525655646 0.47275809920182443 0.17910303990877993
0 0.49629243329532496 0.18235406271379703 0.4786150307867731 0.18021147206385404 0.48027582212086656 0.2277402063854048 0.4931047115165336 0.22558448916761686 0.49629243329532496 0.18235406271379703
0 0.6263755279361459 0.18598662485746867 0.6091343694412771 0.1856702554161916 0.613849023945268 0.2421084275940707 0.630736409350057 0.23822172177879133 0.6263755279361459 0.18598662485746867
0 0.6489340125427594 0.18676663283922465 0.6328239498289624 0.1871468061573546 0.6372756978335234 0.2396878620296465 0.6537310034207525 0.24082950513112886 0.6489340125427594 0.18676663283922465
0 0.674883771949829 0.5639354184720639 0.6484866921322692 0.5389772873432155 0.6125526180159636 0.5835149064994298 0.636419778791334 0.608849283922463 0.674883771949829 0.5639354184720639
0 0.89273765336374 0.4423333409350057 0.854344157354618 0.4115575153933866 0.8270254640820981 0.4386719007981756 0.8733970513112884 0.4728262303306728 0.89273765336374 0.4423333409350057
0 0.8443990376282783 0.24618645381984036 0.8127960364880275 0.28752688483466365 0.8461295302166477 0.3148799258836944 0.8704856248574686 0.274693527936146 0.8443990376282783 0.24618645381984036
0 1 0.3188110171037628 0.9746529236031928 0.3499649863169897 1 0.37035352793614595 1 0.3188110171037628
0 1 0.1596388597491448 0.9951707787913341 0.15626615279361458 0.9828288278221209 0.17485339908779932 1 0.190857582668187 1 0.1596388597491448
0 0.997087566704675 0.21603565336374003 0.9685848244013683 0.1879132109464082 0.9546664652223489 0.2176884503990878 0.9843887274800456 0.24234147890535918 0.997087566704675 0.21603565336374003