0 0.12653860433295325 0.305799023945268 0.12065479817559863 0.34258914709236027 0.1542024355758267 0.3523734583808438 0.16099463283922463 0.31475562257696693 0.12653860433295325 0.305799023945268
0 0.2819682098061574 0.14941498859749144 0.27931746408209807 0.1873224230330673 0.31608716761687566 0.1887047765108324 0.31675547092360323 0.15363471721778793 0.2819682098061574 0.14941498859749144
0 0.40184804446978334 0.314336937286203 0.4084494971493729 0.34574894868871153 0.4555648107183581 0.3454723740022805 0.4586007708095781 0.31056787571265676 0.40184804446978334 0.314336937286203
0 0.4429861961231471 0.7719494355758266 0.44479796921322695 0.8205849179019384 0.4755079258836944 0.8170795336374003 0.4764662645381984 0.7778617890535918 0.4429861961231471 0.7719494355758266
0 0.7474218209806157 1 0.7585831755986316 0.9621636579247435 0.7217928962371722 0.9515558323831242 0.7131425131128848 0.9902341299885975 0.7408173979475485 1 0.7474218209806157 1
0 0.8445407183580387 0.7268177115165336 0.8463980501710376 0.7647443477765108 0.8453163135689852 0.766751905359179 0.8772695370581527 0.768986291904219 0.8778839703534778 0.72617486659065 0.8445407183580387 0.7268177115165336
0 0.6981398700114025 0.7043803363740022 0.698423755986317 0.6564850307867731 0.6640630182440137 0.6546774937286203 0.6620567787913341 0.7003691607753706 0.6981398700114025 0.7043803363740022
0 0.803702850627138 0.09483264766248575 0.8077363454960091 0.1317210558722919 0.8381931197263398 0.12879003648802737 0.8342534823261117 0.09161215735461802 0.803702850627138 0.09483264766248575
0 0.8796277514253136 0.1400217913340935 0.8941104059293045 0.17168731128848347 0.9248297320410491 0.15687065336374 0.9132502531356899 0.12689614367160776 0.8796277514253136 0.1400217913340935
0 0.8405498574686432 0.3587051197263398 0.8437411835803876 0.4074355028506272 0.858621929304447 0.4063944321550741 0.8584261847206385 0.35816798859749144 0.8405498574686432 0.3587051197263398
0 0.8632427730900798 0.3573143979475485 0.8652861254275941 0.40537087229190416 0.8780125393386544 0.401203157354618 0.8728775096921322 0.3556073249714937 0.8632427730900798 0.3573143979475485
0 0.8849719646522235 0.3612162166476625 0.8887306727480045 0.4016534754846066 0.898929993158495 0.3996898483466363 0.8965048574686432 0.3578547092360319 0.8849719646522235 0.3612162166476625
0 0.9232329304446979 0.3412725222348917 0.9267274435575826 0.38109767388825544 0.9409487525655644 0.3770329258836944 0.9365410672748004 0.3380367183580388 0.9232329304446979 0.3412725222348917
0 0.9535763637400229 0.3410151094640821 0.9410263124287344 0.34192155644241734 0.9476234207525656 0.37512043101482323 0.9602166681870011 0.3736186716077537 0.9535763637400229 0.3410151094640821
0 0.4232027981755986 0.606586913340935 0.4610938734321551 0.6065596830102623 0.4599869338654504 0.5713639179019384 0.423683614595211 0.5718013420752566 0.4232027981755986 0.606586913340935
0 0.41418487115165337 0.0979516567844926 0.4506941562143672 0.10050463511972635 0.4535396488027366 0.05130045496009122 0.416469015963512 0.04573222462941847 0.41418487115165337 0.0979516567844926
0 0.30545036488027366 0.607280858608894 0.3453037115165336 0.6127460752565563 0.3468956624857468 0.5729790045610035 0.30229688027366025 0.5645051220068414 0.30545036488027366 0.607280858608894