0 0.25798593728620295 0.287764062713797 0.3518 0.29132812542759406 0.3630796875712657 0.20996093728620296 0.2662984378563284 0.20461562485746865 0.25798593728620295 0.287764062713797
0 0.27431406271379705 0.3253765621436716 0.2692671870011403 0.3827906248574687 0.34289218700114027 0.3863546875712657 0.3482375005701254 0.3269625005701254 0.27431406271379705 0.3253765621436716
0 0.6011765621436717 0.39288750057012545 0.5023156248574686 0.3912843751425314 0.5067687502850627 0.42495937514253135 0.6017687502850628 0.42733437514253136 0.6011765621436717 0.39288750057012545
0 0.5263625005701255 0.28360781299885973 0.6219578129988598 0.28954687457240597 0.624925 0.2551 0.5305187502850627 0.24797187457240594 0.5263625005701255 0.28360781299885973
0 0.7163640627137969 0.11255937514253136 0.7044890627137971 0.20402187457240595 0.7644578129988597 0.2058046875712657 0.7703953124287344 0.11731093728620297 0.7163640627137969 0.11255937514253136
0 0.7086453124287343 0.22837343785632838 0.7009265621436715 0.2800437502850627 0.7668328129988597 0.28301406271379703 0.7698015621436716 0.23074843785632837 0.7086453124287343 0.22837343785632838
0 0.506175 0.10365156214367162 0.53705 0.10662031242873432 0.5317062497149373 0.07098437514253136 0.506175 0.0697984378563284 0.506175 0.10365156214367162
0 0.20573593728620296 0.03503124971493728 0.20157968757126565 0.07632968757126568 0.2633296875712657 0.07454843785632839 0.26748593728620296 0.04128906271379703 0.20573593728620296 0.03503124971493728
0 0.13626718700114024 0.15888593728620296 0.19029843785632838 0.16066718700114024 0.1968296875712657 0.09652343785632839 0.1427984378563284 0.09236718700114024 0.13626718700114024 0.15888593728620296
0 0.2734234378563284 0.09117812542759407 0.26689218700114026 0.1303765621436716 0.3084546875712657 0.13275312542759407 0.31201718700114023 0.09414843785632838 0.2734234378563284 0.09117812542759407
0 0.22622031242873433 0.6059249999999999 0.2229546875712657 0.6553984378563285 0.2971734378563284 0.6583671870011403 0.3013296875712657 0.611446874572406 0.22622031242873433 0.6059249999999999
0 0.569114062713797 0.46534531242873434 0.5040968745724059 0.4625343751425314 0.5002374994298745 0.5259234378563283 0.5619875005701255 0.5277062497149373 0.569114062713797 0.46534531242873434
0 0.8214593751425314 0.3994203124287343 0.8167078129988598 0.43921250057012545 0.8796453124287343 0.4404 0.882614062713797 0.4053593751425314 0.8214593751425314 0.3994203124287343
0 0.8190828129988598 0.564528125427594 0.8938968745724059 0.5674984378563284 0.8944906248574687 0.5330515621436717 0.8208640627137971 0.5348328129988598 0.8190828129988598 0.564528125427594
0 0.6563953124287343 0.9802687502850627 0.6510515621436715 0.998753125427594 0.6961765621436715 0.998753125427594 0.6997374994298746 0.9826453124287343 0.6563953124287343 0.9802687502850627
0 0.5379406248574686 0.8811312497149373 0.5305187502850627 0.911375 0.5768312497149373 0.9226593751425314 0.5815828129988597 0.8888062497149373 0.5379406248574686 0.8811312497149373
0 0.5708937502850627 0.9778937502850626 0.5245812497149372 0.971360937286203 0.5198312497149372 0.998753125427594 0.5667375005701254 0.998753125427594 0.5708937502850627 0.9778937502850626
0 0 0.7213234378563284 0.02879687457240593 0.7260734378563284 0.03414062485746864 0.667275 0 0.661335937286203 0 0.7213234378563284
0 0.5913796875712657 0.6281921870011402 0.5922687502850628 0.638175 0.6575828129988597 0.6453015621436716 0.6587687502850627 0.6286718745724059 0.5913796875712657 0.6281921870011402
0 0.5931593751425314 0.6522375005701254 0.5952375005701254 0.6643062497149373 0.6593640627137971 0.668464062713797 0.6575828129988597 0.6548046875712656 0.5931593751425314 0.6522375005701254
0 0.4052374994298746 0.6209515621436716 0.3286421870011403 0.6228484378563284 0.32448593728620295 0.656585937286203 0.4022687502850627 0.6542093751425314 0.4052374994298746 0.6209515621436716
0 0.5530812497149373 0.6308625005701254 0.5447687502850628 0.680935937286203 0.5821765621436716 0.6779656248574687 0.5893 0.6292656248574686 0.5530812497149373 0.6308625005701254
0 0.4390812497149373 0.638175 0.439675 0.6488656248574687 0.506175 0.6536156248574687 0.5079562497149372 0.638175 0.4390812497149373 0.638175
0 0.36337812542759407 0.48034687457240594 0.36426875028506267 0.542553125427594 0.40405 0.5467125005701254 0.40405 0.48613281299885974 0.36337812542759407 0.48034687457240594
0 0.001484375142531357 0.3934812497149373 0.02582812542759407 0.3946703124287343 0.02404687457240593 0.3596281254275941 0.002671874572405929 0.3596281254275941 0.001484375142531357 0.3934812497149373
0 0.9758343751425314 0.46653281299885974 0.9698968745724059 0.522360937286203 0.998753125427594 0.5211734378563284 0.998753125427594 0.4605937502850627 0.9758343751425314 0.46653281299885974
0 0.9663343751425313 0.2443296875712657 0.962771874572406 0.2865765621436716 0.998753125427594 0.29073437514253136 0.998753125427594 0.24322031242873432 0.9663343751425313 0.2443296875712657