0 0.7837446887115166 0.21724227137970353 0.8569823181299886 0.21646329190421892 0.8538189122006841 0.16586647776510832 0.7788179783352338 0.1747397023945268 0.7837446887115166 0.21724227137970353
0 0.753020977194983 0.14095144127708095 0.787909086659065 0.13723074230330673 0.7789547514253136 0.08033572405929304 0.7384531778791333 0.08314363625997719 0.753020977194983 0.14095144127708095
0 0.9300979236031927 0.2187093945267959 0.9607218608893957 0.21265673660205245 0.9548702337514253 0.1757110205245154 0.9195839190421893 0.1788952189281642 0.9300979236031927 0.2187093945267959
0 0.626004 0 0.6363260524515394 0.034394657924743444 0.6893797377423033 0.021483145952109463 0.6830178301026225 0 0.626004 0
0 0.5771732451539339 0 0.5786389122006841 0.0080634834663626 0.6107512725199544 0.003277961231470924 0.6102570205245155 0 0.5771732451539339 0
0 0.4129688164196123 0.2453086921322691 0.3981317377423033 0.20858382782212087 0.3233897502850627 0.2264333078677309 0.335293086659065 0.2636228301026226 0.4129688164196123 0.2453086921322691
0 0.3812066556442417 0.5497141881413911 0.4192707730900798 0.5394773660205245 0.40735024515393387 0.49537732725199546 0.37034871949828957 0.5039429737742304 0.3812066556442417 0.5497141881413911
0 0.4475699144811859 0.5776769543899658 0.4846500022805017 0.5687982896237173 0.4762684663625998 0.5376636316989738 0.43990068301026225 0.5482329327251996 0.4475699144811859 0.5776769543899658
0 0.5896268460661346 0.567200370581528 0.5775905735461802 0.5101939144811859 0.5620307137970354 0.5144618072976055 0.5757336681870011 0.5706047183580388 0.5896268460661346 0.567200370581528
0 0.3574956624857468 0.8366134218928164 0.39417353477765105 0.829000763968073 0.3818042405929304 0.7888792862029647 0.3462716499429874 0.799917456100342 0.3574956624857468 0.8366134218928164
0 0.496603748004561 0.9366161345496008 0.5179366681870011 0.9308327274800455 0.5067590581527935 0.8781989064994299 0.4858053945267959 0.8836200877993158 0.496603748004561 0.9366161345496008
0 0.301802 0.9253875370581528 0.31498565906499426 0.9251044868871152 0.2948221003420753 0.8495456944127707 0.2795412850627138 0.8531682417331814 0.301802 0.9253875370581528
0 0.7688130992018244 0.4570634971493729 0.8040087559863169 0.4514890524515393 0.7879947753705815 0.39360972519954385 0.756191929304447 0.4001496795895097 0.7688130992018244 0.4570634971493729
0 0.7935686157354618 0.5108547023945268 0.8480589794754846 0.49801463740022806 0.8334927251995439 0.453131338654504 0.7822767046750285 0.45853797833523374 0.7935686157354618 0.5108547023945268
0 0.8570222405929305 0.8735199418472064 0.8966031698973774 0.8690543922462942 0.8796760843785633 0.7902778141391106 0.8455645815279362 0.7935780980615735 0.8570222405929305 0.8735199418472064
0 0.9099690798175598 0.29283332839224624 0.900475244013683 0.25947023603192704 0.8209473124287343 0.27747658380843787 0.8267557993158495 0.3081170467502851 0.9099690798175598 0.29283332839224624
0 0.7179939874572406 0.9562561220068415 0.7525103215507412 0.9501881208665907 0.7377612132269099 0.8848930615735461 0.7026776681870012 0.8823357901938427 0.7179939874572406 0.9562561220068415
0 0.1309341527936146 0.7083829714937285 0.14513382326111746 0.7031282086659064 0.13011073432155074 0.665228921322691 0.11661460661345496 0.6694721094640821 0.1309341527936146 0.7083829714937285
0 0.12284838882554162 0.7180797468643102 0.10859229304446978 0.669840992018244 0.08988532611174459 0.6770119429874573 0.108461409350057 0.7221618734321551 0.12284838882554162 0.7180797468643102