0 0.4072013785632839 0.04044019042189282 0.37382189053591786 0.031521385404789055 0.3620100045610034 0.06854567046750284 0.39144306043329535 0.07931488255416191 0.4072013785632839 0.04044019042189282
0 0.31193781984036484 0.25885634777651084 0.3377363409350057 0.20733575484606614 0.3041185176738883 0.18476277765108323 0.27789369783352336 0.24579225997719498 0.31193781984036484 0.25885634777651084
0 0.20445830900798176 0.35515303990877994 0.19499723945267958 0.39095017331813 0.2469272257696693 0.4090466259977195 0.2622602132269099 0.3746331630558723 0.20445830900798176 0.35515303990877994
0 0.10314450285062714 0.4988509087799316 0.09018674686431015 0.5382705564424174 0.1397244937286203 0.5552210855188141 0.15527519042189283 0.514568496009122 0.10314450285062714 0.4988509087799316
0 0.02013847890535918 0.5697791163055872 0.05058390763968073 0.5805322200684151 0.06697289851767389 0.5526310057012543 0.032003737742303306 0.5357231014823262 0.02013847890535918 0.5697791163055872
0 0.03701176738882554 0.6187749110604334 0.05386728278221209 0.6327313055872291 0.07000782212086659 0.6057267502850627 0.050821589509692136 0.5956710022805016 0.03701176738882554 0.6187749110604334
0 0.06238831470923603 0.645053220068415 0.07910761117445839 0.6512951904218928 0.09042063397947549 0.619622614595211 0.07867217331812999 0.6112185610034208 0.06238831470923603 0.645053220068415
0 0.020183460661345496 0.7262568506271381 0.004235633979475484 0.7470227172177879 0.005821075256556442 0.8378526305587228 0.05350609464082098 0.7479442189281642 0.020183460661345496 0.7262568506271381
0 0.2646146009122007 0.7086288791334093 0.2950066282782212 0.7164121505131129 0.3147385290763968 0.6572775245153933 0.2804499828962372 0.6522345496009121 0.2646146009122007 0.7086288791334093
0 0.24524829304446977 0.8906820957810718 0.277595897377423 0.9085265199543899 0.3038533683010262 0.8492779897377423 0.2694228722919042 0.8359237263397947 0.24524829304446977 0.8906820957810718
0 0.5147990798175599 0.7666151402508551 0.49275928164196126 0.795504188141391 0.5296101641961232 0.8334621448118585 0.5504849030786774 0.8057795518814139 0.5147990798175599 0.7666151402508551
0 0.829308661345496 0.9410605724059293 0.8597953933865451 0.9203378494868871 0.8106193899657924 0.8523091641961231 0.7795562816419612 0.8777926727480045 0.829308661345496 0.9410605724059293
0 0.6875038848346636 0.4304545142531357 0.6605581459521095 0.38222993728620297 0.6116609270239454 0.41218162371721784 0.6381097685290763 0.45566414937286204 0.6875038848346636 0.4304545142531357
0 0.7811743888255416 0.4947357787913341 0.7611520022805017 0.46479940820980614 0.7153437913340934 0.4958848563283922 0.7403443158494869 0.5346419395667047 0.7707999600912201 0.5121382371721779 0.7630176602052451 0.5081171949828962 0.7811743888255416 0.4947357787913341
0 0.05510043215507412 0.7033783568985176 0.08628300456100343 0.7224307970353478 0.1064708494868871 0.6894171927023945 0.07960478677309009 0.6646479224629418 0.05510043215507412 0.7033783568985176
0 0.6645905746864311 0.5793161402508552 0.6939538175598632 0.5960234139110604 0.7139302633979476 0.5627165792474345 0.6894727343215508 0.5432498323831243 0.6645905746864311 0.5793161402508552
0 0.8120475575826682 0.6319678688711516 0.8208187297605473 0.6246886818700115 0.7861736180159634 0.5771939007981756 0.7757342862029647 0.5865806476624857 0.8120475575826682 0.6319678688711516
0 0.7545617126567845 0.6014977445838084 0.7885733329532497 0.6466313454960091 0.7989788209806158 0.6310083033067274 0.7651230592930445 0.59032734663626 0.7545617126567845 0.6014977445838084
0 0.9144655575826682 0.8914715142531356 0.9369080456100343 0.9195841208665907 0.9702666898517674 0.8934667046750284 0.9486925621436716 0.8623697377423033 0.9144655575826682 0.8914715142531356
0 0.7149780364880274 0.6449467537058152 0.6928345872291904 0.6678976431014823 0.7242140729760548 0.6982311790193843 0.7426949988597492 0.6815779806157354 0.7149780364880274 0.6449467537058152
0 0.6607786659064994 0.49683729418472067 0.6286265028506272 0.5241213318129988 0.6426085712656785 0.543474007981756 0.6713221151653364 0.5171407525655645 0.6607786659064994 0.49683729418472067
0 0.8339364344355759 0.39048501368301025 0.8017516499429875 0.4159896624857468 0.8224147217787913 0.4441333283922463 0.8573645005701255 0.4212542611174458 0.8339364344355759 0.39048501368301025
0 0.8057678700114025 0.40819963283922467 0.8368394618015963 0.3868728608893957 0.819391992018244 0.33551172633979476 0.7812159042189282 0.36111939110604335 0.8057678700114025 0.40819963283922467
0 0.8515247274800456 0.4804433192702395 0.8843534481185862 0.4578981949828962 0.8692065860889395 0.4370812485746864 0.8379585974914481 0.45098809464082096 0.8515247274800456 0.4804433192702395