0 0.23413750057012542 0.7550578129988598 0.18426249942987455 0.7592125005701253 0.1898031254275941 0.7841515621436717 0.23690781299885974 0.774453125427594 0.23413750057012542 0.7550578129988598
0 0.737046874572406 0.31726250057012545 0.6913265621436716 0.31726250057012545 0.6913265621436716 0.33804375028506267 0.737046874572406 0.33804375028506267 0.737046874572406 0.31726250057012545
0 0.9670281254275941 0.7162640627137971 0.9656406248574687 0.7481296875712656 0.998753125427594 0.7592125005701253 0.998753125427594 0.7204218745724059 0.9670281254275941 0.7162640627137971
0 0.9697984378563285 0.7065671870011402 0.998753125427594 0.7134937502850627 0.998753125427594 0.6594624994298746 0.975339062713797 0.6594624994298746 0.9697984378563285 0.7065671870011402
0 0.9476312497149373 0.65115 0.9490156248574686 0.6400656248574685 0.8395671870011403 0.6289828129988597 0.8395671870011403 0.6428374994298747 0.9476312497149373 0.65115
0 0.9462453124287343 0.6733171870011403 0.9462453124287343 0.6608484378563284 0.852035937286203 0.65115 0.852035937286203 0.667775 0.9462453124287343 0.6733171870011403
0 0.9337765621436717 0.6913265621436716 0.9310062497149373 0.6816296875712656 0.8548078129988598 0.6733171870011403 0.8534218745724059 0.6899406248574687 0.9337765621436717 0.6913265621436716
0 0.9337765621436717 0.7148796875712656 0.9310062497149373 0.702410937286203 0.824328125427594 0.6954843751425314 0.824328125427594 0.7093375005701253 0.9337765621436717 0.7148796875712656
0 0.835410937286203 0.7301203124287343 0.9310062497149373 0.7398171870011402 0.9296203124287343 0.7204218745724059 0.8367968745724059 0.7162640627137971 0.835410937286203 0.7301203124287343
0 0.9143796875712656 0.7578281254275941 0.9199234378563285 0.7439734378563284 0.8728171870011403 0.7384312497149372 0.8728171870011403 0.752285937286203 0.9143796875712656 0.7578281254275941
0 0.7162640627137971 0.392075 0.7162640627137971 0.36990937514253136 0.6844 0.36436718700114024 0.6816296875712656 0.39346093728620296 0.7162640627137971 0.392075
0 0.25026718700114026 0.7573328129988598 0.2526421870011402 0.7777437502850627 0.32211093728620294 0.774775 0.32211093728620294 0.7522062497149373 0.25026718700114026 0.7573328129988598