0 0.5821652212086659 0.8915082269099202 0.6097079122006842 0.9206130296465221 0.6329860570125427 0.892663465222349 0.6047186066134549 0.8637687776510833 0.5821652212086659 0.8915082269099202
0 0.4420878814139111 0.7750062052451538 0.40387830786773093 0.8181729498289624 0.4631495131128848 0.8715110558722919 0.4981987571265678 0.8357361356898518 0.4420878814139111 0.7750062052451538
0 0.3578473272519955 0.8226890353477765 0.33786831927023947 0.8489499509692132 0.36488340935005703 0.8726076659064994 0.38919000000000004 0.8465774321550741 0.3578473272519955 0.8226890353477765
0 0.36045722348916764 0.9866212143671608 0.37697180501710376 0.9680107400228051 0.35502001938426453 0.9431816681870012 0.3295080159635119 0.9657721744583809 0.3445408152793614 0.9846669247434436 0.36045722348916764 0.9866212143671608
0 1 0.060495613454960094 0.9962080604332954 0.05842801482326112 0.970860913340935 0.05531577651083238 0.9364319475484606 0.09691123831242873 0.981007779931585 0.13349132725199545 1 0.10927173774230331 1 0.060495613454960094
0 0.7555917366020525 0.03462685062713797 0.7456754538198404 0.027666477765108326 0.7179694583808438 0.024264610034207525 0.6879873340935007 0.04427234321550741 0.7186823204104903 0.07047404903078677 0.7555917366020525 0.03462685062713797
0 0.5519197103762828 0.04132571949828962 0.5242057651083238 0.06723354047890535 0.5667949942987457 0.10536433295324972 0.5916680262257697 0.08179805815279362 0.5519197103762828 0.04132571949828962
0 0.3874118620296465 0.4015891687571265 0.36632656328392244 0.4271160399087799 0.4285972223489168 0.4706544526795895 0.4475527468643101 0.44785712200684147 0.3874118620296465 0.4015891687571265
0 0.9294143990877992 0.9191898415051312 0.9146065849486886 0.9520677890535918 0.944484472063854 0.9724877571265679 0.949730566704675 0.929761748004561 0.9294143990877992 0.9191898415051312
0 0.6255834811858608 0.5720118540478906 0.6146316316989737 0.5832295245153934 0.6576364355758267 0.6423486567844926 0.6730525210946409 0.6247997229190422 0.6255834811858608 0.5720118540478906
0 0.5067096237172178 0.4826382862029647 0.48231435347776513 0.5107497890535918 0.5087387616875713 0.5343334025085519 0.5347144082098062 0.5091078859749145 0.5067096237172178 0.4826382862029647
0 0.30357794526795895 0.5336693899657925 0.31863648004561 0.5474825245153934 0.35200743899657927 0.514491007981756 0.34402175712656785 0.4982561607753706 0.30357794526795895 0.5336693899657925
0 0.03730136031927024 0.8114483340935005 0.08786773090079818 0.891833441277081 0.13362289281641962 0.8744219965792475 0.08632191904218929 0.7923409509692132 0.03730136031927024 0.8114483340935005