0 0.37762656214367163 0.06967812542759408 0.39455 0.04746718700114025 0.36367499999999997 0.020773437856328392 0.34526875028506276 0.043314062713797036 0.37762656214367163 0.06967812542759408
0 0.7318015621436716 0.18033750057012543 0.6860828129988598 0.1512734378563284 0.6558 0.1874562497149373 0.694989062713797 0.21889375028506272 0.7318015621436716 0.18033750057012543
0 0.6376921870011402 0.27782656214367163 0.6623312497149373 0.2521125005701254 0.618989062713797 0.2266046875712657 0.6047375005701254 0.250925 0.6376921870011402 0.27782656214367163
0 0.541503125427594 0.3694484378563284 0.5334875005701254 0.39803437514253137 0.5667375005701254 0.4134562497149373 0.5815828129988597 0.38676250057012546 0.541503125427594 0.3694484378563284
0 0.48005 0.04568749942987457 0.5005343751425313 0.019865624857468647 0.46936250057012546 0.008910937286202965 0.4574874994298746 0.03441718700114025 0.48005 0.04568749942987457
0 0.43314375028506275 0.8245250000000001 0.40078437514253135 0.8115406248574687 0.3886124994298745 0.8369828129988597 0.41770624971493725 0.850625 0.43314375028506275 0.8245250000000001
0 0.4278 0.7652078129988598 0.39365781299885977 0.7492734378563284 0.3797062497149373 0.7729203124287344 0.40998749942987456 0.7901218745724059 0.4278 0.7652078129988598
0 0.6920203124287343 0.7919015621436716 0.7335828129988597 0.803764062713797 0.7371453124287344 0.7812234378563284 0.700035937286203 0.7688437502850628 0.6973640627137971 0.7705468745724059 0.6920203124287343 0.7919015621436716
0 0.8588656248574686 0.5492921870011402 0.8345218745724059 0.541125 0.8250218745724059 0.5765796875712657 0.8535218745724059 0.5842906248574686 0.8588656248574686 0.5492921870011402
0 0.8570828129988597 0.47573906271379707 0.825614062713797 0.46090937514253133 0.816114062713797 0.482264062713797 0.8416453124287343 0.4965 0.8570828129988597 0.47573906271379707
0 0.13359531242873432 0.8649109372862029 0.14160937514253136 0.854778125427594 0.09173437514253135 0.8263046875712657 0.08104687457240593 0.8393546875712656 0.13359531242873432 0.8649109372862029
0 0.09470312542759407 0.890960937286203 0.06382812542759407 0.8725734378563283 0.05551562485746864 0.8862171870011403 0.08936093728620297 0.9004515621436716 0.09470312542759407 0.890960937286203
0 0.9140828129988597 0.33930937514253134 0.9301140627137969 0.31142968757126566 0.9057718745724059 0.2948203124287343 0.8903343751425314 0.32210781299885977 0.9140828129988597 0.33930937514253134
0 0.9514906248574686 0.48285624971493724 0.9155687502850627 0.46729531242873434 0.9039906248574686 0.49234687457240595 0.9360531254275941 0.5125156248574686 0.9514906248574686 0.48285624971493724