0 0.08077507981755985 0.6868725621436716 0.11895766248574687 0.6850346761687571 0.11393434207525656 0.6324433215507411 0.08050309122006842 0.6358035541619157 0.08077507981755985 0.6868725621436716
0 0.3299133135689852 0.9883605735461802 0.3304470741163056 0.946184378563284 0.2933444891676169 0.9472500592930444 0.29130234207525657 0.9893914777651083 0.3299133135689852 0.9883605735461802
0 0.37291361345496005 0.7512442371721778 0.4062173671607754 0.7489767776510832 0.4042544446978335 0.7138102633979476 0.36761781755986317 0.7178078996579247 0.37291361345496005 0.7512442371721778
0 0.48265517331813 0.8823883511972634 0.4822717502850627 0.857194402508552 0.4144232383124287 0.8577194002280502 0.4169150068415051 0.8829306180159635 0.48265517331813 0.8823883511972634
0 0.9882550228050171 0.67001955986317 0.9741218403648803 0.6187413443557583 0.9343984025085519 0.6260327274800457 0.9451358175598631 0.6786540068415051 0.9882550228050171 0.67001955986317
0 0.7952552827822121 0.586337353477765 0.8016950604332954 0.6232009908779932 0.8690149464082099 0.6174506054732041 0.8592703660205245 0.576801094640821 0.7952552827822121 0.586337353477765
0 0.5892529885974914 0.7849300935005701 0.5950993090079818 0.7497274367160774 0.5534834082098061 0.7431725210946408 0.5523942098061574 0.7799440661345496 0.5892529885974914 0.7849300935005701
0 0.5691948802736603 0.5596046807297606 0.6076272132269098 0.5631391801596352 0.6094401710376283 0.5442116031927023 0.5683910638540479 0.5469385473204105 0.5691948802736603 0.5596046807297606
0 0.5608399885974915 0.5789688289623718 0.5610383580387686 0.5422561151653363 0.5028263580387685 0.5428953477765108 0.5012958152793615 0.5787781163055873 0.5608399885974915 0.5789688289623718
0 0.5001934515393386 0.6553194777651083 0.5012556123147093 0.6202749885974915 0.4620861607753706 0.6234730638540479 0.45912586202964656 0.6598274903078678 0.5001934515393386 0.6553194777651083
0 0.24332526339794755 0.6845783660205245 0.249090834663626 0.6716390022805018 0.20939273888255416 0.6677038289623718 0.20855416647662486 0.6832846488027365 0.24332526339794755 0.6845783660205245
0 0.2478831117445838 0.6640137388825542 0.246483433295325 0.6437899589509692 0.21259194070695553 0.6461520877993159 0.21020969099201825 0.659577543899658 0.2478831117445838 0.6640137388825542
0 0.2609192907639681 0.7425254161915622 0.2635957936145952 0.7252645210946409 0.22269592018244017 0.7251281790193842 0.22010990992018245 0.7391649110604332 0.2609192907639681 0.7425254161915622
0 0.22435486887115166 0.7128392405929305 0.2574465553021665 0.7130083922462942 0.2576844161915622 0.6955325895096921 0.22332850969213228 0.6949625188141391 0.22435486887115166 0.7128392405929305