0 0.0857878882554162 0.8325494732041049 0.068994834663626 0.7902222246294185 0.014101482326111745 0.8177061619156214 0.04095425085518814 0.8598702086659065 0.0857878882554162 0.8325494732041049
0 0.06138265222348917 0.40659487457240595 0.10428944355758267 0.3785987582668187 0.08576306727480044 0.34956151311288486 0.04376351197263398 0.37289029874572405 0.06138265222348917 0.40659487457240595
0 0.1807233534777651 0.8216305906499429 0.19964251197263397 0.8528643888255417 0.24519673318129986 0.8256853135689852 0.22162654275940707 0.7883997423033067 0.1807233534777651 0.8216305906499429
0 0.25995906157354615 0.8782140741163056 0.27795630672748006 0.9089662405929305 0.31191704675028503 0.8834700045610033 0.28945870467502854 0.8591185974914481 0.25995906157354615 0.8782140741163056
0 0.9234528859749145 0.9354188015963513 0.9094015302166477 0.9432853329532498 0.9119270513112885 0.9831432770809577 0.9142413990877993 0.9805640513112884 0.9234528859749145 0.9354188015963513
0 0.8849919099201825 0.8607185860889396 0.9402977423033068 0.848759527936146 0.9490661277080958 0.8014063534777651 0.8760775963511973 0.8162888551881413 0.8849919099201825 0.8607185860889396
0 0.9035363375142532 0.5599975621436716 0.8991514709236031 0.520386244013683 0.862740149372862 0.5211813705815279 0.8681771071835804 0.5616036488027366 0.9035363375142532 0.5599975621436716
0 0.8726749908779932 0.4858672690992018 0.9045648232611174 0.4863134595210946 0.9052225347776511 0.4549486339794755 0.8709002120866591 0.45433204789053594 0.8726749908779932 0.4858672690992018
0 0.2111016921322691 0.3463685872291904 0.22680318928164195 0.37939957126567847 0.2760021049030787 0.35322979133409355 0.2542067993158495 0.32234740478905355 0.2111016921322691 0.3463685872291904
0 0.0723243511972634 0.47776365678449256 0.060702368301026224 0.4567299418472064 0.031322982896237174 0.4679760262257697 0.047067295324971496 0.49889512884834664 0.0723243511972634 0.47776365678449256
0 0.42606405815279363 0.17285363169897378 0.46507615849486883 0.17014300228050172 0.45604741163055873 0.13265650285062713 0.42429451539338653 0.13435554389965793 0.42606405815279363 0.17285363169897378
0 0.4356733329532497 0.10477225997719498 0.47357822919042186 0.10154238768529077 0.46950257468643103 0.0541168118586089 0.42951341277080957 0.06087951995438997 0.4356733329532497 0.10477225997719498
0 0.745679298745724 0.09962492816419612 0.7732607970353478 0.09862720638540479 0.7657521562143672 0.06264750513112885 0.7437844686431015 0.06685664424173318 0.745679298745724 0.09962492816419612