0 0.5023156248574686 0.2950953124287343 0.4604562497149373 0.3269625005701254 0.4842062497149373 0.3590343751425314 0.5222062497149372 0.3263687502850627 0.5023156248574686 0.2950953124287343
0 0.7709890627137971 0.09533593728620296 0.7775203124287343 0.1351281254275941 0.8481765621436717 0.11374687457240594 0.8386765621436717 0.0793 0.7709890627137971 0.09533593728620296
0 0.8719281254275941 0.27015781299885977 0.9033968745724059 0.3133031254275941 0.9449593751425314 0.27945000000000003 0.9069593751425313 0.24500312542759406 0.8719281254275941 0.27015781299885977
0 0.9066625005701254 0.0929234378563284 0.9128968745724059 0.12503281299885977 0.953271874572406 0.12206250057012542 0.9467406248574686 0.09117812542759407 0.9066625005701254 0.0929234378563284
0 0.04275 0.5070656248574686 0.022265624857468642 0.557996874572406 0.054328125427594076 0.5710625005701254 0.07867187457240593 0.5193921870011403 0.04275 0.5070656248574686
0 0.12320468757126568 0.4546546875712657 0.16357812542759406 0.42317656214367166 0.14339218700114026 0.3934812497149373 0.10301562485746864 0.428521874572406 0.12320468757126568 0.4546546875712657
0 0.19861093728620297 0.4456125005701254 0.22176718700114026 0.47662968757126567 0.2520484378563284 0.45643593728620296 0.22532968757126567 0.42792968757126565 0.19861093728620297 0.4456125005701254
0 0.352985937286203 0.6328296875712657 0.4022687502850627 0.6049156248574686 0.3862375005701254 0.5752187502850626 0.33517499999999995 0.6061031254275941 0.352985937286203 0.6328296875712657
0 0.18703281299885974 0.5569406248574686 0.21048593728620296 0.5853156248574687 0.25739218700114025 0.5431484378563284 0.23601718700114027 0.5152343751425313 0.18703281299885974 0.5569406248574686
0 0.057296874572405926 0.8763343751425314 0.12617187457240592 0.8810843751425314 0.11251562485746865 0.827039062713797 0.05848437514253135 0.8264453124287343 0.057296874572405926 0.8763343751425314
0 0.5575343751425313 0.7038953124287344 0.5572375005701254 0.714789062713797 0.5893 0.7058796875712656 0.5875187502850627 0.6957843751425313 0.5575343751425313 0.7038953124287344
0 0.4453156248574687 0.7261609372862029 0.45214375028506276 0.7658656248574687 0.4836125005701254 0.7563624994298747 0.4794562497149373 0.7207281254275941 0.4453156248574687 0.7261609372862029
0 0.4782687502850627 0.7083484378563284 0.48598749942987457 0.746860937286203 0.5560499999999999 0.7266671870011402 0.5459562497149373 0.6940031254275941 0.4782687502850627 0.7083484378563284
0 0.7389265621436716 0.6476765621436716 0.7644578129988597 0.70885 0.816114062713797 0.6797484378563283 0.7870203124287343 0.6203562497149372 0.7389265621436716 0.6476765621436716
0 0.881725 0.8170046875712657 0.896271874572406 0.855546874572406 0.9497093751425314 0.832978125427594 0.9301140627137969 0.8026875005701255 0.881725 0.8170046875712657
0 0.4818312497149373 0.9443656248574687 0.4901437502850627 0.9820515621436716 0.5186437502850627 0.9743296875712656 0.5103312497149373 0.9357249999999999 0.4818312497149373 0.9443656248574687
0 0.678660937286203 0.9488171870011403 0.6813328129988597 0.9856140627137971 0.728239062713797 0.9707671870011403 0.7264578129988598 0.9398828129988598 0.678660937286203 0.9488171870011403
0 0.38445468757126566 0.7700234378563284 0.41058124971493726 0.7581453124287343 0.3957374994298746 0.7254796875712657 0.3690171870011402 0.7415156248574687 0.38445468757126566 0.7700234378563284
0 0.5023156248574686 0.45006406271379706 0.4747062497149373 0.47544062485746863 0.49726875028506273 0.4968234378563284 0.529925 0.478410937286203 0.5023156248574686 0.45006406271379706