0 0.26009062485746864 0.7633124994298746 0.26603593728620295 0.7258953124287343 0.1917234378563284 0.7104531254275941 0.18994062485746865 0.749435937286203 0.26009062485746864 0.7633124994298746
0 0.37958593728620293 0.8256734378563283 0.3819624994298746 0.7656874994298746 0.31775781299885975 0.7532156248574686 0.31210937514253134 0.8117812497149373 0.37958593728620293 0.8256734378563283
0 0.43962968757126564 0.9355468745724059 0.48897187457240593 0.9515828129988598 0.5044296875712657 0.9034765621436716 0.4610312497149373 0.884471874572406 0.43962968757126564 0.9355468745724059
0 0.32964843785632836 0.537625 0.3367812497149373 0.46516718700114024 0.2910046875712657 0.4568515621436716 0.28179062485746864 0.5267781254275941 0.32964843785632836 0.537625
0 0.26128124971493727 0.39152187457240595 0.321325 0.4051828129988597 0.32370312542759405 0.36835937514253136 0.26782031242873433 0.35588593728620294 0.26128124971493727 0.39152187457240595
0 0.330835937286203 0.2709562497149373 0.330835937286203 0.2400734378563284 0.2963562497149373 0.23413437514253135 0.288925 0.2613703124287343 0.330835937286203 0.2709562497149373
0 0.3742343751425314 0.23413437514253135 0.3772078129988598 0.21097187457240593 0.3046796875712657 0.19434218700114025 0.299625 0.21951093728620297 0.3742343751425314 0.23413437514253135
0 0.8914453124287344 0.41171406271379707 0.8914453124287344 0.36835937514253136 0.8189156248574686 0.36004375028506275 0.8221859372862029 0.40921406271379707 0.8914453124287344 0.41171406271379707
0 0.8783656248574686 0.3345062497149373 0.881339062713797 0.3036218745724059 0.827239062713797 0.2917437502850627 0.8266453124287343 0.32549687457240595 0.8783656248574686 0.3345062497149373
0 0.6875328129988597 0.25373281299885975 0.6905062497149372 0.23829218700114024 0.6554312497149374 0.23294687457240593 0.6500796875712657 0.2489015621436716 0.6875328129988597 0.25373281299885975
0 0.6881265621436716 0.22878906271379704 0.6905062497149372 0.21334687457240592 0.6548359372862029 0.20621875028506273 0.6509718745724059 0.22396406271379704 0.6881265621436716 0.22878906271379704
0 0.6928843751425313 0.20621875028506273 0.6970453124287342 0.1907781254275941 0.6578093751425313 0.1860281254275941 0.6554312497149374 0.20080781299885975 0.6928843751425313 0.20621875028506273
0 0.9877531254275941 0.3250031254275941 0.9883484378563283 0.30659218700114027 0.9324656248574686 0.2976828129988598 0.9327625005701253 0.3156984378563284 0.9877531254275941 0.3250031254275941
0 0.7951374994298747 0.716985937286203 0.7981093751425313 0.7057015621436716 0.762439062713797 0.6914484378563284 0.7594671870011402 0.7092656248574686 0.7951374994298747 0.716985937286203
0 0.8010828129988598 0.6944171870011403 0.8028656248574687 0.6795703124287343 0.7671953124287343 0.6748187502850628 0.759764062713797 0.6897625005701253 0.8010828129988598 0.6944171870011403
0 0.8040546875712657 0.6754125005701255 0.807621874572406 0.6641281254275941 0.769575 0.6534374994298746 0.7651156248574686 0.6692796875712658 0.8040546875712657 0.6754125005701255
0 0.8123765621436716 0.6534374994298746 0.8135671870011403 0.639778125427594 0.776114062713797 0.6308687502850627 0.7740328129988597 0.6479046875712656 0.8123765621436716 0.6534374994298746
0 0.9645687502850627 0.14682812542759408 0.9639734378563284 0.10703593728620298 0.9288984378563283 0.10644218700114026 0.9256296875712657 0.15360312542759405 0.9645687502850627 0.14682812542759408
0 0.8373453124287343 0.25848437514253136 0.8432906248574686 0.21928749942987458 0.7998921870011403 0.20978281299885973 0.7963265621436716 0.2542453124287343 0.8373453124287343 0.25848437514253136
0 0.39563593728620294 0.11653906271379703 0.39860937514253136 0.08446718700114025 0.3766125005701254 0.08090468757126568 0.3718562497149373 0.11174375028506271 0.39563593728620294 0.11653906271379703