0 0.4815343751425314 0.3892046875712657 0.47585156214367164 0.41335156214367164 0.5653406248574686 0.4403406248574686 0.5710234378563284 0.41761406271379703 0.4815343751425314 0.3892046875712657
0 0.5752843751425314 0.4502843751425314 0.5639203124287343 0.47301093728620297 0.6008515621436716 0.48011406271379703 0.6122156248574686 0.46448906271379703 0.5752843751425314 0.4502843751425314
0 0.6505687502850628 0.40625 0.6392046875712656 0.42613593728620297 0.6775562497149372 0.4375 0.6860796875712656 0.4247156248574686 0.6505687502850628 0.40625
0 0.6846593751425314 0.5085234378563284 0.6690343751425314 0.5255687502850627 0.7159093751425314 0.5752843751425314 0.734375 0.5625 0.6846593751425314 0.5085234378563284
0 0.683239062713797 0.5653406248574686 0.6619312497149372 0.5809656248574686 0.6860796875712656 0.6065343751425314 0.7045453124287344 0.5909093751425314 0.683239062713797 0.5653406248574686
0 0.7514203124287344 0.6349437502850628 0.703125 0.644885937286203 0.703125 0.6633515621436716 0.7571015621436716 0.6534093751425314 0.7514203124287344 0.6349437502850628
0 0.8252843751425314 0.6420453124287344 0.7755687502850628 0.6491484378563284 0.7784093751425314 0.6647734378563284 0.8267046875712656 0.6590906248574686 0.8252843751425314 0.6420453124287344
0 0.9232953124287344 0.7599437502850628 0.832385937286203 0.754260937286203 0.828125 0.7869312497149372 0.9161937502850628 0.7940343751425314 0.9232953124287344 0.7599437502850628
0 0.33455937514253137 0.7192687502850627 0.3832718745724059 0.721814062713797 0.3799015621436716 0.6641078129988598 0.3370093751425314 0.6622687502850627 0.33455937514253137 0.7192687502850627
0 0.2536765621436716 0.6855593751425314 0.33578437514253134 0.6929140627137971 0.33333281299885975 0.6616562497149372 0.2549015621436716 0.654914062713797 0.2536765621436716 0.6855593751425314
0 0.3465906248574686 0.39914843785632836 0.3380687502850627 0.4232953124287343 0.4559656248574686 0.4403406248574686 0.46164843785632836 0.4190343751425314 0.3465906248574686 0.39914843785632836