0 0.7643489281641962 0 0.7643386978335234 0.032618122006841506 0.8304340798175599 0.036838997719498286 0.8340758711516534 0 0.7643489281641962 0
0 0.4563550228050171 0.1110362417331813 0.5251673443557583 0.10803915051311289 0.5317995313568985 0.059731387685290765 0.4619082531356899 0.05739569783352338 0.4563550228050171 0.1110362417331813
0 0.2261601881413911 0.12026148232611174 0.2231520581527936 0.17022502622576968 0.29274560661345495 0.17254140820980615 0.2979395062713797 0.11716234549600912 0.2261601881413911 0.12026148232611174
0 0.27786150285062716 0.30779481071835807 0.2795863489167617 0.27212225883694413 0.23336122690992017 0.2754328209806157 0.2321499361459521 0.3087985450399088 0.27786150285062716 0.30779481071835807
0 0.22803809806157352 0.4632611402508552 0.23283338540478904 0.43044879817559867 0.19606992018244013 0.4324955724059293 0.19480835233751426 0.46442154846066136 0.22803809806157352 0.4632611402508552
0 0.5323435233751426 0.19444602964652224 0.5339924754846066 0.17361329190421892 0.495298015963512 0.1714029874572406 0.496105393386545 0.1945232690992018 0.5323435233751426 0.19444602964652224
0 0.9346827297605473 0.0789013945267959 0.9330006339794754 0.0647139566704675 0.8808223443557582 0.06772428620296465 0.882486787913341 0.08131666590649944 0.9346827297605473 0.0789013945267959
0 0.8899870456100342 0.10895143215507411 0.9588821995438997 0.10832633295324971 0.9577712633979476 0.09352640022805017 0.8846262736602052 0.09158888141391106 0.8899870456100342 0.10895143215507411
0 0.8917616020524516 0.5000308620296465 0.8939954446978335 0.46196564994298744 0.8469920273660205 0.46850846978335237 0.8525964139110603 0.5013985404789053 0.8917616020524516 0.5000308620296465
0 0.8969686864310148 0.274897929304447 0.8372434652223489 0.2829184446978335 0.8407488221208667 0.3492724686431015 0.9017865473204105 0.3447661003420753 0.8969686864310148 0.274897929304447
0 0.9052227115165337 0.3410861254275941 0.9638646556442417 0.33607087115165335 0.9583583500570125 0.28046979247434434 0.8958457514253136 0.28522935005701255 0.9052227115165337 0.3410861254275941
0 0.7299849236031927 0.23977449486887115 0.7364982656784493 0.20512138540478905 0.6819145028506272 0.207255755986317 0.6824931379703535 0.24083883238312428 0.7299849236031927 0.23977449486887115
0 0.11373927594070696 0.1675152645381984 0.11565739110604334 0.15439032839224628 0.0799107662485747 0.15148453363740022 0.07797042303306727 0.16401769897377425 0.11373927594070696 0.1675152645381984
0 0.02875393614595211 0.2517981778791334 0.029485273660205247 0.2387146841505131 0.008334704675028505 0.23700803876852908 0.007350514253135689 0.25135737742303305 0.02875393614595211 0.2517981778791334
0 0.024855596351197263 0.2762694481185861 0.026118212086659064 0.26138662941847207 0.007330615735461802 0.25929415621436713 0.005128895096921322 0.27280422576966934 0.024855596351197263 0.2762694481185861
0 0.02101936716077537 0.3025193215507411 0.02277187229190422 0.2846519623717218 0.0064196670467502855 0.2842474002280502 0.004156053591790194 0.2959851117445838 0.02101936716077537 0.3025193215507411