0 0.8180015621436716 0.21939218700114024 0.8482531254275941 0.32389218700114025 0.9372296875712657 0.2965796875712657 0.9120562497149373 0.1879234378563284 0.8180015621436716 0.21939218700114024
0 0.16728750057012542 0.8748968745724058 0.22364062485746863 0.8582703124287344 0.1927937502850627 0.744864062713797 0.13940781299885974 0.7585203124287343 0.16728750057012542 0.8748968745724058
0 0.05102656214367161 0.7490203124287343 0 0.763864062713797 0.010690624857468644 0.8190828129988598 0.06612031242873431 0.8033484378563284 0.05102656214367161 0.7490203124287343
0 0.07534687457240594 0.5637687502850627 0.06229687457240593 0.501425 0.02433281299885975 0.5133 0.04034843785632839 0.5756453124287343 0.07534687457240594 0.5637687502850627
0 0.07831093728620296 0.7223015621436717 0.13288437514253135 0.7080515621436716 0.11983437514253135 0.656989062713797 0.06967812542759408 0.6768796875712656 0.07831093728620296 0.7223015621436717
0 0.24558593728620298 0.8725218745724059 0.3001593751425314 0.8541140627137971 0.278210937286203 0.7935531254275942 0.2333515621436716 0.8122562497149374 0.24558593728620298 0.8725218745724059
0 0.24202812542759408 0 0.168475 0.010390624857468642 0.1927937502850627 0.11310937514253136 0.26715312542759406 0.0855 0.24202812542759408 0
0 0.3333765621436716 0 0.2977875005701254 0.0008906248574686432 0.32210781299885977 0.07689218700114026 0.3569953124287343 0.06323437514253136 0.3333765621436716 0
0 0.36837499999999995 0.3132046875712657 0.4057453124287343 0.2989546875712657 0.3855765621436716 0.2282984378563284 0.3525468745724059 0.23601718700114027 0.36837499999999995 0.3132046875712657
0 0.2930406248574686 0.3417062497149373 0.30905781299885976 0.3286421870011403 0.2871093751425314 0.26451718700114024 0.27249062485746867 0.267189062713797 0.2930406248574686 0.3417062497149373
0 0.3274453124287343 0.7033015621436717 0.34168124971493724 0.6955828129988597 0.3310031254275941 0.664114062713797 0.31676875028506274 0.6688640627137971 0.3274453124287343 0.7033015621436717
0 0.34168124971493724 0.8523328129988597 0.355325 0.8499593751425313 0.33812187457240594 0.778114062713797 0.32586249942987455 0.7784109372862029 0.34168124971493724 0.8523328129988597
0 0.35413750057012544 0.6938015621436716 0.3689671870011403 0.6902374994298747 0.3576968745724059 0.6546140627137971 0.34721093728620295 0.6608484378563284 0.35413750057012544 0.6938015621436716
0 0.37905156214367164 0.6902374994298747 0.39269531242873434 0.6872687502850627 0.3843890627137971 0.6516453124287342 0.3721171870011402 0.6537234378563285 0.37905156214367164 0.6902374994298747
0 0.40040624971493727 0.6843015621436717 0.4134562497149373 0.6771765621436715 0.407525 0.6629265621436716 0.3970234378563284 0.6661921870011402 0.40040624971493727 0.6843015621436717
0 0 0.06976562485746864 0.027892187001140253 0.06026562485746864 0.012468750285062714 0.022265624857468642 0 0.033546874572405926 0 0.06976562485746864
0 0.7610562497149372 0 0.768175 0.02879687457240593 0.820435937286203 0.010687500570125427 0.8185937502850626 0 0.7610562497149372 0
0 0.8773187502850627 0.001484375142531357 0.8316437502850628 0.0008906248574686432 0.8393546875712656 0.02404687457240593 0.888039062713797 0.005343750285062713 0.8773187502850627 0.001484375142531357
0 0.9947671870011403 0.43789218700114024 0.9987546875712657 0.43729999999999997 0.9987546875712657 0.3886124994298745 0.9858687502850627 0.40048593728620296 0.9947671870011403 0.43789218700114024
0 0.9556171870011403 0.6160203124287343 0.9918015621436717 0.6053312497149372 0.9876656248574687 0.5842531254275941 0.9514656248574686 0.5934562497149373 0.9556171870011403 0.6160203124287343