0 0.7925377491448119 0.08764930900798175 0.7985520558722919 0.03042700456100342 0.7254851299885975 0.021243811858608894 0.7114830672748005 0.07495568871151653 0.7925377491448119 0.08764930900798175
0 0.8627063272519954 0.7833198779931585 0.8798457685290764 0.7224938517673889 0.8291291870011402 0.7136864652223488 0.815589110604333 0.7771736180159635 0.8627063272519954 0.7833198779931585
0 0.9489482793614594 1 0.9521124161915621 0.9698952519954389 0.9195650228050171 0.9694202075256556 0.922764629418472 1 0.9489482793614594 1
0 0.7257237890535917 0.9448722428734322 0.7816350114025086 0.9525382394526796 0.7961737263397948 0.8908952622576968 0.7371117092360319 0.8762853158494869 0.7257237890535917 0.9448722428734322
0 0.9259387377423033 0.6247498643101482 0.927611290763968 0.597490992018244 0.8432942941847206 0.5874348768529076 0.8354685119726339 0.616435101482326 0.9259387377423033 0.6247498643101482
0 0.5363266408209807 0.6792321459521095 0.5355768392246294 0.6636449441277081 0.4150553945267959 0.6486995256556443 0.41107929646522234 0.6666635689851768 0.5363266408209807 0.6792321459521095
0 0.5541596738882555 0.6572492177879133 0.5516399338654504 0.6414759885974914 0.42234894184720634 0.6219230364880274 0.4213879817559863 0.6225306043329533 0.413993354618016 0.6389381619156214 0.5541596738882555 0.6572492177879133
0 0.5618511584948689 0.5954301698973775 0.5632123283922463 0.5711189589509692 0.4834651744583809 0.5601857183580388 0.4796184082098061 0.5939451220068415 0.5618511584948689 0.5954301698973775
0 0.4766097103762828 0.6168907012542759 0.5557704891676168 0.6305777354618015 0.5580955849486887 0.6141212485746864 0.4811743854047891 0.6018620729760548 0.4766097103762828 0.6168907012542759
0 0.4646404583808438 0.6001242873432154 0.4218722383124287 0.5866817149372862 0.4146992006841505 0.6038211322690993 0.4609764367160776 0.612264046750285 0.4646404583808438 0.6001242873432154
0 0.5169651904218928 0.31813802394526797 0.5904068608893958 0.32943603534777655 0.5897174047890535 0.31325972748004566 0.5197518848346636 0.3001448061573546 0.5169651904218928 0.31813802394526797
0 0.5342490809578108 0.33546145724059295 0.5326989555302166 0.3502099064994299 0.5826431413911061 0.35784576168757126 0.5864931915621436 0.34393606613454963 0.5342490809578108 0.33546145724059295
0 0.5217391402508552 0.39200261231470923 0.5220225724059293 0.406346755986317 0.580946503990878 0.41659022348916763 0.5770614196123147 0.3996067092360319 0.5217391402508552 0.39200261231470923
0 0.5794456522234892 0.3712270250855188 0.5226958415051312 0.3658594002280502 0.526864661345496 0.3829984241733181 0.578239488027366 0.3883981368301026 0.5794456522234892 0.3712270250855188
0 0.6074840011402508 0.8769768175598631 0.6163594070695553 0.8266145997719498 0.5439548825541619 0.819664441277081 0.5395149030786773 0.8704284275940707 0.6074840011402508 0.8769768175598631