0 0.19274432155074114 0.2076651117445838 0.294210070695553 0.16842089053591788 0.25924668529076395 0.08216335233751425 0.15319791448118586 0.11671101368301026 0.19274432155074114 0.2076651117445838
0 0.9024680832383124 0.7987720125427594 0.8809932919042189 0.7440824287343215 0.7707070695553022 0.7846959281641961 0.788964244013683 0.8366884948688711 0.9024680832383124 0.7987720125427594
0 0.7872033283922464 0.9255614082098061 0.8064378517673888 0.9751000809578108 0.8605147286202965 0.9596375051311288 0.8400092120866591 0.9057900855188142 0.7872033283922464 0.9255614082098061
0 0.6005370490307868 0.9174793797035348 0.5395679179019384 0.9359133363740022 0.5547065165336375 0.9726979578107183 0.615418732041049 0.9513095256556442 0.6005370490307868 0.9174793797035348
0 0.7582082611174459 0.9007095507411631 0.7392560980615736 0.8475857502850628 0.6895252896237172 0.8650364811858609 0.7137116294184721 0.9132682896237172 0.7582082611174459 0.9007095507411631
0 0.8932779635119726 0.72097851995439 0.8701838095781071 0.6682170969213227 0.8117662576966932 0.6953602474344355 0.8343079635119727 0.7384188346636259 0.8932779635119726 0.72097851995439
0 0.024386380843785634 0.8005680855188141 0.04114804446978335 0.8729357160775371 0.14135639908779932 0.8397569771949829 0.10737123945267958 0.7680868768529077 0.024386380843785634 0.8005680855188141
0 0.016424840364880275 0.7095672565564424 0.020413867730900797 0.7449432679589509 0.09400656556442417 0.7140915290763968 0.07736007981755987 0.6805271436716078 0.016424840364880275 0.7095672565564424
0 0.32538737514253135 0.6474044116305587 0.30793456328392244 0.6114182736602053 0.2393050045610034 0.6376683740022806 0.24987310832383122 0.6698996396807297 0.32538737514253135 0.6474044116305587
0 0.36034630330672746 0.7199680410490308 0.3459359635119726 0.7051504116305588 0.2839679110604333 0.7326041915621436 0.2879037274800456 0.7469344435575827 0.36034630330672746 0.7199680410490308
0 0.717567070695553 0.6541791664766249 0.7086369498289624 0.6406701345496009 0.6782186077537058 0.6540503078677309 0.6841911391106043 0.667816526795895 0.717567070695553 0.6541791664766249
0 0.8647904686431015 0.627008472063854 0.8612369315849487 0.6136234982896238 0.791164362599772 0.6370228928164197 0.7925285826681869 0.6492097423033067 0.8647904686431015 0.627008472063854
0 0.705776842645382 0.6284165290763969 0.700933850627138 0.6139539030786774 0.6664282440136831 0.6282861151653364 0.6735528050171038 0.6381887890535918 0.705776842645382 0.6284165290763969
0 0.7000549395667046 0.6039079019384265 0.6959083557582668 0.5905748141391106 0.6611444127708096 0.6019542428734321 0.6642841949828961 0.6139982998859749 0.7000549395667046 0.6039079019384265
0 0.6922804059293044 0.58315182668187 0.6840451368301027 0.5707724697833523 0.6703663044469783 0.5779231197263398 0.6745347742303307 0.588100101482326 0.6922804059293044 0.58315182668187
0 0.39500672405929305 0.01252860433295325 0.3940692576966933 0.008607889395667047 0.3455670273660205 0.012851285062713796 0.35851836602052456 0.024653348916761686 0.39500672405929305 0.01252860433295325
0 0.575869165336374 0.036004737742303304 0.562067102622577 0.0008896681870011403 0.5414296567844925 0.006846946408209806 0.5537527981755986 0.0421070889395667 0.575869165336374 0.036004737742303304