0 0.5483134104903079 0.20227969897377424 0.5407156191562144 0.264158748004561 0.5747505678449258 0.2647484606613455 0.5808698255416191 0.2002950353477765 0.5483134104903079 0.20227969897377424
0 0.6361638209806157 0.1544418950969213 0.634121464082098 0.22956545381984036 0.6747233352337514 0.23514894640820982 0.6808218950969213 0.16112006157354616 0.6361638209806157 0.1544418950969213
0 0.4380431265678449 0 0.4274111710376283 0.09530901596351196 0.6014232941847206 0.10112158608893958 0.6068430330672747 0.009363761687571266 0.5305813135689852 0 0.4380431265678449 0
0 0.4905593671607754 0.6677766202964652 0.484917598631699 0.7478421083238312 0.5196246761687572 0.7527018095781073 0.52275417331813 0.6687370262257697 0.4905593671607754 0.6677766202964652
0 0.5377432155074117 0.7513372337514254 0.5013509703534778 0.7504580809578107 0.4925230604332953 0.8223556431014823 0.5314894914481186 0.8217578118586089 0.5377432155074117 0.7513372337514254
0 0.6044567651083238 0.5393861562143671 0.5985149201824402 0.6170235370581528 0.7117575507411631 0.5914446180159635 0.7154873808437856 0.5464387023945267 0.6044567651083238 0.5393861562143671
0 0.8877084310148233 0.7081654686431015 0.8876182405929305 0.7673770809578107 0.9366080285062715 0.7680083899657925 0.9409786533637401 0.7129116031927024 0.8877084310148233 0.7081654686431015
0 0.853033787913341 1 0.8592709817559863 0.9397699099201825 0.8223086510832383 0.9439055347776512 0.8180431881413911 1 0.853033787913341 1
0 0.6008105872291905 0.8224910820980615 0.6344007411630559 0.8218313375142531 0.6403255518814139 0.7687184321550741 0.6017569281641961 0.7669738460661346 0.6008105872291905 0.8224910820980615
0 1 0.21060903990877994 0.9761387708095781 0.20994280273660204 0.974171818700114 0.2671309247434436 1 0.2675581858608894 1 0.21060903990877994
0 0.7448397297605472 0.395105023945268 0.7682739954389965 0.3991803819840365 0.7728738848346636 0.34710121436716074 0.7497393158494869 0.34545706499429873 0.7448397297605472 0.395105023945268