0 0.6174477514253135 0.47111044127708096 0.6313352132269099 0.42136806385404785 0.561753897377423 0.40325320866590647 0.5481663204104903 0.455425244013683 0.6174477514253135 0.47111044127708096
0 0.48146236830102623 0.4382618939566705 0.4459368905359179 0.430310661345496 0.4397758529076397 0.4756162702394527 0.4726891425313569 0.48175124515393386 0.48146236830102623 0.4382618939566705
0 0.4637915849486887 0.708877054732041 0.4102110342075257 0.6969143101482326 0.39067738426453824 0.758524237172178 0.44107364196123144 0.7757789863169897 0.4637915849486887 0.708877054732041
0 0.15284667502850627 0.5755810216647662 0.10000016647662487 0.5625119885974914 0.06787264082098061 0.65846969327252 0.12047662485746864 0.6682188004561003 0.15284667502850627 0.5755810216647662
0 0.10529335575826683 0.35857444583808434 0.06970751425313569 0.35599968072976057 0.062233553021664764 0.40712617331812995 0.1024501425313569 0.40578295553021665 0.10529335575826683 0.35857444583808434
0 0 0.6041019441277081 0.04225052907639681 0.6110562314709236 0.06119299201824402 0.5033100501710377 0 0.49229417673888254 0 0.6041019441277081
0 0.133616669327252 0.8735239190421893 0.10267437856328392 0.9549694606613455 0.14475368301026226 0.9601361493728621 0.16561509578107184 0.8858277582668187 0.133616669327252 0.8735239190421893
0 0.07476198289623717 0.8752706066134549 0.03909333751425314 0.868498212086659 0.034658491448118584 0.8948730843785633 0.06508678449258837 0.900104732041049 0.07476198289623717 0.8752706066134549
0 0.14278798517673888 0.8232024709236032 0.11353090649942987 0.8178171003420752 0.10476260547320411 0.8502401904218929 0.13558767730900798 0.8594073397947548 0.14278798517673888 0.8232024709236032
0 0.4283822702394527 0.15417237286202964 0.3941197981755986 0.15056367844925883 0.39194372862029647 0.2657523945267959 0.4262520193842645 0.2606926841505131 0.4283822702394527 0.15417237286202964
0 0.9403137502850627 0.7314940820980615 0.9062668061573546 0.7261172246294184 0.9018528506271379 0.7620660057012544 0.9304314663625998 0.7658741231470924 0.9403137502850627 0.7314940820980615
0 0.9511944652223489 0.18965160889395669 0.9649248289623716 0.136303834663626 0.9290497377423033 0.13608481641961231 0.9228161505131128 0.18198130102622576 0.9511944652223489 0.18965160889395669
0 0.6662628050171038 0.12714878791334092 0.5955461721778791 0.12803722006841506 0.5916058494868872 0.14549967844925885 0.6658246111744583 0.14384640820980615 0.6662628050171038 0.12714878791334092
0 0.6580366841505131 0.03820202964652224 0.624890945267959 0.04011433409350057 0.6253376636259976 0.07546508779931586 0.6609225758266819 0.07414980501710378 0.6580366841505131 0.03820202964652224
0 0.47647748460661343 0.0500072748004561 0.42138471835803876 0.055206912200684154 0.42042545381984037 0.08739241277080959 0.47956642759407064 0.08957080957810719 0.47647748460661343 0.0500072748004561
0 0.034949627137970354 0.19559783580387685 0.09241013568985176 0.19547459179019386 0.08035955074116305 0.10336630900798176 0.04616643557582668 0.10365448916761688 0.034949627137970354 0.19559783580387685