0 0.35572163625997716 0.8852097833523375 0.3209489954389966 0.8905237685290763 0.32018473888255417 0.961831496009122 0.3591956316989738 0.9585248859749145 0.35572163625997716 0.8852097833523375
0 0.4769568779931585 0.8642150353477766 0.47575596009122006 0.7963701425313569 0.4428849464082098 0.7994039646522235 0.4374703409350057 0.8686858472063854 0.4769568779931585 0.8642150353477766
0 0.1074569110604333 0.32281774800456103 0.0724643078677309 0.32098386316989735 0.07041331014823261 0.36011921778791334 0.10712743671607754 0.3566906761687571 0.1074569110604333 0.32281774800456103
0 0.22052320752565566 0.20804664082098062 0.22272697491448118 0.1546512998859749 0.19697431584948688 0.15805817901938427 0.1943019110604333 0.2090507001140251 0.22052320752565566 0.20804664082098062
0 0.09504188711516534 0.0944472086659065 0.059674748004561 0.09973003876852908 0.059652798175598626 0.13421364766248575 0.09462817103762827 0.13574934777651082 0.09504188711516534 0.0944472086659065
0 0.4830891778791334 0.39542007069555307 0.45012650057012543 0.4002327833523375 0.45038161687571265 0.4180846624857469 0.48415229418472067 0.412125165336374 0.4830891778791334 0.39542007069555307
0 0.4815538403648803 0.3679911881413911 0.4500257126567845 0.36812099885974914 0.4529332063854048 0.3920575336374002 0.48630021550741165 0.38815785860889396 0.4815538403648803 0.3679911881413911
0 0.11542465792474343 0 0.11493859635119726 0.021169347776510833 0.13626231014823262 0.02199115849486887 0.13582486088939566 0 0.11542465792474343 0
0 0.05592778335233751 0.4889751961231471 0.075436251995439 0.4798899897377423 0.06559928848346637 0.4633212063854048 0.046404085518814135 0.47777391448118584 0.05592778335233751 0.4889751961231471
0 0.0825178905359179 0.4695589566704675 0.09135542873432155 0.4825079737742303 0.10930709236031927 0.4682873774230331 0.1038999521094641 0.4587882462941847 0.0825178905359179 0.4695589566704675
0 0.2071275062713797 0.4523068757126568 0.2206127890535918 0.45598643443557585 0.22145392816419612 0.421545755986317 0.20346754047890536 0.42000856442417334 0.2071275062713797 0.4523068757126568
0 0.4818621448118586 0.35076340136830103 0.48628732725199547 0.3230507685290764 0.44673855872291907 0.3287090125427594 0.44530921550741165 0.3559825210946408 0.4818621448118586 0.35076340136830103