0 0.20989123033067275 0.9422027251995438 0.23449402052451537 0.8938521915621437 0.2030168472063854 0.8758889942987457 0.17820823261117447 0.9333210490307867 0.20989123033067275 0.9422027251995438
0 0.4250424321550741 1 0.43768135233751426 0.9701675461801597 0.39087960091220064 0.9506861185860889 0.3694387981755986 0.9828034583808438 0.4062871527936146 1 0.4250424321550741 1
0 0.5428860900798176 0.3951284241733181 0.47123908437856327 0.3679681071835804 0.45929661687571266 0.40353695324971495 0.5293807423033067 0.4312727160775371 0.5428860900798176 0.3951284241733181
0 0.40171933295324974 0.23673384150513113 0.3458112394526796 0.2236813842645382 0.3372884218928164 0.2607558494868871 0.38611282668187 0.2753588084378563 0.40171933295324974 0.23673384150513113
0 0.4811328403648803 0.32160826339794757 0.49948218586088944 0.2821982063854048 0.4258765940706955 0.25417900798175597 0.40993230102622574 0.2901504435575827 0.4811328403648803 0.32160826339794757
0 0.5424325610034207 0.17393900114025085 0.5128111413911061 0.1562514937286203 0.4959743454960091 0.1905715724059293 0.5276915074116306 0.2030662668187001 0.5424325610034207 0.17393900114025085
0 0.48848111858608895 0.10025057924743444 0.49349682554161917 0.0637929236031927 0.46068106727480046 0.058726856328392245 0.45056427251995435 0.08764323603192703 0.48848111858608895 0.10025057924743444
0 0.65009269327252 0.21404075142531356 0.6646613192702394 0.17710606499429876 0.6308127149372862 0.166191433295325 0.620919118586089 0.20230337286202965 0.65009269327252 0.21404075142531356
0 0.6929357240592929 0.023200278221208667 0.6722167582668187 0.06966016989737742 0.704142046750285 0.09357503534777652 0.7293618084378564 0.03848370809578107 0.6929357240592929 0.023200278221208667
0 0.8165838061573546 0.3384258118586089 0.7862056134549601 0.3232849692132269 0.7668259771949829 0.3547374150513113 0.801326078677309 0.3748806818700114 0.8165838061573546 0.3384258118586089
0 0.8197504948688712 0.5886793979475485 0.795147197263398 0.565285370581528 0.7766337548460661 0.5845268939566705 0.8068653557582668 0.6078344503990879 0.8197504948688712 0.5886793979475485
0 0.1001296716077537 0.6920544925883694 0.0870043842645382 0.7269259509692132 0.11944327023945268 0.7435137537058153 0.1319147765108324 0.7015242474344355 0.1001296716077537 0.6920544925883694
0 0.10596192018244015 0.3220438791334093 0.11578800342075257 0.27871051653363743 0.06833242189281642 0.2726083865450399 0.053075962371721776 0.30906144697833526 0.10596192018244015 0.3220438791334093
0 0.24351806841505133 0.41897542531356896 0.23523815621436717 0.4608287502850627 0.29032169099201827 0.4692049087799316 0.29427120296465226 0.4232902873432155 0.24351806841505133 0.41897542531356896
0 0.20183584492588372 0.4046203819840365 0.18726721778791333 0.44155506841505127 0.2266913181299886 0.45721264424173313 0.2410434218928164 0.4151898175598632 0.20183584492588372 0.4046203819840365
0 0.7518020467502851 0.11108529532497148 0.7647207434435576 0.0647933968072976 0.735167109464082 0.05432885062713797 0.7167165803876853 0.10340489053591789 0.7518020467502851 0.11108529532497148
0 0.18736296009122008 0.24738861687571265 0.17042306043329533 0.2811239669327252 0.21879362941847205 0.304850590649943 0.2357465849486887 0.26900275712656785 0.18736296009122008 0.24738861687571265
0 0.3429875724059293 0.1120269897377423 0.3098963945267959 0.10881821436716077 0.300207417331813 0.16659723033067275 0.33340170011402503 0.17039073660205242 0.3429875724059293 0.1120269897377423
0 0.28769771835803876 0.09223192816419612 0.25364328848346634 0.09039881870011403 0.24457260091220068 0.12093788369441277 0.28398692816419613 0.1326798574686431 0.28769771835803876 0.09223192816419612
0 0 0.380575157354618 0.021496326111744582 0.38274746180159636 0.0334887913340935 0.3209448209806158 0 0.3163008141391106 0 0.380575157354618
0 0.7387113192702395 0.2110648905359179 0.747335701254276 0.17457542645381985 0.7321126887115165 0.1736421961231471 0.7214155872291904 0.20989422805017102 0.7387113192702395 0.2110648905359179
0 0.7647216830102623 0.12629159064994297 0.7511482166476625 0.1244645929304447 0.747228393386545 0.14113286659064994 0.7641032839224629 0.1432820992018244 0.7647216830102623 0.12629159064994297
0 0.7698097468643101 0.20980176510832382 0.7541049965792475 0.19930692702394526 0.7441409030786773 0.21583514937286205 0.7644152953249714 0.22703309806157354 0.7698097468643101 0.20980176510832382
0 0.7759260843785633 0.18641563740022804 0.7525583318129988 0.18028654047890538 0.754909724059293 0.19494466476624858 0.7694313842645383 0.20082642531356898 0.7759260843785633 0.18641563740022804