0 0.3279920843785633 0.6894371060433295 0.34217918700114025 0.6456305028506271 0.29038150513112887 0.6299590820980615 0.27724791448118585 0.6820258916761688 0.3279920843785633 0.6894371060433295
0 0.1059037046750285 0.2756671527936146 0.051819192702394525 0.2639236202964652 0.046987296465222345 0.2767367343215507 0.09985486088939566 0.2890110558722919 0.1059037046750285 0.2756671527936146
0 0.165891157354618 0.29960039110604336 0.17150391562143671 0.2832623740022805 0.11642622690992019 0.27345232497149374 0.11536434549600913 0.28804174458380843 0.165891157354618 0.29960039110604336
0 0.0691229543899658 0.31947723717217785 0.07576637628278221 0.30616293044469783 0.03310968301026226 0.29759057924743443 0.032547188141391105 0.31399612314709235 0.0691229543899658 0.31947723717217785
0 0 0.604621322690992 0.05384489509692132 0.6166724424173318 0.05781029190421893 0.603405542759407 0.0019470524515393386 0.5915672257696692 0 0.6018007001140251 0 0.604621322690992
0 0 0.6321433911060433 0.04336957696693273 0.6464087080957811 0.050983761687571266 0.6315587274800457 0 0.6166249110604333 0 0.6321433911060433
0 0.17699190763968073 0.7231039441277081 0.18743820296465225 0.6939513329532497 0.15113695553021664 0.6832320946408209 0.14029200798175598 0.7199914538198403 0.17699190763968073 0.7231039441277081
0 0.05348872976054732 0.8900753660205245 0.06471424515393387 0.8573993318129989 0.025778148232611174 0.8459036328392247 0.02062578905359179 0.8818191368301026 0.05348872976054732 0.8900753660205245
0 0.6892422873432156 0.7962805302166477 0.7015854218928165 0.7422790752565565 0.6009508312428734 0.7281835769669327 0.5872215997719498 0.7802410729760547 0.6892422873432156 0.7962805302166477
0 0.5101615381984037 0.8552029817559863 0.5150260695553022 0.8417970114025086 0.44444825199543897 0.8384502303306727 0.4444371915621437 0.8499763854047891 0.5101615381984037 0.8552029817559863
0 0.6239152565564424 0.8742324709236031 0.6297779270239453 0.8531557274800456 0.5754234344355758 0.840861370581528 0.5707062006841506 0.8684742075256556 0.6239152565564424 0.8742324709236031
0 0.5913797639680729 0.9164829099201823 0.6028877160775371 0.8897626339794754 0.5634054036488028 0.8829870034207525 0.5636048996579247 0.9132451619156214 0.5913797639680729 0.9164829099201823
0 0.794741441277081 0.870711748004561 0.8042750205245154 0.8135949201824402 0.7612080296465222 0.8071790513112885 0.7473177069555302 0.8623401835803877 0.794741441277081 0.870711748004561
0 0.8513606556442417 0.9021899828962371 0.8108206180159635 0.892936850627138 0.8006613865450399 0.9506170193842646 0.8363043660205246 0.962581637400228 0.8513606556442417 0.9021899828962371
0 0.9817446259977195 0.796759889395667 0.9831447639680729 0.7813886636259978 0.9404502565564423 0.7678653603192702 0.9356167183580387 0.7806799543899658 0.9817446259977195 0.796759889395667
0 0.9831341459521095 0.8110881847206386 0.9328755017103763 0.7989505917901938 0.9272317502850627 0.8158799851767389 0.9820333318129989 0.8252859692132269 0.9831341459521095 0.8110881847206386
0 0.8539003147092361 0.6041409954389966 0.8611676647662486 0.5902663865450399 0.8034999806157355 0.5731216716077537 0.8022481368301025 0.5913358050171037 0.8539003147092361 0.6041409954389966