0 0.6542748403648803 0.13220151539338654 0.6569783420752565 0.1850217525655644 0.7094953717217788 0.18285331128848348 0.7106517742303308 0.13002977080957812 0.6542748403648803 0.13220151539338654
0 0.6930869236031927 0.3144784743443558 0.7247581824401369 0.32580558608893956 0.7437788551881414 0.2928029783352337 0.7076121174458381 0.27908833523375143 0.6930869236031927 0.3144784743443558
0 0.2889280125427594 0.05660680843785633 0.2958003067274801 0.0760882748004561 0.3420755963511973 0.056541745724059296 0.33555761459521094 0.04034834549600912 0.2889280125427594 0.05660680843785633
0 0.33867157354618016 0.1846362884834664 0.351832921322691 0.22420636716077538 0.43258382554161917 0.18953241391106046 0.4186642098061574 0.15764236259977196 0.33867157354618016 0.1846362884834664
0 0.29798168415051307 0.26910147662485745 0.3429251870011402 0.2582201345496009 0.3224557936145952 0.20831508551881414 0.28168624059293046 0.22008465450399087 0.29798168415051307 0.26910147662485745
0 0.4763449384264538 0.3491492371721779 0.506956094640821 0.3337642177879134 0.48230120524515396 0.2821303911060433 0.4482177537058153 0.3027143021664766 0.4763449384264538 0.3491492371721779
0 0.3265224982896237 0.47531759064994294 0.3481637468643102 0.4903843808437856 0.36955905701254277 0.4573403238312429 0.33709131584948687 0.43431439452679593 0.3265224982896237 0.47531759064994294
0 0.06137995553021665 1 0.08113265564424174 0.9779721037628278 0.019873530216647665 0.9386805507411631 0.009038218928164195 0.9507183603192702 0.010201683010262258 1 0.06137995553021665 1
0 0.16004030102622577 1 0.10928624743443557 0.9578776944127707 0.06838344925883694 1 0.16004030102622577 1
0 0.4075933021664766 0.8671342599771951 0.37343180273660204 0.8493152474344355 0.34325158380843784 0.8893886932725199 0.3733758711516534 0.9140635849486888 0.4075933021664766 0.8671342599771951
0 0.5550499042189282 0.7416010433295325 0.5775750125427593 0.773283063854048 0.6275074583808438 0.7421178129988597 0.600168834663626 0.7067489270239452 0.5550499042189282 0.7416010433295325
0 0.45807806955530217 0.4593582611174458 0.45747120524515394 0.4926332953249715 0.4930623375142531 0.4903821140250855 0.4966659407069555 0.45868470809578105 0.45807806955530217 0.4593582611174458
0 0.03128538882554162 0.8440013409350057 0.008115695553021664 0.8978670364880273 0.10782786316989738 0.9424586111744584 0.13538030102622575 0.8879241356898517 0.03128538882554162 0.8440013409350057
0 0.860858567844926 0.26402870923603194 0.9299568152793615 0.2081752109464082 0.8959711904218929 0.14931093842645382 0.8163693352337514 0.1988717936145952 0.860858567844926 0.26402870923603194