0 0.05932115735461802 0.4850862633979476 0.09238354389965793 0.479101425313569 0.08271612770809579 0.427162755986317 0.045506083238312435 0.4359206123147092 0.05932115735461802 0.4850862633979476
0 0.16449236259977196 0.08709158836944128 0.17807114937286203 0.1270376282782212 0.21403018472063856 0.11783516761687571 0.20189176510832382 0.07743993158494869 0.16449236259977196 0.08709158836944128
0 0.31271008551881413 0.32711908323831246 0.34902936944127705 0.3208634344355758 0.3412230467502851 0.286518157354618 0.3085844275940707 0.29351829418472064 0.31271008551881413 0.32711908323831246
0 0.31458359635119726 0.15480479247434434 0.31913750741163055 0.17972619498289624 0.3845023922462942 0.16152927023945268 0.37792656898517674 0.13720560775370583 0.31458359635119726 0.15480479247434434
0 0.8786482930444698 0.20557068643101484 0.8828312177879133 0.25911313911060435 0.9230256145952109 0.2551728038768529 0.9224771094640821 0.20198538654503992 0.8786482930444698 0.20557068643101484
0 0.824183590649943 0.32714571607753706 0.8223461596351197 0.28538492702394525 0.756049110604333 0.2984131778791334 0.7600197936145953 0.3356238244013683 0.824183590649943 0.32714571607753706
0 0.47320150513112885 0.21645869099201825 0.4843841208665906 0.25150554503990874 0.5225811128848347 0.23373365792474346 0.5072581014823261 0.20150615735461802 0.47320150513112885 0.21645869099201825
0 0.5528036932725199 0.4360286408209806 0.5930142748004561 0.4273352805017103 0.586054401368301 0.4096406442417332 0.5500851117445839 0.4236316100342075 0.5528036932725199 0.4360286408209806
0 0.47953142645381985 0.42391643899657927 0.4908933090079818 0.45798729532497146 0.547026472063854 0.44255636374002283 0.5367163911060433 0.40732051653363743 0.47953142645381985 0.42391643899657927
0 0.4166548301026226 0.3576303945267959 0.4295210900798176 0.3917605438996579 0.46805469213226913 0.38403816647662486 0.4573741071835804 0.35064401368301024 0.4166548301026226 0.3576303945267959
0 0.11343101824401369 0.08291609007981755 0.19544774458380842 0.07611381299885975 0.19199707525655646 0.055318399087799314 0.11287264880273659 0.06862448574686432 0.11343101824401369 0.08291609007981755
0 0.1693241881413911 0.4041488472063854 0.17442493044469784 0.4188949498289624 0.21150050969213227 0.40416994070695555 0.2023917149372862 0.39332103192702395 0.1693241881413911 0.4041488472063854
0 0.17745014367160775 0.42648125427594075 0.18344066590649943 0.43872999429874576 0.2166703511972634 0.43165885632839224 0.21244137856328393 0.4118327069555302 0.17745014367160775 0.42648125427594075
0 0.16502959407069556 0.3472480969213227 0.1713844732041049 0.360028267958951 0.21066237514253136 0.3486236750285062 0.20333180843785634 0.3327691824401368 0.16502959407069556 0.3472480969213227
0 0.1803073409350057 0.3888509965792475 0.21317522576966935 0.3788332383124287 0.2081295952109464 0.36209998175598634 0.1763664481185861 0.37138388597491445 0.1803073409350057 0.3888509965792475