0 0.9304446978335233 0.3939566704675028 0.06271379703534778 0.06385404789053592
0 0.9572405929304447 0.22462941847206386 0.053591790193842644 0.05017103762827822
0 0.8460661345496009 0.1556442417331813 0.06385404789053592 0.0661345496009122
0 0.5558722919042189 0.4823261117445838 0.06385404789053592 0.04561003420752566
0 0.2668187001140251 0.82212086659065 0.08779931584948689 0.06727480045610035
0 0.44640820980615736 0.23204104903078676 0.07525655644241733 0.09350057012542759
0 0.8084378563283923 0.20980615735461802 0.06727480045610035 0.06955530216647662
0 0.01710376282782212 0.7508551881413911 0.03420752565564424 0.06727480045610035
0 0.27879133409350054 0.4606613454960091 0.05701254275940707 0.053591790193842644
0 0.029076396807297605 0.8802736602052451 0.05815279361459521 0.05473204104903079
0 0.7713797035347777 0.04446978335233751 0.04789053591790194 0.03534777651083238
0 0.9059293044469784 0.250285062713797 0.036488027366020526 0.06043329532497149
0 0.8021664766248575 0.9179019384264538 0.07183580387685291 0.06271379703534778
0 0.6619156214367161 0.029646522234891677 0.04903078677309008 0.03192702394526796