0 0.8449258836944128 0.80672748004561 0.07525655644241733 0.055872291904218926
0 0.3973774230330673 0.5216647662485747 0.07069555302166476 0.06955530216647662
0 0.13568985176738882 0.3831242873432155 0.06841505131128849 0.06157354618015964
0 0.8454960091220068 0.9264538198403649 0.0661345496009122 0.07183580387685291
0 0.07297605473204105 0.7377423033067275 0.07639680729760548 0.06727480045610035
0 0.19954389965792474 0.8808437856328393 0.06841505131128849 0.06157354618015964
0 0.10832383124287344 0.7753705815279361 0.06385404789053592 0.059293044469783354
0 0.7599771949828963 0.3751425313568985 0.05131128848346636 0.037628278221208664
0 0.75769669327252 0.3352337514253136 0.052451539338654506 0.03876852907639681
0 0.5969213226909921 0.8740022805017104 0.10262257696693272 0.05131128848346636
0 0.5296465222348917 0.5136830102622577 0.07297605473204105 0.05473204104903079