0 0.10718358038768529 0.2576966932725199 0.06841505131128849 0.04446978335233751
0 0.5974914481185861 0.4606613454960091 0.06157354618015964 0.059293044469783354
0 0.879133409350057 0.5518814139110604 0.06043329532497149 0.05131128848346636
0 0.08551881413911061 0.1402508551881414 0.055872291904218926 0.06271379703534778
0 0.879133409350057 0.19156214367160776 0.06727480045610035 0.055872291904218926
0 0.7297605473204105 0.07297605473204105 0.06043329532497149 0.05131128848346636
0 0.8380843785632839 0.16077537058152794 0.055872291904218926 0.05017103762827822
0 0.26567844925883694 0.6681870011402509 0.046750285062713795 0.029646522234891677
0 0.2748004561003421 0.7069555302166477 0.04789053591790194 0.03078677309007982
0 0.33979475484606614 0.14823261117445838 0.09806157354618016 0.03534777651083238
0 0.8437856328392246 0.9737742303306728 0.05131128848346636 0.05017103762827822
0 0.46864310148232613 0.49144811858608894 0.0661345496009122 0.04446978335233751
0 0.02394526795895097 0.036488027366020526 0.04789053591790194 0.037628278221208664