0 0.331976054732041 0.8849179019384265 0.33393044469783356 0.8147901938426454 0.28506271379703535 0.813290763968073 0.28245610034207524 0.8731972633979476 0.331976054732041 0.8849179019384265
0 0.8115324971493729 0.8302212086659065 0.7379053591790194 0.818049030786773 0.742466362599772 0.8640809578107184 0.8050171037628279 0.8640809578107184 0.8115324971493729 0.8302212086659065
0 0.15605131128848346 0.7025929304446978 0.22642075256556443 0.7072816419612314 0.22381527936145953 0.6752440136830102 0.15996123147092361 0.6713375142531357 0.15605131128848346 0.7025929304446978
0 0.03485860889395667 0.73384834663626 0.09610718358038768 0.7382314709236032 0.09871265678449259 0.6856624857468643 0.03225313568985177 0.6830581527936146 0.03485860889395667 0.73384834663626
0 0.6199703534777652 0.8445461801596351 0.5782702394526795 0.8392246294184721 0.5756636259977195 0.8771049030786773 0.6225769669327252 0.8810114025085519 0.6199703534777652 0.8445461801596351
0 0.22772405929304446 0.5046396807297606 0.28506271379703535 0.5118095781071836 0.28506271379703535 0.48119726339794755 0.22642075256556443 0.4785929304446978 0.22772405929304446 0.5046396807297606
0 0.7007662485746864 0.4655701254275941 0.7688551881413911 0.47108665906499425 0.7620136830102622 0.4343135689851767 0.6994629418472064 0.43040706955530217 0.7007662485746864 0.4655701254275941
0 0.18341733181299885 0.27803534777651084 0.22642075256556443 0.2805017103762828 0.22772405929304446 0.23896579247434435 0.187327251995439 0.23766248574686433 0.18341733181299885 0.27803534777651084
0 0.1951459521094641 0.19468643101482327 0.1514903078677309 0.19091106043329534 0.14953591790193843 0.23115165336374002 0.19123603192702393 0.23896579247434435 0.1951459521094641 0.19468643101482327
0 0.13650399087799317 0.09180273660205245 0.20166134549600911 0.09440706955530216 0.19644925883694414 0.052733181299885974 0.13389851767388825 0.05012770809578108 0.13650399087799317 0.09180273660205245
0 0.37107069555302163 0.12957012542759408 0.4153774230330673 0.13389851767388825 0.41928620296465224 0.0670581527936146 0.37497947548460664 0.06184948688711516 0.37107069555302163 0.12957012542759408
0 0.9001470923603192 0.21422120866590652 0.8910250855188141 0.2571984036488027 0.9382633979475484 0.26095438996579245 0.9405438996579247 0.2585005701254276 0.9405438996579247 0.2168255416191562 0.9001470923603192 0.21422120866590652