0 0.6696621265678449 0.40493627137970356 0.6372875883694412 0.4076898072976055 0.6325984846066134 0.48639989053591787 0.667299014823261 0.487005590649943 0.6696621265678449 0.40493627137970356
0 0.6028328882554161 0.5771142941847206 0.593986236031927 0.6565831767388826 0.6230309418472064 0.6546017468643102 0.6325410193842645 0.5776328517673888 0.6028328882554161 0.5771142941847206
0 0.5576635279361459 0.5531033945267959 0.5466092645381984 0.6640493762827823 0.5723119509692132 0.663668929304447 0.5916233614595211 0.5545252542759407 0.5576635279361459 0.5531033945267959
0 0.5303593808437856 0.6927952394526795 0.5448002257696694 0.5777606476624857 0.5133124344355758 0.5772110262257697 0.4968326259977195 0.6903442930444699 0.5303593808437856 0.6927952394526795
0 0.6207376875712656 0.501122157354618 0.6347114994298746 0.3653453546180159 0.5998661014823261 0.36722439224629416 0.5882404743443558 0.5022142337514254 0.6207376875712656 0.501122157354618
0 0.585816015963512 0.45987242759407065 0.5901433147092361 0.40189008779931584 0.5553847411630559 0.39879496807297604 0.5517838255416192 0.46259588939566704 0.585816015963512 0.45987242759407065
0 0.5270085302166477 0.40991146294184716 0.4971483363740023 0.4110484287343215 0.4850743238312429 0.48548416419612317 0.5158895233751425 0.48954709806157354 0.5270085302166477 0.40991146294184716
0 0.492409157354618 0.39769572519954394 0.46346462257696697 0.3938730022805017 0.45162104903078676 0.4550416396807298 0.48117552451539336 0.4588750102622577 0.492409157354618 0.39769572519954394
0 0.41173916989737747 0.5555319475484607 0.38983994070695555 0.6704363534777651 0.41885683124287343 0.670113755986317 0.4431807537058153 0.5567034344355758 0.41173916989737747 0.5555319475484607
0 0.40914859407069554 0.5140174709236032 0.38020405929304446 0.510194748004561 0.33606999429874573 0.7117972827822121 0.3740096385404789 0.7182654230330673 0.40914859407069554 0.5140174709236032
0 0.3347635553021665 0.7391446670467503 0.322063330672748 0.8019576704675028 0.3510501470923603 0.8032927251995439 0.363211015963512 0.7429587149372862 0.3347635553021665 0.7391446670467503
0 0.29051375256556444 0.7574493067274801 0.2828722485746864 0.8153737970353477 0.3135456921322691 0.8150789749144811 0.3235726202964652 0.7567821482326111 0.29051375256556444 0.7574493067274801
0 0.3790067867730901 0.43635644925883693 0.372243094640821 0.3964273078677309 0.3439982702394527 0.40008201710376284 0.3467283694412771 0.4399407514253136 0.3790067867730901 0.43635644925883693
0 0.34176168415051306 0.4332190672748005 0.3414499965792474 0.356078732041049 0.3082332953249715 0.3596466567844926 0.308361503990878 0.44030770125427593 0.34176168415051306 0.4332190672748005
0 0.3791253021664766 0.47699982782212086 0.3459665108323831 0.4772501277080958 0.2994655929304447 0.7194526579247434 0.3304611220068415 0.7185419258836944 0.3791253021664766 0.47699982782212086
0 0.32201609350057014 0.5672369464082098 0.34113936716077536 0.46887156100342076 0.3079794161915621 0.4691229817559863 0.2916265496009122 0.5675355838084378 0.32201609350057014 0.5672369464082098
0 0.27408922348916764 0.41627831356898515 0.27814152337514253 0.3740507001140251 0.24584052223489167 0.3726566556442417 0.24244676396807296 0.41531201824401365 0.27408922348916764 0.41627831356898515
0 0.2594746898517674 0.5412634994298746 0.26349807525655644 0.5006924184720639 0.23201028392246292 0.5001427970353478 0.22778447092360318 0.5425760786773091 0.2594746898517674 0.5412634994298746
0 0.2388279064994299 0.6794122314709236 0.24814155074116304 0.6206878392246294 0.2158104549600912 0.6209525872291904 0.20777656328392247 0.6790777856328392 0.2388279064994299 0.6794122314709236
0 0.2244883740022805 0.7886426898517673 0.23211541049030787 0.7315470364880273 0.2015288118586089 0.7268665610034208 0.19229502964652223 0.7938866545039909 0.2244883740022805 0.7886426898517673
0 0.22222960775370582 0.5381249771949829 0.2301472314709236 0.46444692018244016 0.2036892257696693 0.4606664583808438 0.1925446841505131 0.5419609657924743 0.22222960775370582 0.5381249771949829
0 0.23466658380843786 0.44296037742303307 0.2392399087799316 0.3708832633979475 0.21109527594070696 0.36873267958950967 0.20394971835803877 0.44574284834663624 0.23466658380843786 0.44296037742303307
0 0.20132532497149372 0.6868443717217788 0.20260280957810717 0.6611557993158494 0.1719583409350057 0.6597906681870012 0.17137494298745726 0.6857000547320411 0.20132532497149372 0.6868443717217788