0 0.7712077046750285 0.7660742759407069 0.8297514561003422 0.779043944127708 0.8498930820980616 0.7323115758266819 0.7811701482326112 0.7182093295324972 0.7712077046750285 0.7660742759407069
0 0.9006535917901939 0.32443924059293044 0.9115154139110604 0.2628387867730901 0.8793014572405929 0.2505426921322691 0.8545289828962371 0.3209375929304447 0.9006535917901939 0.32443924059293044
0 0.6246226898517674 0.8024196579247435 0.6096874002280501 0.8646252622576966 0.6397890250855188 0.8739032280501711 0.6566260307867732 0.8054170433295325 0.6246226898517674 0.8024196579247435
0 0.61315903990878 0.9274308392246294 0.5990536978335234 0.9924284526795895 0.6495247103762827 0.9986821870011403 0.6644769475484607 0.9391252383124288 0.61315903990878 0.9274308392246294
0 0.8845146830102623 0.49096945381984036 0.8965082497149374 0.44544718814139106 0.8601443831242873 0.4416820820980616 0.8476625290763968 0.48182459977194986 0.8845146830102623 0.49096945381984036
0 0.4441594515393386 0.7084068449258837 0.43141161459521093 0.7657056647662486 0.4572889726339795 0.7689451299885974 0.4743066955530217 0.7137226180159636 0.4441594515393386 0.7084068449258837
0 0.4808096921322691 0.23056056442417333 0.4661007183580388 0.29148266248574684 0.5009558859749145 0.296305157354618 0.5182121311288483 0.23020857696693273 0.4808096921322691 0.23056056442417333
0 0.19565126795895096 0.7228113432155073 0.18735292930444697 0.7623681151653364 0.2264334857468643 0.7732293090079818 0.2363298449258837 0.7313074857468643 0.19565126795895096 0.7228113432155073
0 0.17437861459521095 0.7984547194982896 0.1893151881413911 0.7587450353477765 0.14638748004561003 0.7472054846066135 0.1350887434435576 0.789542315849487 0.17437861459521095 0.7984547194982896
0 0 0.7831642086659065 0.034883750285062715 0.7870909771949829 0.04876297377423033 0.7233757468643102 0.006817135689851767 0.7212720558722919 0 0.7523163876852907 0 0.7831642086659065
0 0.05961970809578107 0.5043080102622577 0.046796391106043334 0.5470371436716077 0.11280944925883694 0.5626461060433295 0.12476586545039908 0.5197641151653364 0.05961970809578107 0.5043080102622577
0 0.2976272428734322 0.016976223489167615 0.2880476442417332 0.05630707525655644 0.3287878985176739 0.07275340935005702 0.3406896704675028 0.026884973774230332 0.3386691345496009 0.024213015963511973 0.2976272428734322 0.016976223489167615