0 0.03320081641961231 0.6275506898517673 0.12941010262257696 0.6266052075256557 0.12456897491448118 0.5660038916761688 0.033372222348916764 0.571006369441277 0.03320081641961231 0.6275506898517673
0 0.04662380273660205 0.7407208129988598 0.10618097833523375 0.7364939030786773 0.10536348460661345 0.6887144207525656 0.044407228050171034 0.6905384937286203 0.04662380273660205 0.7407208129988598
0 0.07687682668187 0.6794864606613455 0.15920940820980617 0.677415196123147 0.1564605598631699 0.6512616522234892 0.07162897149372861 0.6586494846066134 0.07687682668187 0.6794864606613455
0 0.2486877776510832 0.30699074686431016 0.30869123945267957 0.296101441277081 0.29739573888255416 0.27590009806157356 0.2340502497149373 0.28408515735461803 0.2486877776510832 0.30699074686431016
0 0.9188369441277081 0.1815561071835804 0.8692225541619156 0.17857308779931585 0.8696525849486888 0.20811413911060433 0.9162833147092361 0.21543507981755985 0.9188369441277081 0.1815561071835804
0 0.9216329042189282 0.13543078221208665 0.8510258905359178 0.1327130992018244 0.8562924994298746 0.16826957126567846 0.9249680410490307 0.16716249486887114 0.9216329042189282 0.13543078221208665
0 0.8699953968072975 0.09502549942987457 0.7660835210946407 0.08813685404789053 0.7695619749144812 0.1284972063854048 0.8731717753705815 0.1252467172177879 0.8699953968072975 0.09502549942987457
0 0.8700844857468643 0.052239038768529075 0.7671845644241734 0.044069985176738886 0.7691746659064994 0.08117812998859748 0.8690424834663626 0.08595913340935006 0.8700844857468643 0.052239038768529075
0 0.31518923717217784 0.7797146009122007 0.39675410490307866 0.7848909954389967 0.40392031356898517 0.765804755986317 0.31598902736602047 0.7582419908779932 0.31518923717217784 0.7797146009122007
0 0.4073446590649943 0.754751141391106 0.4036044754846066 0.730074189281642 0.3153605233751425 0.7231691470923604 0.3133656077537058 0.7478228768529076 0.4073446590649943 0.754751141391106
0 0.4984632736602052 1 0.5170284378563283 0.998357165336374 0.5127334971493729 0.9865865541619157 0.4425463261117446 0.9878525096921322 0.4435489874572406 1 0.4984632736602052 1