0 0.907259977194983 0.66618244013683 0.8236408209806158 0.6631436716077537 0.82212086659065 0.7269566704675029 0.9042189281641961 0.731515393386545 0.907259977194983 0.66618244013683
0 0.6837708095781072 0.5552668187001141 0.770429874572406 0.5598255416191562 0.7689087799315849 0.49753135689851763 0.6883318129988598 0.48993386545039913 0.6837708095781072 0.5552668187001141
0 0.3719498289623717 0.5110535917901938 0.43443557582668185 0.5167616875712656 0.43397947548460664 0.49920296465222347 0.37377423033067275 0.49099771949828963 0.3719498289623717 0.5110535917901938
0 0.43671607753705816 0.4928209806157355 0.43671607753705816 0.4700114025085519 0.3774230330672748 0.4636488027366021 0.37651083238312427 0.48735119726339793 0.43671607753705816 0.4928209806157355
0 0.6702394526795895 0.20657012542759406 0.7297605473204105 0.20889395667046748 0.7204104903078676 0.17192816419612317 0.6656784492588369 0.16828164196123147 0.6702394526795895 0.20657012542759406
0 0.6738882554161916 0.22485746864310147 0.6702394526795895 0.19927708095781071 0.631927023945268 0.20018928164196123 0.6301026225769669 0.2211562143671608 0.6738882554161916 0.22485746864310147
0 0.637400228050171 0.16828164196123147 0.6396807297605474 0.19293044469783352 0.6629418472063854 0.19289623717217785 0.6638540478905359 0.169193842645382 0.637400228050171 0.16828164196123147
0 0.6063854047890536 0.25397491448118586 0.6670467502850627 0.2522234891676169 0.6656784492588369 0.22753819840364878 0.603648802736602 0.22753819840364878 0.6063854047890536 0.25397491448118586
0 0.3692132269099202 0.5584583808437856 0.45039908779931587 0.5657514253135689 0.45039908779931587 0.5219931584948689 0.3710376282782212 0.5174355758266819 0.3692132269099202 0.5584583808437856
0 0.839908779931585 0.1544618015963512 0.9441277080957811 0.15872291904218927 0.9402508551881414 0.10523375142531358 0.8389965792474344 0.09611744583808438 0.839908779931585 0.1544618015963512
0 0.8864310148232611 0.08700114025085519 0.9555302166476625 0.09144811858608894 0.9530216647662485 0.025010262257696696 0.8873432155074117 0.023187001140250855 0.8864310148232611 0.08700114025085519
0 0.4549600912200684 0.1398757126567845 0.5416191562143672 0.148460661345496 0.5370581527936146 0.10523375142531358 0.45678449258836945 0.0970285062713797 0.4549600912200684 0.1398757126567845
0 0.6100342075256556 0.06056328392246294 0.6761687571265679 0.06408209806157356 0.6766248574686431 0.006777651083238312 0.6109464082098061 0.0022200684150513114 0.6100342075256556 0.06056328392246294