0 0.7247005655644242 0.28404003420752566 0.6944126066134549 0.1756806259977195 0.6723165952109464 0.18119772633979475 0.7079589714937286 0.288844574686431 0.7247005655644242 0.28404003420752566
0 0.7745582964652225 0.13630784378563285 0.7637792702394527 0.09629462941847207 0.722857969213227 0.10559427366020524 0.7358479486887115 0.1477648859749145 0.7745582964652225 0.13630784378563285
0 0.7205279566704674 0.3023749612314709 0.6135590581527935 0.20962058608893958 0.600493110604333 0.22535542189281643 0.7073254697833523 0.3167444629418472 0.7205279566704674 0.3023749612314709
0 0.6666611060433295 0.31187314025085516 0.6242539338654504 0.25057490992018244 0.6051388380843786 0.2569558038768529 0.6472799236031926 0.32270074914481184 0.6666611060433295 0.31187314025085516
0 0.7465448289623717 0.8961597457240593 0.7448555473204104 0.8760796088939566 0.7237840136830104 0.8825739076396808 0.7326804994298746 0.9574227274800455 0.7642868164196123 0.9495339988597491 0.7561030535917902 0.8926218278221209 0.7465448289623717 0.8961597457240593
0 0.6792638449258837 0.8978341972633979 0.6895600262257697 0.9719730763968073 0.7187110273660205 0.9640541505131129 0.7127391117445837 0.9099939258836944 0.6936283911060434 0.9110479794754845 0.6879248494868871 0.8944544834663627 0.6792638449258837 0.8978341972633979
0 0.6739283169897378 0.9673191858608894 0.6662379771949829 0.9089306020524516 0.6346395895096921 0.917744205245154 0.6423481470923603 0.9719613489167618 0.6739283169897378 0.9673191858608894
0 0.44853478221208665 0.9542645952109464 0.4480085245153934 0.9145276556442418 0.4073973534777651 0.915204590649943 0.41320508665906497 0.9586416282782212 0.44853478221208665 0.9542645952109464
0 0.5371778882554162 1 0.5386770661345496 0.9997356545039908 0.5333471778791334 0.9680243397947549 0.5091076556442418 0.9722984218928165 0.5108165438996579 1 0.5371778882554162 1
0 0.50325169327252 1 0.5008686647662486 0.9728249053591791 0.4834945860889395 0.9740358779931585 0.4866865974914481 1 0.50325169327252 1
0 0.4815934834663626 1 0.4799035165336374 0.9904157194982897 0.46252831470923605 0.9916268905359179 0.46426757924743445 1 0.4815934834663626 1
0 0.4824378950969213 0.9890425667046749 0.4808192189281642 0.9670974344355758 0.45846305587229186 0.9738182485746864 0.46147269327251994 0.9908867514253136 0.4824378950969213 0.9890425667046749
0 0.5036708312428734 0.8732196123147091 0.501645118586089 0.8291157035347776 0.4200214595210946 0.8398030649942988 0.42281848574686426 0.881918425313569 0.5036708312428734 0.8732196123147091
0 0.4422599828962372 0.6561848814139111 0.4529090935005701 0.7497132588369441 0.5246943660205244 0.7352030330672747 0.5117053500570126 0.6457923340935006 0.4422599828962372 0.6561848814139111
0 0.13107996123147092 0.455377535917902 0.1424208574686431 0.5364853454960091 0.16343828848346634 0.5309778038768529 0.15311325427594072 0.45200655302166476 0.13107996123147092 0.455377535917902