0 0.08794754047890536 0.7172673238312429 0.17015468757126567 0.715576558722919 0.17086270011402507 0.6517493876852908 0.08718843101482326 0.6518680376282782 0.08794754047890536 0.7172673238312429
0 0.3121342166476625 0.4833673124287343 0.23134118700114026 0.48814807981755987 0.22764698289623717 0.5503512314709236 0.314412354618016 0.5488196431014823 0.3121342166476625 0.4833673124287343
0 0.6264630513112884 0.4954084196123147 0.5660081231470924 0.5015075336374002 0.5649395096921322 0.5190396419612314 0.627586401368301 0.5155157445838084 0.6264630513112884 0.4954084196123147
0 0.623855378563284 0.49166861231470926 0.6237709350057012 0.46794882098061574 0.5642919589509692 0.47223824743443554 0.5634959156214367 0.49503393044469785 0.623855378563284 0.49166861231470926
0 0.34599928164196125 0.16270162143671607 0.2911733192702395 0.16443580159635118 0.2805388711516534 0.2010527628278221 0.34010480729760545 0.2008076031927024 0.34599928164196125 0.16270162143671607
0 0.37970814025085514 0.2167855621436716 0.37861658608893956 0.19576773204104903 0.34035933067274804 0.1935190022805017 0.335820007981756 0.21895646522234893 0.37970814025085514 0.2167855621436716
0 0.3477907354618016 0.16367693728620294 0.34787517901938425 0.1873967274800456 0.3711209327251995 0.18824271607753706 0.374260275940707 0.16368851653363742 0.3477907354618016 0.16367693728620294
0 0.4059231174458381 0.22408688369441276 0.3439312576966933 0.22192207981755988 0.34170228506271383 0.24654458038768529 0.4022655541619157 0.2504119897377423 0.4059231174458381 0.22408688369441276
0 0.6282753181299885 0.5219256761687571 0.5488031459521094 0.5237108072976054 0.5472760045610034 0.5674424184720639 0.6286669327251996 0.5629871619156214 0.6282753181299885 0.5219256761687571
0 0.17530522576966934 0.08453267046750286 0.07379447662485747 0.09010969897377423 0.06805324059293044 0.14343098289623718 0.17235739224629418 0.1428096488027366 0.17530522576966934 0.08453267046750286
0 0.1295332770809578 0.009959379703534776 0.06383120638540479 0.009489385404789054 0.05900553477765108 0.07579922234891676 0.12821784036488026 0.07376648004561003 0.1295332770809578 0.009959379703534776
0 0.5572526841505131 0.09878218472063853 0.47674156556442415 0.104180921322691 0.4706747434435576 0.14722232155074116 0.5575806282782212 0.1416669612314709 0.5572526841505131 0.09878218472063853
0 0.36727449030786774 0 0.34069594982896234 0.0009139897377423033 0.33915187571265676 0.058199446978335234 0.40536894298745724 0.05699083808437856 0.4064674515393386 0 0.36727449030786774 0