0 0.9384264538198404 0.5684150513112884 0.0661345496009122 0.06727480045610035
0 0.9754846066134549 0.733751425313569 0.04903078677309008 0.053591790193842644
0 0.8745724059293044 0.8124287343215507 0.06841505131128849 0.06955530216647662
0 0.557012542759407 0.5131128848346637 0.0661345496009122 0.05017103762827822
0 0.2394526795895097 0.19897377423033066 0.09122006841505131 0.07411630558722919
0 0.4697833523375142 0.7713797035347777 0.08209806157354618 0.09806157354618016
0 0.8323831242873432 0.7622576966932725 0.07183580387685291 0.07411630558722919
0 0.00855188141391106 0.29247434435575825 0.01710376282782212 0.07183580387685291
0 0.28335233751425315 0.5581527936145952 0.06043329532497149 0.05701254275940707
0 0.014253135689851768 0.16248574686431014 0.028506271379703536 0.05815279361459521
0 0.8101482326111744 0.9298745724059293 0.05017103762827822 0.03876852907639681
0 0.9258836944127709 0.7132269099201825 0.04104903078677309 0.06157354618015964
0 0.7645381984036488 0.05758266818700114 0.07639680729760548 0.06727480045610035
0 0.701824401368301 0.9543899657924744 0.05017103762827822 0.03534777651083238