0 0.6037628278221209 0.7069555302166477 0.053591790193842644 0.08437856328392246
0 0.1145952109464082 0.5815279361459521 0.06157354618015964 0.08209806157354618
0 0.6459521094640821 0.44412770809578106 0.04789053591790194 0.0661345496009122
0 0.8722919042189282 0.2331812998859749 0.05131128848346636 0.0661345496009122
0 0.24971493728620298 0.049600912200684154 0.05131128848346636 0.04789053591790194
0 0.11972633979475485 0.3449258836944128 0.04789053591790194 0.09464082098061574
0 0.7126567844925884 0.8568985176738882 0.05131128848346636 0.059293044469783354
0 0.026225769669327253 0.5068415051311288 0.04104903078677309 0.055872291904218926
0 0.02394526795895097 0.046180159635119726 0.04789053591790194 0.06043329532497149
0 0.42624150513112885 0.04275262257696694 0.42343394298745723 0.0023689737742303304 0.3969442291904219 0.0032940148232611173 0.399652503990878 0.04089036944127709 0.42624150513112885 0.04275262257696694
0 0.3901849076396807 0.04959522690992018 0.3857908711516534 0.0036834982896237173 0.3594939486887115 0.010185287343215508 0.36494287115165336 0.04629055416191562 0.3901849076396807 0.04959522690992018