0 0.5979498859749145 0.024976082098061573 0.5884589977194983 0.002277904218928164 0.40205011402508556 0 0.44153416875712653 0.08568109350057013 0.5979498859749145 0.024976082098061573
0 0.7634772212086659 0.38465831470923606 0.9965831436716077 0.40091116191562143 0.9977220957810718 0.3285056944127708 0.7665148061573546 0.3224350798175598 0.7634772212086659 0.38465831470923606
0 0.7634772212086659 0.45143507981755987 0.7892938494868871 0.4544703876852908 0.7862562645381984 0.4210820045610034 0.7619589977194983 0.4165284743443558 0.7634772212086659 0.45143507981755987
0 0.6784362189281642 0.4650933945267959 0.7555045553021664 0.46924829190421896 0.749809794754846 0.4286697035347777 0.6890660592930444 0.42259908893956666 0.6784362189281642 0.4650933945267959
0 0.5827642371721778 0.506070614595211 0.6624908882554161 0.5186025051311288 0.6586936214367161 0.47723462371721775 0.5933940775370582 0.4650933945267959 0.5827642371721778 0.506070614595211
0 0.5113895210946409 0.539457858608894 0.5618826875712657 0.5584658312428734 0.569096810718358 0.5227642371721779 0.5174635530216648 0.506070614595211 0.5113895210946409 0.539457858608894
0 0.43545899771949825 0.5713291573546181 0.4973428244013683 0.585042141391106 0.49924031927023943 0.5455284743443558 0.43545899771949825 0.539457858608894 0.43545899771949825 0.5713291573546181
0 0.3473804104903079 0.6001640091220068 0.3967346237172178 0.6173120729760547 0.40053189053591787 0.591058086659065 0.3519362189281642 0.5728462417331813 0.3473804104903079 0.6001640091220068
0 0.06947608209806157 0.6335523922462942 0.0018986328392246294 0.626802961231471 0 0.6487289293044469 0.06492027366020524 0.6487289293044469 0.06947608209806157 0.6335523922462942
0 0 0.6856492029646523 0.08769931698973774 0.6897050114025086 0.0816252850627138 0.6639054675028506 0 0.6563177673888255 0 0.6856492029646523
0 0.9776002280501711 0.9477061505131128 0.8682608198403649 0.9962710706955531 0.9335615028506271 0.9988610478905359 0.9977220957810718 0.9962710706955531 0.9776002280501711 0.9477061505131128
0 0.5053154903078677 0.24806947662485745 0.6586936214367161 0.19020501140250856 0.6040239179019384 0.04015261915621437 0.44305239224629417 0.09630523945267959 0.5053154903078677 0.24806947662485745