0 0.8392246294184721 0.6875712656784493 0.15393386545039908 0.11060433295324971
0 0.6248574686431014 0.5980615735461802 0.07297605473204105 0.06271379703534778
0 0.28506271379703535 0.4315849486887115 0.09236031927023945 0.059293044469783354
0 0.9492588369441277 0.580387685290764 0.06841505131128849 0.06271379703534778
0 0.5376282782212086 0.6425313568985177 0.055872291904218926 0.06271379703534778
0 0.95096921322691 0.19783352337514254 0.03078677309007982 0.06727480045610035
0 0.28278221208665905 0.7109464082098061 0.05473204104903079 0.06157354618015964
0 0.5039908779931584 0.984036488027366 0.03192702394526796 0.03192702394526796
0 0.08209806157354618 0.7263397947548461 0.09236031927023945 0.05017103762827822
0 0.5421892816419612 0.976054732041049 0.05017103762827822 0.04218928164196123
0 0.8340935005701254 0.7759407069555302 0.04903078677309008 0.05473204104903079
0 0.08323831242873432 0.766248574686431 0.10376282782212087 0.06499429874572406
0 0.2120866590649943 0.7001140250855188 0.03192702394526796 0.039908779931584946
0 0.08209806157354618 0.750285062713797 0.11288483466362599 0.10376282782212087
0 0.5855188141391106 0.9663625997719498 0.05017103762827822 0.04446978335233751
0 0.45553021664766247 0.9087799315849487 0.03078677309007982 0.03534777651083238
0 0.7519954389965793 0.31413911060433297 0.052451539338654506 0.04218928164196123
0 0.6567844925883695 0.7941847206385405 0.07753705815279362 0.05131128848346636