0 0.8865668301026225 0.29598487229190423 0.960677047890536 0.2875486054732041 0.9512176408209806 0.22514857696693272 0.8827396419612314 0.23490741391106043 0.8865668301026225 0.29598487229190423
0 0.9787127514253136 0.5298307297605473 0.9724716989737742 0.4599161721778791 0.9018320638540478 0.47005616419612317 0.9057911220068415 0.5318814925883694 0.9787127514253136 0.5298307297605473
0 0.9545919771949828 0.6599018301026226 0.9480149726339795 0.5838729007981757 0.8861612223489168 0.5955505085518814 0.8909553078677309 0.6664913272519954 0.9545919771949828 0.6599018301026226
0 0.7011656225769669 0.015672302166476627 0.7078559954389966 0.06119297035347777 0.7909440216647663 0.051173673888255417 0.784476645381984 0.0013690399087799316 0.7011656225769669 0.015672302166476627
0 0.5823370273660206 0.2593171927023945 0.582630086659065 0.2025313055872292 0.5444037423033068 0.21042948232611175 0.5469106510832383 0.26401925883694416 0.5823370273660206 0.2593171927023945
0 0.6333826157354617 0.3869417229190422 0.6318001596351197 0.3254684572405929 0.5433429281641962 0.3356633683010262 0.5515703340935006 0.3998228757126568 0.6333826157354617 0.3869417229190422
0 0.6448649977194983 0.504560259977195 0.6419328950969213 0.44583401482326107 0.5891528768529077 0.45108811288483464 0.591703 0.5093027901938426 0.6448649977194983 0.504560259977195
0 0.4666691014823261 0.4699840638540479 0.47656854047890534 0.5367445074116306 0.518684889395667 0.5287393386545041 0.5114260763968073 0.46131992132269095 0.4666691014823261 0.4699840638540479
0 0.407572755986317 0.2310829543899658 0.44787874116305587 0.22629160433295326 0.44524600114025087 0.1603721676168757 0.4055942953249715 0.16736383352337517 0.407572755986317 0.2310829543899658
0 0.3093896488027366 0.24299164082098063 0.30641795324971494 0.20106107297605472 0.2418372907639681 0.20550133979475482 0.24240851197263397 0.2524865404789054 0.3093896488027366 0.24299164082098063
0 0.2462867126567845 0.08198563397947549 0.24951258494868872 0.13004615051311288 0.2816683101482326 0.12514850855188142 0.27946947890535917 0.07767917673888255 0.2462867126567845 0.08198563397947549
0 0.13331135917901937 0.24625080843785635 0.13137875370581528 0.1933308905359179 0.09216567388825542 0.2010174937286203 0.10268160091220069 0.25628302622576965 0.13331135917901937 0.24625080843785635
0 0.3226715313568985 0.5108122155074116 0.3220680193842645 0.47039419384264536 0.26863078449258837 0.47557197491448117 0.26827737856328393 0.5041935974914481 0.3226715313568985 0.5108122155074116
0 0.09935557810718358 0.415108157354618 0.10184088369441277 0.4416858369441277 0.1213153842645382 0.43902423717217787 0.121976669327252 0.4165219350057013 0.09935557810718358 0.415108157354618
0 0.15414531698973774 0.450216330672748 0.15413755074116306 0.4044829783352338 0.12646578335233752 0.40260857126567845 0.1259361470923603 0.4521035644241733 0.15414531698973774 0.450216330672748