0 0.346921322690992 0.13506385404789054 0.2853477765108324 0.13506385404789054 0.2844925883694413 0.18129988597491448 0.3412200684150513 0.1829247434435576 0.346921322690992 0.13506385404789054
0 0.2967502850627138 0.26611060433295325 0.36060433295324973 0.26611060433295325 0.37143671607753703 0.18557582668187 0.3013112884834664 0.19432041049030788 0.2967502850627138 0.26611060433295325
0 0.572690992018244 0.200018244013683 0.5168187001140251 0.19659977194982897 0.5168187001140251 0.21978335233751425 0.5692702394526796 0.2205290763968073 0.572690992018244 0.200018244013683
0 0.6456670467502851 0.20343671607753705 0.5943557582668187 0.20115735461801595 0.5852337514253135 0.22548460661345496 0.6513683010262258 0.22508779931584946 0.6456670467502851 0.20343671607753705
0 0.8520524515393386 0.2786453819840365 0.750570125427594 0.27066932725199544 0.7448688711516533 0.29247434435575825 0.8486316989737742 0.29801824401368304 0.8520524515393386 0.2786453819840365
0 0.7996009122006842 0.3230877993158495 0.806442417331813 0.30371493728620297 0.7477194982896237 0.29817559863169896 0.7460091220068416 0.31511060433295324 0.7996009122006842 0.3230877993158495
0 0.033352337514253136 0.8210638540478905 0.0011402508551881414 0.8233432155074116 0.0037058152793614596 0.8797035347776511 0.02993158494868871 0.8734823261117446 0.033352337514253136 0.8210638540478905
0 0.4541049030786773 0.39943671607753706 0.4962941847206385 0.396018244013683 0.4968643101482326 0.36659064994298746 0.45524515393386544 0.3698084378563284 0.4541049030786773 0.39943671607753706
0 0.3435005701254276 0.6205062713797035 0.4016533637400228 0.6079714937286204 0.4016533637400228 0.5587217787913341 0.3332383124287343 0.5589714937286203 0.3435005701254276 0.6205062713797035
0 0.3355188141391106 0.5703660205245155 0.2864880273660205 0.5749247434435576 0.2830672748004561 0.6231470923603193 0.3355188141391106 0.6250638540478906 0.3355188141391106 0.5703660205245155
0 0.8363740022805017 0.9092189281641961 0.6961231470923603 0.9046613454960092 0.6892816419612314 0.9395667046750285 0.8283922462941847 0.941126567844926 0.8363740022805017 0.9092189281641961
0 0.8466362599771949 0.9445450399087799 0.8101482326111744 0.9434047890535918 0.8047320410490307 0.9780501710376283 0.8397947548460661 0.9775917901938426 0.8466362599771949 0.9445450399087799