0 0.781818393386545 0.7188249612314709 0.7471286088939567 0.7319267890535919 0.7617547366020524 0.7968866168757126 0.7962778848346636 0.7890251094640821 0.781818393386545 0.7188249612314709
0 0.48906127822120865 0.11469929076396808 0.4793122246294185 0.05830098289623717 0.4507266248574686 0.06497925655644242 0.45923059407069555 0.1235739669327252 0.48906127822120865 0.11469929076396808
0 0.45559709806157356 0.1233198882554162 0.4417145735461802 0.034664005701254275 0.40866416077537054 0.04605369441277081 0.42304185974914477 0.13200404446978334 0.45559709806157356 0.1233198882554162
0 0.37477340022805017 0 0.362713070695553 0.0026514675028506273 0.38716978563283927 0.13588933181299886 0.4205068472063854 0.12908661915621436 0.3950762246294185 0 0.37477340022805017 0
0 0.38548015621436715 0.1339444070695553 0.3609598814139111 0.0016154868871151654 0.3277888677309008 0.010713275940706956 0.35123528848346636 0.14068364082098062 0.38548015621436715 0.1339444070695553
0 0.3313749338654504 0.046129425313568985 0.32327105929304445 0.005373733181299886 0.289897755986317 0.013772338654503991 0.2979107525655644 0.05475002280501711 0.3313749338654504 0.046129425313568985
0 0.3385889760547321 0.09961031014823261 0.33152116305587226 0.05710029190421893 0.297684314709236 0.06569482896237172 0.3062879749144812 0.10465869783352338 0.3385889760547321 0.09961031014823261
0 0.3466292907639681 0.14127494526795895 0.3377447297605473 0.09863788711516533 0.30578867160775375 0.11307260889395666 0.3152996556442418 0.14547786887115166 0.3466292907639681 0.14127494526795895
0 0.3088144857468643 0.1468511550741163 0.28539269555302166 0.011858887115165338 0.252745574686431 0.022591738882554162 0.275540984036488 0.15274492702394526 0.3088144857468643 0.1468511550741163
0 0.25143914937286205 0.04053977080957811 0.2473872109464082 0.020161925883694413 0.21355938768529076 0.027843706955530217 0.2189463340935006 0.04831490535917902 0.25143914937286205 0.04053977080957811
0 0.2728164298745724 0.15255440706955528 0.2534009897377423 0.05163759635119727 0.21904970353477765 0.06362136259977196 0.2375354994298746 0.1610479646522235 0.2728164298745724 0.15255440706955528