0 0.8249506157354618 0.6419678928164196 0.8295421334093501 0.698532590649943 0.8756700433295325 0.6952587673888255 0.8724475324971493 0.633769606613455 0.8249506157354618 0.6419678928164196
0 0.8156592303306727 0.6824183819840365 0.820721748004561 0.6119314025085519 0.7408642633979476 0.6269638050171038 0.7442061265678449 0.6907303432155075 0.8156592303306727 0.6824183819840365
0 0.7754625940706955 0.416198314709236 0.7789523979475484 0.46853894298745724 0.8021042063854048 0.4673256077537058 0.7957662884834663 0.41170879589509696 0.7754625940706955 0.416198314709236
0 0.7666134378563284 0.3344513511972634 0.7696783899657925 0.4005160330672748 0.7934948928164196 0.3901333375142531 0.7885332303306727 0.339011661345496 0.7666134378563284 0.3344513511972634
0 0.6834589737742303 0.1412751801596351 0.694425802736602 0.2446056590649943 0.7159025564424173 0.23777103192702395 0.7026262576966933 0.1368452189281642 0.6834589737742303 0.1412751801596351
0 0.6717608882554162 0.244651661345496 0.6885831710376282 0.24205731927023943 0.6799781037628277 0.18370478449258837 0.6609898483466362 0.19155081071835803 0.6717608882554162 0.244651661345496
0 0.20348430102622578 1 0.20379860433295327 0.9828113215507411 0.15163099885974915 0.9889707571265679 0.14961771835803878 1 0.20348430102622578 1
0 0.6323554264538198 0.537879810718358 0.6333906259977194 0.49614928620296467 0.6040331995438997 0.49825875142531356 0.6028274287343216 0.5405691231470924 0.6323554264538198 0.537879810718358
0 0.44983695667046747 0.6696194754846065 0.4465057628278221 0.6012851163055872 0.39732354275940707 0.6038626465222349 0.38784942531356903 0.662591763968073 0.44983695667046747 0.6696194754846065
0 0.3837158221208666 0.6708011060433294 0.3883750581527936 0.7230804469783353 0.436352291904219 0.7171406202964652 0.4383386932725199 0.6679384435575827 0.3837158221208666 0.6708011060433294
0 0.04229125883694412 0.1951445849486887 0.0511294709236032 0.333982905359179 0.0856289361459521 0.3253239714937286 0.07373743671607753 0.18550385062713798 0.04229125883694412 0.1951445849486887
0 0.005279249714937287 0.18566614481185859 0.006656537058152794 0.22070479589509692 0.0409709771949829 0.21348282896237172 0.037922653363740025 0.17710448232611173 0.005279249714937287 0.18566614481185859