0 0.2763750524515393 0.3725086396807297 0.46242510262257697 0.7476497685290764 0.5032717103762827 0.7230797936145952 0.32108865792474345 0.3460989669327252 0.2763750524515393 0.3725086396807297
0 0.25111590992018246 0.31675477194982893 0.29350354275940704 0.29307091448118583 0.194440503990878 0.0828304298745724 0.1428625267958951 0.09655638312428734 0.25111590992018246 0.31675477194982893
0 0.15068925883694415 0.28969361801596355 0.19134542873432156 0.2609114196123147 0.11636847548460662 0.12129685860889396 0.08010460661345496 0.14312865222348917 0.15068925883694415 0.28969361801596355
0 0 0.15590111402508552 0.03899819498289624 0.23374137856328392 0.07931061345496009 0.21737048232611175 0.030637551881413913 0.1155723945267959 0 0.13362641847206386 0 0.15590111402508552
0 0 0.10396289851767389 0.021662895096921323 0.09168236488027366 0.012478185860889396 0.07824994298745724 0 0.08045018358038769 0 0.10396289851767389
0 0 0.3455929965792474 0.10948884036488028 0.5810149851767389 0.1574589851767389 0.5555744994298746 0 0.22939602508551882 0 0.3455929965792474
0 0 0.504927550741163 0.010118136830102624 0.5599424047890535 0.058352218928164196 0.5359987822120867 0 0.4137433785632839 0 0.504927550741163
0 0.3697070843785633 0.9222359635119726 0.386994267958951 0.9473626716077537 0.500098165336374 0.8888239281641962 0.48786403762827824 0.8631929498289623 0.3697070843785633 0.9222359635119726
0 0.5189924515393387 0.882405551881414 0.538561503990878 0.861972945267959 0.5206072314709236 0.838893984036488 0.5035319042189282 0.8557989179019384 0.5189924515393387 0.882405551881414
0 0.3693025883694413 0.9520255940706956 0.35319323603192704 0.927077921322691 0.32397417217787916 0.9399493568985177 0.3444812554161915 0.9687529555302167 0.3693025883694413 0.9520255940706956
0 0.4915638939566705 0.7529323831242873 0.5462962805017103 0.8621524971493729 0.6154017309007982 0.8252671185860889 0.5627711311288484 0.7280259350057012 0.4915638939566705 0.7529323831242873
0 0.5227442417331813 0.816132630558723 0.49552528620296465 0.7491459201824402 0.29466782212086656 0.8524895724059294 0.3245035872291904 0.9166991858608894 0.5227442417331813 0.816132630558723