0 0.22405929304446978 0.6242873432155074 0.08437856328392246 0.055872291904218926
0 0.01767388825541619 0.9013683010262258 0.03534777651083238 0.046750285062713795
0 0.22006841505131128 0.7976054732041049 0.052451539338654506 0.05017103762827822
0 0.030216647662485746 0.7976054732041049 0.06043329532497149 0.055872291904218926
0 0.3164196123147092 0.16590649942987457 0.08209806157354618 0.055872291904218926
0 0.41334093500570124 0.411060433295325 0.06271379703534778 0.05473204104903079
0 0.21151653363740022 0.9184720638540479 0.036488027366020526 0.04218928164196123
0 0.23204104903078676 0.11858608893956671 0.053591790193842644 0.04789053591790194
0 0.2525655644241733 0.9087799315849487 0.03876852907639681 0.04446978335233751
0 0.30051159977194986 0.24468349714937285 0.3222525815279362 0.24993306271379703 0.32717771379703536 0.21397046522234892 0.2973569543899658 0.21437842075256555 0.30051159977194986 0.24468349714937285
0 0.11732992360319269 0.4319577297605473 0.1723648289623717 0.4331636202964652 0.16516658152793615 0.39364531698973776 0.11748656328392246 0.3909042041049031 0.11732992360319269 0.4319577297605473
0 0.11733708437856329 0.48012432611174455 0.15782601368301025 0.49151373318129987 0.16259284948688713 0.4725217023945268 0.12072864994298746 0.4608897993158495 0.11733708437856329 0.48012432611174455
0 0.3890208084378563 0.9317627206385405 0.44833630900798177 0.9167229338654503 0.45188617217787913 0.8805178392246295 0.3769734481185861 0.8956414868871151 0.3890208084378563 0.9317627206385405
0 0.6871113534777652 0.08477712770809578 0.7143492964652224 0.11507862257696694 0.7370556681870012 0.09074958608893957 0.7024624982896237 0.061985237172177875 0.6871113534777652 0.08477712770809578