0 0.07290667046750285 0.7114185188141391 0.12797278791334094 0.6951548472063854 0.0920992668187001 0.5141943397947548 0.03914346294184721 0.5380951459521095 0.07290667046750285 0.7114185188141391
0 0 0.700507338654504 0.0018474572405929304 0.7232268312428735 0.05324569783352338 0.7109948232611174 0.02565218015963512 0.5359583363740023 0 0.5432683511972634 0 0.700507338654504
0 0.27326557924743444 0.7673683888255416 0.2799335769669327 0.696160085518814 0.2313280456100342 0.7022995176738883 0.2208752668187001 0.7682957730900798 0.27326557924743444 0.7673683888255416
0 0.29337962713797033 0.6906028380843785 0.29251411060433297 0.771954204104903 0.3173747662485747 0.7605168050171038 0.32206917331812995 0.6920713660205245 0.29337962713797033 0.6906028380843785
0 0.44733499429874574 0.4709033090079817 0.4517601984036488 0.591147725199544 0.7422982485746864 0.5418370353477765 0.7264253831242874 0.42862068415051313 0.44733499429874574 0.4709033090079817
0 0.5245024503990878 0.7333588415051312 0.5173695735461802 0.6522778004561004 0.3471663831242874 0.6791331311288483 0.34080892588369444 0.7580786659064994 0.34574835005701254 0.760398142531357 0.5245024503990878 0.7333588415051312
0 0.2938897411630559 0.8505862394526795 0.3309785245153934 0.8395484355758267 0.3247787423033067 0.7816770182440137 0.2873781174458381 0.784978534777651 0.2876090992018244 0.7877065701254277 0.2938897411630559 0.8505862394526795
0 0.3368572850627138 0.780130622576967 0.34620589509692135 0.8404219133409351 0.39157693158494866 0.8353084891676169 0.3823792109464082 0.7769622428734322 0.3368572850627138 0.780130622576967
0 0.3882764378563284 0.7709773762827822 0.40482958722919044 0.8389446522234891 0.443655582668187 0.8266436955530216 0.43019789623717214 0.7660855895096922 0.3882764378563284 0.7709773762827822
0 0.4425552485746864 0.7680428015963512 0.45091236259977197 0.8293302052451539 0.49699608551881413 0.8197170615735461 0.48203999201824405 0.7589216305587229 0.4425552485746864 0.7680428015963512
0 0.49367738996579247 0.7607648141391106 0.5037046476624858 0.8161669954389966 0.6013908905359179 0.8008879429874572 0.5802695564424174 0.6238010992018245 0.49367738996579247 0.7607648141391106
0 0.5767964355758267 0.6263264606613456 0.5998419498289623 0.8064083614595211 0.7704063899657925 0.781531394526796 0.7383165267958951 0.605782755986317 0.5767964355758267 0.6263264606613456
0 0.8442644082098062 1 0.83887365336374 0.9507410022805016 0.8138232850627138 0.9479265632839224 0.823201716077537 1 0.8442644082098062 1