0 0.4395667046750285 0.4908779931584949 0.06043329532497149 0.06157354618015964
0 0.5393386545039909 0.2234891676168757 0.05701254275940707 0.07981755986316989
0 0.7371721778791334 0.6111744583808438 0.05131128848346636 0.04903078677309008
0 0.6094640820980616 0.7907639680729761 0.053591790193842644 0.059293044469783354
0 0.7765108323831242 0.6721778791334093 0.043329532497149374 0.04789053591790194
0 0.8021664766248575 0.4509692132269099 0.04561003420752566 0.04561003420752566
0 0.13340935005701254 0.6510832383124288 0.043329532497149374 0.05131128848346636
0 0.00798175598631699 0.540478905359179 0.01596351197263398 0.04561003420752566
0 0.5541619156214367 0.3888255416191562 0.05131128848346636 0.04104903078677309
0 0.5286303523375142 0.3825704754846066 0.5427115792474344 0.36117835575826684 0.5137491995438996 0.33538035575826686 0.49429423033067277 0.3535988757126568 0.5286303523375142 0.3825704754846066
0 0.32155863169897375 0.1639096408209806 0.3662963751425313 0.10410541163055871 0.3494708015963512 0.0847498038768529 0.3015595952109464 0.14992582782212086 0.32155863169897375 0.1639096408209806
0 0.8230457183580387 0.8520757628278222 0.8425293911060433 0.8534381938426453 0.8553853375142532 0.8095855792474345 0.8326041687571265 0.7954052611174459 0.8230457183580387 0.8520757628278222