0 0.30444697833523376 0.2611174458380844 0.05131128848346636 0.039908779931584946
0 0.31927023945267957 0.0952109464082098 0.05701254275940707 0.04218928164196123
0 0.5330672748004561 0.49372862029646525 0.05473204104903079 0.04789053591790194
0 0.8648802736602053 0.49315849486887114 0.059293044469783354 0.05701254275940707
0 0.6066134549600912 0.9749144811858609 0.04903078677309008 0.04446978335233751
0 0.5900798175598632 0.9863169897377423 0.04903078677309008 0.027366020524515394
0 0.5855188141391106 0.03819840364880274 0.05473204104903079 0.04218928164196123
0 0.4977194982896237 0.4315849486887115 0.06499429874572406 0.055872291904218926
0 0.8962371721778791 0.05017103762827822 0.06385404789053592 0.029646522234891677
0 0.6550741163055872 0.2953249714937286 0.05473204104903079 0.03420752565564424
0 0.6562143671607754 0.3198403648802737 0.05701254275940707 0.036488027366020526