0 0.33352337514253133 0.6619156214367161 0.14823261117445838 0.05131128848346636
0 0.2856328392246294 0.4007981755986317 0.04104903078677309 0.05815279361459521
0 0.45381984036488027 0.7611174458380844 0.07183580387685291 0.03876852907639681
0 0.28734321550741165 0.7029646522234891 0.06385404789053592 0.05815279361459521
0 0.32668187001140253 0.9127708095781072 0.07297605473204105 0.03876852907639681
0 0.36830102622576966 0.82212086659065 0.07297605473204105 0.04446978335233751
0 0.4492588369441277 0.7069555302166477 0.053591790193842644 0.06727480045610035
0 0.2856328392246294 0.7839224629418472 0.05131128848346636 0.036488027366020526
0 0.31014823261117447 0.8358038768529077 0.05701254275940707 0.036488027366020526
0 0.3065471527936146 0.24050271151653363 0.36097140706955533 0.2409474754846066 0.3202835678449259 0.14817274344355758 0.300706582668187 0.14572301938426455 0.3065471527936146 0.24050271151653363
0 0.037125716077537056 0.9526218152793615 0.09828202394526797 0.9389977286202964 0.0866589897377423 0.9126887594070696 0.026898987457240595 0.9262904275940708 0.037125716077537056 0.9526218152793615