0 0.4224629418472064 0.31584948688711517 0.09806157354618016 0.06727480045610035
0 0.475484606613455 0.5302166476624858 0.06499429874572406 0.08779931584948689
0 0.3751425313568985 0.2434435575826682 0.08209806157354618 0.09806157354618016
0 0.47434435575826683 0.26966932725199544 0.06043329532497149 0.07297605473204105
0 0.40022805017103763 0.5153933865450399 0.046750285062713795 0.08437856328392246
0 0.8352337514253135 0.5986316989737742 0.07639680729760548 0.10262257696693272
0 0.7805017103762828 0.3249714937286203 0.055872291904218926 0.06385404789053592
0 0.765678449258837 0.6088939566704675 0.05131128848346636 0.05017103762827822
0 0.6784492588369442 0.31413911060433297 0.055872291904218926 0.052451539338654506
0 0.5262257696693272 0.26738882554161914 0.06157354618015964 0.07069555302166476
0 0.5142531356898518 0.282212086659065 0.0330672748004561 0.03534777651083238
0 0.7035347776510832 0.3580387685290764 0.09122006841505131 0.05017103762827822
0 0.9937286202964652 0.36259977194982895 0.012542759407069556 0.06841505131128849
0 0.3235972702394527 0.5313989167616876 0.31337643443557583 0.5485593192702395 0.3422261870011402 0.5810498015963512 0.3539798871151653 0.562646330672748 0.3235972702394527 0.5313989167616876