0 0.08836944127708096 0.3346636259977195 0.05701254275940707 0.05815279361459521
0 0.08551881413911061 0.1636259977194983 0.05017103762827822 0.04561003420752566
0 0.20524515393386544 0.11117445838084379 0.05815279361459521 0.06043329532497149
0 0.4475484606613455 0.47434435575826683 0.06043329532497149 0.039908779931584946
0 0.685860889395667 0.8517673888255416 0.08209806157354618 0.059293044469783354
0 0.5906499429874572 0.24230330672748004 0.0661345496009122 0.08779931584948689
0 0.2348916761687571 0.16989737742303307 0.06157354618015964 0.06385404789053592
0 0.9600912200684151 0.8187001140250855 0.06385404789053592 0.06157354618015964
0 0.7240592930444698 0.492018244013683 0.052451539338654506 0.04903078677309008
0 0.9150513112884835 0.9424173318129989 0.055872291904218926 0.04903078677309008
0 0.29475484606613456 0.013112884834663626 0.04446978335233751 0.026225769669327253
0 0.13283922462941847 0.1966932725199544 0.03078677309007982 0.05701254275940707
0 0.14310148232611175 0.8717217787913341 0.06727480045610035 0.055872291904218926
0 0.4047890535917902 0.012542759407069556 0.04561003420752566 0.02508551881413911