0 0.7199589657924743 0.14221250627137969 0.7082637046750285 0.2113857377423033 0.7564471778791334 0.21967164880273662 0.7673657981755987 0.1607109258836944 0.7199589657924743 0.14221250627137969
0 0.23745722576966932 0.12963553819840365 0.3086737890535918 0.15193617445838087 0.31056357924743444 0.10571745724059292 0.24862157810718358 0.09701207639680728 0.23745722576966932 0.12963553819840365
0 0.8687968905359179 0.3472470957810718 0.7997648221208665 0.33281048118586093 0.7978861630558723 0.3648989327251996 0.8605751083238312 0.37765418015963514 0.8687968905359179 0.3472470957810718
0 0.9931600661345497 0.3331626191562144 0.9331175724059293 0.32029799657924746 0.9232212668187001 0.37199277309007983 0.9886715553021664 0.38382113797035344 0.9931600661345497 0.3331626191562144
0 0.4291487502850627 0.14211027366020523 0.46970242417331814 0.15318356898517674 0.4775555860889396 0.1160347149372862 0.43164248232611174 0.10563715735461802 0.4291487502850627 0.14211027366020523
0 0.7702718882554163 0.5332989589509692 0.7144891071835804 0.5182188403648802 0.7102286966932726 0.5485332383124287 0.7679375051311288 0.5592736100342075 0.7702718882554163 0.5332989589509692
0 0.29639588255416194 0.5061535438996579 0.2297373329532497 0.49121454846066137 0.23139443215507413 0.5285819179019384 0.29279275370581526 0.5411557810718358 0.29639588255416194 0.5061535438996579
0 0.7826101984036489 0.763864298745724 0.740368535917902 0.7554370193842646 0.7332972303306727 0.7963873272519955 0.7731195131128848 0.8033000992018244 0.7826101984036489 0.763864298745724
0 0.7593957936145952 0.8447697616875712 0.8021011539338655 0.8545840820980616 0.8096369315849488 0.8150071060433295 0.7694301584948688 0.8014654789053591 0.7593957936145952 0.8447697616875712
0 0.8031484116305587 0.954813582668187 0.7389876168757126 0.9431664435575826 0.7383490957810718 0.9851601470923603 0.7999284857468644 0.9964456442417332 0.8031484116305587 0.954813582668187
0 0.5761206989737743 0.8847683671607754 0.5328475575826681 0.874315794754846 0.5196744367160775 0.9399616761687571 0.5628250672748004 0.9512859566704674 0.5761206989737743 0.8847683671607754
0 0.032733031927023946 0.6757247582668187 0.030133218928164195 0.6778373135689851 0.024333175598631702 0.719106762827822 0.06397439110604333 0.7273078996579248 0.0789888928164196 0.6860184937286203 0.032733031927023946 0.6757247582668187