0 0.6944127708095781 0.3728620296465222 0.15393386545039908 0.07411630558722919
0 0.6915621436716077 0.6385404789053591 0.04903078677309008 0.06271379703534778
0 0.5952109464082098 0.2519954389965792 0.07639680729760548 0.04903078677309008
0 0.7474344355758267 0.34150513112884834 0.07183580387685291 0.06727480045610035
0 0.7491448118586089 0.12770809578107184 0.07753705815279362 0.04903078677309008
0 0.6909920182440137 0.20866590649942987 0.07867730900798175 0.05473204104903079
0 0.5889395667046751 0.30672748004561 0.06271379703534778 0.07411630558722919
0 0.7645381984036488 0.26225769669327254 0.055872291904218926 0.043329532497149374
0 0.750285062713797 0.2063854047890536 0.06157354618015964 0.04446978335233751
0 0.6092827297605473 0.8796547115165336 0.6280326020524515 0.8857948916761688 0.6403841562143672 0.7916421368301026 0.5870446944127709 0.780820905359179 0.6092827297605473 0.8796547115165336
0 1 0.14512332383124288 0.9781020011402508 0.14571929988597493 0.9844914994298746 0.17376267844925883 1 0.17326924515393388 1 0.14512332383124288