0 0.3662109464082098 0.08387913340935005 0.37077194982896233 0.00942987457240593 0.3076773090079818 0.007909920182440137 0.3053968072976055 0.07704218928164197 0.3662109464082098 0.08387913340935005
0 0.6125051311288484 0.0337400228050171 0.5425689851767389 0.027745724059293042 0.5402884834663626 0.09907297605473205 0.6018620296465222 0.10590992018244014 0.6125051311288484 0.0337400228050171
0 0.7364116305587228 0.08008095781071835 0.6603956670467503 0.0733557582668187 0.6611550741163056 0.1362976054732041 0.7318506271379703 0.14389509692132268 0.7364116305587228 0.08008095781071835
0 0.05796237172177879 0.217787913340935 0.10395324971493729 0.21910376282782212 0.10851425313568985 0.1355381984036488 0.05834321550741163 0.1332588369441277 0.05796237172177879 0.217787913340935
0 0.27727137970353477 0.37711972633979474 0.22139908779931586 0.36697035347776513 0.22253933865450398 0.40598745724059293 0.2757502850627138 0.41282440136830106 0.27727137970353477 0.37711972633979474
0 0.4118209806157354 0.3490114025085519 0.3510068415051312 0.3398950969213227 0.3456864310148232 0.42877879133409347 0.4102998859749145 0.4318175598631699 0.4118209806157354 0.3490114025085519
0 0.5296465222348917 0.35812770809578104 0.47130330672748005 0.35081755986316987 0.4673124287343216 0.40370809578107186 0.5250855188141391 0.4113055872291904 0.5296465222348917 0.35812770809578104
0 0.4646522234891676 0.5276123147092361 0.5321174458380844 0.5294561003420752 0.5315473204104902 0.4865895096921322 0.46389167616875715 0.4820307867730901 0.4646522234891676 0.5276123147092361
0 0.21911858608893958 0.5443261117445838 0.22139908779931586 0.5038004561003421 0.15602394526795896 0.4949464082098061 0.15602394526795896 0.5352098061573547 0.21911858608893958 0.5443261117445838
0 0.2137970353477765 0.6430855188141391 0.17198745724059292 0.6387309007981756 0.1651459521094641 0.7031014823261118 0.21151653363740022 0.7106978335233752 0.2137970353477765 0.6430855188141391
0 0.04427936145952109 0.6772713797035348 0.09216989737742304 0.6824401368301026 0.09293044469783353 0.6499224629418472 0.04580045610034208 0.6438449258836945 0.04427936145952109 0.6772713797035348
0 0.1864310148232611 0.8170547320410491 0.13397947548460662 0.8097685290763968 0.1347400228050171 0.849720638540479 0.19099201824401368 0.8489612314709236 0.1864310148232611 0.8170547320410491
0 0.4798551881413911 0.6765119726339796 0.4399464082098062 0.6700877993158495 0.4357662485746864 0.7236123147092359 0.46389167616875715 0.7289304446978335 0.4798551881413911 0.6765119726339796
0 0.34682668187001137 0.8798164196123147 0.3734321550741163 0.8819840364880274 0.3741927023945268 0.8623432155074116 0.3521470923603193 0.8577844925883695 0.34682668187001137 0.8798164196123147
0 0.3909156214367161 0.8319555302166477 0.3458757126567845 0.8240216647662486 0.3392246294184721 0.8509475484606613 0.38787571265678444 0.8600638540478904 0.3909156214367161 0.8319555302166477