0 0.5825086316989738 0.3566076031927024 0.582997126567845 0.32411985176738883 0.501292566704675 0.33220207297605475 0.5043173774230331 0.36677582212086657 0.5825086316989738 0.3566076031927024
0 0.3372421037628278 0.4171653990877993 0.4159002930444698 0.40279682896237173 0.41331066476624856 0.37319723831242874 0.3371926499429875 0.388053228050171 0.3372421037628278 0.4171653990877993
0 0.3330989418472064 0.4649477787913341 0.4430035575826682 0.44618124287343214 0.43921624401368303 0.4124033181299886 0.3316855336374002 0.4392811641961231 0.3330989418472064 0.4649477787913341
0 0.41930366704675026 0.4607332132269099 0.3055566362599772 0.48316328848346635 0.3103403204104903 0.5164374059293044 0.4220484275940707 0.49210596351197267 0.41930366704675026 0.4607332132269099
0 0.6249296339794755 0.3562236168757127 0.4904583409350057 0.37963470125427595 0.49163581527936145 0.4121289327251995 0.62548586659065 0.3911152086659065 0.6249296339794755 0.3562236168757127
0 0.5915828415051312 0.40323246750285063 0.5340436009122007 0.4115938700114025 0.5337007388825541 0.44573313797035347 0.5970950570125428 0.4376904675028506 0.5915828415051312 0.40323246750285063
0 0.5889338118586089 0.49663976966932727 0.5879850661345496 0.46677300228050167 0.5093190421892816 0.4834200250855188 0.5155216385404789 0.5138767445838085 0.5889338118586089 0.49663976966932727
0 0.6084170570125428 0.5290433340935006 0.6025845769669327 0.5004359669327252 0.5423379407069555 0.5159098859749145 0.5482235883694413 0.5451249657924744 0.6084170570125428 0.5290433340935006
0 0.33766319840364883 0.6217807537058153 0.4507600889395667 0.5919195438996578 0.4473982018244014 0.5606362690992018 0.33596089395667045 0.5928120433295325 0.33766319840364883 0.6217807537058153
0 0.4981866282782212 0.6202152736602052 0.49235414823261114 0.59160790649943 0.29105490421892816 0.6409088814139111 0.3001538244013683 0.6783049122006842 0.4981866282782212 0.6202152736602052
0 0.21119011744583807 0.6985667263397948 0.2729641881413911 0.6815158255416192 0.2671750376282782 0.6534037160775371 0.20783629646522236 0.6697436499429875 0.21119011744583807 0.6985667263397948
0 0.200540503990878 0.7385982029646523 0.25779084948688713 0.7269347046750285 0.2561503124287343 0.6939098278221209 0.19869493728620297 0.707978913340935 0.200540503990878 0.7385982029646523
0 0.6122322656784492 0.6202208301026226 0.5719285781071836 0.6162589304446978 0.5706046362599773 0.6487087468643101 0.6105567183580388 0.6486517913340935 0.6122322656784492 0.6202208301026226
0 0.6546305724059293 0.6481243432155074 0.5776564047890536 0.6531944526795895 0.5729149167616876 0.6870077502850628 0.6533884196123148 0.681509015963512 0.6546305724059293 0.6481243432155074
0 0.5334392884834663 0.6520713204104903 0.5313759384264538 0.618975842645382 0.2938168654503991 0.6843706043329533 0.2950704903078677 0.7153541596351197 0.5334392884834663 0.6520713204104903
0 0.5421341687571265 0.6563022462941848 0.44534236944127703 0.682240558722919 0.44716432725199545 0.7125769076396807 0.5441964823261117 0.68939896009122 0.5421341687571265 0.6563022462941848
0 0.6411185587229191 0.7125322611174458 0.5992764834663626 0.7195203397947548 0.6024476921322691 0.7510183135689852 0.6447624116305587 0.7446573352337514 0.6411185587229191 0.7125322611174458
0 0.5158068084378563 0.735974118586089 0.4756152143671608 0.7428177981755986 0.4765164298745724 0.7745223831242873 0.5185515689851767 0.7673468677309008 0.5158068084378563 0.735974118586089
0 0.3971749076396807 0.7596636932725199 0.339243251995439 0.773051055872292 0.3417429156214367 0.8040034298745724 0.3991661083238312 0.7919344994298746 0.3971749076396807 0.7596636932725199
0 0.28770368529076396 0.7833839407069556 0.2312791482326112 0.7949751904218929 0.22829365222348919 0.827455913340935 0.2945063717217788 0.8135695393386545 0.28770368529076396 0.7833839407069556
0 0.5542904515393386 0.7667153625997719 0.4813441755986317 0.7797532212086659 0.47958824743443557 0.8096334184720638 0.5599073215507412 0.7928452063854048 0.5542904515393386 0.7667153625997719
0 0.6469919190421893 0.751118165336374 0.5754094002280502 0.7607081949828962 0.5747764070695554 0.7915443306727481 0.6511005347776511 0.7790442212086659 0.6469919190421893 0.751118165336374
0 0.35998214823261115 0.8079144059293044 0.33444526339794756 0.8109807229190422 0.3376760262257697 0.8407783238312428 0.3634816031927024 0.8383889988597492 0.35998214823261115 0.8079144059293044