0 0.28677309007981755 0.4469783352337514 0.07411630558722919 0.04561003420752566
0 0.16077537058152794 0.7770809578107184 0.13568985176738882 0.059293044469783354
0 0.5285062713797035 0.4395667046750285 0.053591790193842644 0.06499429874572406
0 0.5775370581527937 0.6573546180159635 0.09007981755986318 0.05473204104903079
0 0.6584948688711516 0.036488027366020526 0.052451539338654506 0.046750285062713795
0 0.4811858608893957 0.22576966932725198 0.07411630558722919 0.04561003420752566
0 0.8084378563283923 0.23033067274800456 0.05701254275940707 0.039908779931584946
0 0.45210946408209807 0.33409350057012543 0.06043329532497149 0.06271379703534778
0 0.05131128848346636 0.4338654503990878 0.07981755986316989 0.07525655644241733
0 0.6812998859749145 0.10604332953249715 0.07981755986316989 0.08893956670467502
0 0.6123147092360319 0.6117445838084379 0.04903078677309008 0.04218928164196123
0 0.7559863169897377 0.5895096921322691 0.03192702394526796 0.036488027366020526
0 0.6984036488027366 0.5832383124287344 0.029646522234891677 0.04561003420752566
0 0.7223489167616876 0.6026225769669328 0.03078677309007982 0.037628278221208664
0 0.5336374002280502 0.3990877993158495 0.03192702394526796 0.028506271379703536
0 0.5997719498289624 0.6356898517673888 0.052451539338654506 0.039908779931584946
0 0.5433295324971493 0.3107183580387685 0.07639680729760548 0.04561003420752566
0 0.1864310148232611 0.33580387685290763 0.06841505131128849 0.06157354618015964