0 0.28164196123147095 0.4732041049030787 0.06955530216647662 0.037628278221208664
0 0.19726339794754846 0.8164196123147093 0.13112884834663627 0.043329532497149374
0 0.5210946408209807 0.43671607753705816 0.046750285062713795 0.059293044469783354
0 0.5963511972633979 0.6465222348916762 0.08551881413911061 0.04446978335233751
0 0.6009122006841505 0.020524515393386546 0.04789053591790194 0.04104903078677309
0 0.44811858608893956 0.23033067274800456 0.06955530216647662 0.037628278221208664
0 0.7730900798175598 0.1949828962371722 0.053591790193842644 0.0330672748004561
0 0.4321550741163056 0.3409350057012543 0.053591790193842644 0.05701254275940707
0 0.046750285062713795 0.48916761687571264 0.07183580387685291 0.06727480045610035
0 0.6316989737742303 0.08665906499429875 0.07069555302166476 0.08095781071835804
0 0.6248574686431014 0.5974914481185861 0.04446978335233751 0.036488027366020526
0 0.7651083238312428 0.5575826681870011 0.028506271379703536 0.0330672748004561
0 0.7069555302166477 0.5587229190421893 0.02508551881413911 0.043329532497149374
0 0.7331812998859749 0.5746864310148233 0.027366020524515394 0.03420752565564424
0 0.5210946408209807 0.3956670467502851 0.029646522234891677 0.02508551881413911
0 0.6157354618015963 0.6225769669327252 0.04903078677309008 0.03420752565564424
0 0.5199543899657925 0.30672748004561 0.07183580387685291 0.037628278221208664
0 0.16875712656784492 0.3751425313568985 0.06271379703534778 0.05473204104903079