0 0.5673523318129988 0.6824445473204105 0.5696971904218928 0.6500378460661346 0.4926896966932725 0.6330935039908779 0.48666309464082097 0.6672720592930445 0.5673523318129988 0.6824445473204105
0 0.40774850285062714 0.5895035108323832 0.33064193500570127 0.5683341049030787 0.3280553774230331 0.5973311847206386 0.4025889543899658 0.6187647662485747 0.40774850285062714 0.5895035108323832
0 0.4385298323831243 0.5486463933865451 0.33067904903078676 0.5203724515393386 0.32703402508551876 0.5458182098061574 0.4318129908779932 0.5819656966932725 0.4385298323831243 0.5486463933865451
0 0.30482913568985176 0.4998257867730901 0.41618841505131127 0.5320842155074116 0.4216570456100342 0.501070070695553 0.31249464652223485 0.4670952132269099 0.30482913568985176 0.4998257867730901
0 0.48000412314709234 0.619075661345496 0.6119233021664766 0.6541176054732042 0.6155184196123147 0.6194072656784493 0.4840091755986317 0.5868077046750285 0.48000412314709234 0.619075661345496
0 0.5262089521094641 0.5910368129988598 0.5828004948688712 0.6043812725199543 0.5912949475484606 0.5705348175598631 0.5288428289623718 0.5569975735461802 0.5262089521094641 0.5910368129988598
0 0.5847543329532497 0.5407689623717218 0.5883025290763968 0.5110985359179019 0.5166720114025085 0.4875288608893957 0.5078385404789053 0.5173290912200684 0.5847543329532497 0.5407689623717218
0 0.6022322086659065 0.5085065279361459 0.6105357901938426 0.48051635461801595 0.5519729828962372 0.45924971151653365 0.5435634697833523 0.4878406510832383 0.6022322086659065 0.5085065279361459
0 0.4589587776510832 0.4041386966932725 0.34889483124287346 0.3645340741163056 0.3446742143671608 0.3932441835803877 0.4528831676168757 0.43500992132269095 0.4589587776510832 0.4041386966932725
0 0.5003673979475485 0.4080743101482326 0.5086709806157355 0.38008413683010267 0.31645459635119727 0.304955850627138 0.3041310216647663 0.34141655416191563 0.5003673979475485 0.4080743101482326
0 0.2896482748004561 0.2993874218928164 0.22959535689851768 0.2770174401368301 0.22374220182440138 0.3054385313568985 0.28143102166476625 0.3268879988597491 0.2896482748004561 0.2993874218928164
0 0.2784911904218928 0.25281893158494867 0.22247524173318128 0.23621012086659063 0.21796805017103763 0.2665520433295325 0.2739785895096921 0.28557515621436713 0.2784911904218928 0.25281893158494867
0 0.5817875017103763 0.3904524583808438 0.6222831231470923 0.3900183329532497 0.623091874572406 0.3615495267958951 0.5832967856328393 0.3580107331812999 0.5817875017103763 0.3904524583808438
0 0.5907126750285063 0.35415670011402506 0.6669520433295324 0.3659162565564424 0.6686242827822121 0.33255036259977194 0.5889362531356898 0.32005882440136835 0.5907126750285063 0.35415670011402506
0 0.5416259714937286 0.3842114891676169 0.5465659304446978 0.3514217822120867 0.314619661345496 0.26760454503990877 0.31067041049030786 0.29836093728620294 0.5416259714937286 0.3842114891676169
0 0.461433669327252 0.31368919498289627 0.5555964743443558 0.3479647662485747 0.5605355085518814 0.31517373774230334 0.46589268072976053 0.28362707981755986 0.461433669327252 0.31368919498289627
0 0.618031165336374 0.28996751767388823 0.6591049669327252 0.3005757810718358 0.6655348392246294 0.26889053591790196 0.6239355347776511 0.2588657913340935 0.618031165336374 0.28996751767388823
0 0.4968709714937286 0.25598092246294185 0.5363131584948688 0.26630148802736603 0.5417817890535918 0.23528734321550743 0.5005319942987457 0.2244755290763968 0.4968709714937286 0.25598092246294185
0 0.36365294754846067 0.2139771117445838 0.4201973694412771 0.23236260775370582 0.4249935792474344 0.20038814709236033 0.3688407765108324 0.18336038084378561 0.36365294754846067 0.2139771117445838
0 0.2580104937286203 0.18272671379703534 0.3132100741163056 0.1991915769669327 0.32261772291904217 0.1697137377423033 0.2578672405929305 0.15010938654503989 0.2580104937286203 0.18272671379703534
0 0.5057972668187001 0.21968536145952108 0.5773296351197263 0.23903129418472066 0.5852024971493728 0.21349042417331812 0.5066522508551882 0.18976582782212087 0.5057972668187001 0.21968536145952108
0 0.5978446602052451 0.24685624059293043 0.66831896009122 0.2626486054732041 0.6748458574686431 0.23518690535917902 0.5999016237172179 0.2160822770809578 0.5978446602052451 0.24685624059293043
0 0.3621790057012543 0.17577360661345498 0.3873514663625998 0.1810539418472064 0.39349364082098065 0.15100031128848349 0.3679945062713797 0.14637097377423033 0.3621790057012543 0.17577360661345498