0 0.02813122006841505 0.5111014401368301 0.11881115963511973 0.5001917685290764 0.11305543215507412 0.4396704709236032 0.01814359977194983 0.4554459190421893 0.02813122006841505 0.5111014401368301
0 0.018242043329532498 0.3914690684150513 0.07858898403648802 0.3826804868871152 0.0710972394526796 0.3354849270239453 0.011710874572405928 0.34166422690992015 0.018242043329532498 0.3914690684150513
0 0.05058769669327252 0.418146606613455 0.13541338540478906 0.4106913500570125 0.13357895781071835 0.3844578038768529 0.05213752109464082 0.39671490992018243 0.05058769669327252 0.418146606613455
0 0.275583842645382 0.7588162998859749 0.33938829304446977 0.7558771812998859 0.3470042622576967 0.7340212987457241 0.28602148004561 0.7337169179019385 0.275583842645382 0.7588162998859749
0 0.9593732155074116 0.7079549007981756 0.9147221801596351 0.7232619600912201 0.9194284310148233 0.7524288916761688 0.9677710718358039 0.7408757434435576 0.9593732155074116 0.7079549007981756
0 0.9763084481185861 0.7539860296465223 0.908484 0.7648211550741163 0.9094717194982896 0.8007519817559864 0.97853413340935 0.7858148061573547 0.9763084481185861 0.7539860296465223
0 0.9325776818700114 0.8042593397947548 0.8299775051311288 0.8190498859749145 0.8335603990877993 0.8594011003420752 0.9346974196123148 0.8345730011402509 0.9325776818700114 0.8042593397947548
0 0.9353333409350056 0.8436671003420751 0.8378129521094642 0.8657173352337514 0.8422968472063854 0.9026073010262258 0.9422149452679589 0.8766939692132268 0.9353333409350056 0.8436671003420751
0 0.2739413169897377 0.27763445496009126 0.35922346864310145 0.25491747890535915 0.34885184036488026 0.23736559977194985 0.2694249965792474 0.2566269441277081 0.2739413169897377 0.27763445496009126
0 0.2731670125427594 0.2883508323831243 0.2794126966932725 0.31228360205245154 0.36511697605473203 0.290160062713797 0.3645152303306728 0.2652085324971494 0.2731670125427594 0.2883508323831243
0 0.42804517787913343 0.01859463968072976 0.4302309236031927 0.006257042189281642 0.3571369521094641 0.012578744583808437 0.35870447776510833 0.029535791334093498 0.42804517787913343 0.01859463968072976