0 0.216352165336374 0.6854898677309008 0.18446450513112886 0.6665632679589509 0.15803455872291902 0.7331860535917902 0.19066808551881415 0.7469230091220068 0.216352165336374 0.6854898677309008
0 0.5970737115165337 0.06860377765108323 0.5776793033067275 0.1224523637400228 0.6055157217787913 0.13637225769669328 0.6240653614595212 0.08014443101482326 0.5970737115165337 0.06860377765108323
0 0.6382046875712657 0.05185466248574687 0.6091381368301026 0.13675298859749146 0.6396908004561003 0.15095837058152795 0.6687751915621437 0.06881046180159635 0.6382046875712657 0.05185466248574687
0 0.6917267890535919 0.02174901596351197 0.642693905359179 0.14852546864310148 0.6743432246294184 0.16101375142531357 0.7215648996579247 0.0340469338654504 0.6917267890535919 0.02174901596351197
0 0.7234713500570126 0.0333311299885975 0.6763449156214367 0.1593917765108324 0.7088992725199543 0.17197518472063855 0.7545586054732041 0.048050790193842646 0.7234713500570126 0.0333311299885975
0 0.7599349806157355 0.04357687571265679 0.7448770706955531 0.08230617559863171 0.7763359053591791 0.09660679931584949 0.79134286659065 0.05764310034207526 0.7599349806157355 0.04357687571265679
0 0.742827992018244 0.09308497605473205 0.7284857673888255 0.13372185860889396 0.7594194002280501 0.1443025598631699 0.7746583568985176 0.10742464994298745 0.742827992018244 0.09308497605473205
0 0.729486047890536 0.1329108118586089 0.7133326157354618 0.1733573283922463 0.7434564526795895 0.18293673546180161 0.7584500581527936 0.15267534891676168 0.729486047890536 0.1329108118586089
0 0.7961117525655644 0.05654101482326111 0.749604630558723 0.18541529646522237 0.7813491904218929 0.19699741049030786 0.8263991493728621 0.0727799236031927 0.7961117525655644 0.05654101482326111
0 0.83209803990878 0.07131749486887115 0.8245690843785634 0.09068214367160775 0.8552181231470923 0.10398147434435577 0.864078015963512 0.0847567126567845 0.83209803990878 0.07131749486887115
0 0.8207099315849486 0.10127069783352338 0.7840654355758268 0.19728289965792473 0.8173354777651084 0.21177388939566702 0.852458385404789 0.11903744127708096 0.8207099315849486 0.10127069783352338