0 0.6795895096921323 0.5963511972633979 0.07069555302166476 0.06157354618015964
0 0.468072976054732 0.5381984036488028 0.07981755986316989 0.06955530216647662
0 0.733751425313569 0.572405929304447 0.06385404789053592 0.053591790193842644
0 0.13169897377423034 0.5296465222348917 0.0661345496009122 0.08437856328392246
0 0.5467502850627138 0.4663625997719498 0.06043329532497149 0.04446978335233751
0 0.878563283922463 0.9532497149372862 0.05131128848346636 0.06499429874572406
0 0.9019384264538198 0.9475484606613455 0.028506271379703536 0.02508551881413911
0 0.7884834663625998 0.7844925883694412 0.04104903078677309 0.029646522234891677
0 0.8266818700114025 0.7873432155074116 0.03192702394526796 0.026225769669327253
0 0.3426453819840365 0.4669327251995439 0.06043329532497149 0.05473204104903079
0 0.9007981755986317 0.9224629418472063 0.03078677309007982 0.028506271379703536
0 0.6123147092360319 0.991448118586089 0.04789053591790194 0.01710376282782212