0 0.4258836944127708 0.314709236031927 0.09920182440136831 0.06841505131128849
0 0.4749144811858609 0.5296465222348917 0.0661345496009122 0.08893956670467502
0 0.37970353477765106 0.2411630558722919 0.08323831242873432 0.09920182440136831
0 0.47833523375142534 0.2690992018244014 0.06157354618015964 0.07297605473204105
0 0.40022805017103763 0.5136830102622577 0.04789053591790194 0.08551881413911061
0 0.8335233751425314 0.604903078677309 0.07867730900798175 0.10376282782212087
0 0.7833523375142531 0.3295324971493729 0.05701254275940707 0.06499429874572406
0 0.7633979475484607 0.61345496009122 0.052451539338654506 0.05131128848346636
0 0.6812998859749145 0.3169897377423033 0.05701254275940707 0.053591790193842644
0 0.5302166476624858 0.26738882554161914 0.06271379703534778 0.07069555302166476
0 0.5182440136830102 0.282212086659065 0.0330672748004561 0.03534777651083238
0 0.7058152793614595 0.3614595210946408 0.09236031927023945 0.05131128848346636
0 0.9942987457240593 0.3717217787913341 0.011402508551881414 0.06841505131128849
0 0.3408357023945268 0.5782839247434436 0.3529087970353478 0.5600883876852908 0.3230761505131129 0.5283154823261117 0.31255738084378565 0.5452948939566704 0.3408357023945268 0.5782839247434436