0 0.6385404789053591 0.26795895096921324 0.08779931584948689 0.06271379703534778
0 0.9464082098061574 0.3460661345496009 0.07183580387685291 0.08551881413911061
0 0.2690992018244014 0.6316989737742303 0.053591790193842644 0.046750285062713795
0 0.5752565564424174 0.5752565564424174 0.053591790193842644 0.05473204104903079
0 0.07354618015963511 0.05416191562143672 0.08893956670467502 0.052451539338654506
0 0.3181299885974915 0.6915621436716077 0.04903078677309008 0.06955530216647662
0 0.3198403648802737 0.08608893956670467 0.09464082098061574 0.04903078677309008
0 0.9133409350057012 0.24458380843785632 0.05017103762827822 0.06841505131128849
0 0.9561003420752565 0.25655644241733183 0.04446978335233751 0.05131128848346636
0 0.9891676168757126 0.3449258836944128 0.021664766248574687 0.04446978335233751
0 0.701254275940707 0.03876852907639681 0.07069555302166476 0.04903078677309008