0 0.5610034207525656 0.5068415051311288 0.06727480045610035 0.06841505131128849
0 0.5336374002280502 0.22234891676168758 0.06499429874572406 0.08437856328392246
0 0.24173318129988597 0.5456100342075256 0.055872291904218926 0.053591790193842644
0 0.31927023945267957 0.7525655644241733 0.06043329532497149 0.06385404789053592
0 0.18814139110604333 0.5946408209806158 0.04789053591790194 0.052451539338654506
0 0.22063854047890535 0.37400228050171036 0.05017103762827822 0.05017103762827822
0 0.8152793614595211 0.7405929304446979 0.04903078677309008 0.055872291904218926
0 0.9675028506271379 0.6670467502850627 0.026225769669327253 0.046750285062713795
0 0.4766248574686431 0.37856328392246297 0.055872291904218926 0.046750285062713795
0 0.5434027491448119 0.36006413454960096 0.529325992018244 0.3374310798175599 0.4946734675028506 0.3548540182440137 0.5027382006841505 0.37916170923603193 0.5434027491448119 0.36006413454960096
0 0.7822845746864311 0.21321447206385405 0.7528747001140251 0.1378589338654504 0.7316128437856328 0.1522002371721779 0.7593477115165337 0.22154566704675027 0.7822845746864311 0.21321447206385405
0 0.10227253591790195 0.6992552782212087 0.07659748004561004 0.707056212086659 0.07766547890535917 0.7527419498289624 0.09683788483466362 0.7564686875712657 0.10227253591790195 0.6992552782212087