0 0.338654503990878 0.7559863169897377 0.04561003420752566 0.07867730900798175
0 0.03420752565564424 0.9310148232611174 0.039908779931584946 0.05017103762827822
0 0.16647662485746864 0.7360319270239453 0.04446978335233751 0.046750285062713795
0 0.1379703534777651 0.93557582668187 0.04561003420752566 0.07981755986316989
0 0.8050171037628279 0.7286202964652223 0.04561003420752566 0.07639680729760548
0 0.5758266818700114 0.5980615735461802 0.04789053591790194 0.05701254275940707
0 0.04503990877993159 0.7274800456100342 0.03876852907639681 0.03192702394526796
0 0.8403648802736602 0.8187001140250855 0.04104903078677309 0.04903078677309008
0 0.06100342075256556 0.6881413911060433 0.039908779931584946 0.03420752565564424
0 0.7546394686431015 0.7404217787913342 0.7591937012542759 0.7109480091220068 0.7228956431014822 0.7108201835803878 0.7250683614595211 0.7330801824401368 0.7546394686431015 0.7404217787913342
0 0.5547985028506272 0.8939740433295325 0.5587198415051311 0.8463765541619156 0.520587929304447 0.8337484743443557 0.5141227069555302 0.8884156111744583 0.5547985028506272 0.8939740433295325
0 0.48594521208665903 0.8810233956670467 0.4802528814139111 0.8379477673888255 0.46078226453819837 0.8400250319270239 0.46642586088939564 0.8817050262257697 0.48594521208665903 0.8810233956670467
0 0.09108688255416192 0.5667666134549602 0.11648918358038768 0.49468773888255413 0.08014238882554162 0.49316428050171035 0.05699384606613455 0.549809393386545 0.09108688255416192 0.5667666134549602
0 0.9619293671607755 0.3604677263397948 0.9382593899657925 0.32220798973774234 0.9110070057012543 0.3413074378563284 0.9372228198403649 0.3724974561003421 0.9619293671607755 0.3604677263397948