0 0.5439902987457241 0.9699449338654504 0.5267816909920182 0.8802469064994299 0.46680931927023944 0.8902103648802736 0.4891670535917902 0.9837905575826682 0.5439902987457241 0.9699449338654504
0 0.4253391801596351 0.9881551527936147 0.41236241847206384 0.9285682748004561 0.36580442075256553 0.9393339669327252 0.376111251995439 0.9981446225769669 0.4253391801596351 0.9881551527936147
0 0.44969541391106044 0.9540273614595212 0.43634117787913346 0.8699283557582669 0.41029949942987454 0.873588275940707 0.4282078141391106 0.9539763124287344 0.44969541391106044 0.9540273614595212
0 0.7738403169897378 0.7058153785632839 0.7664575838084379 0.6423713751425313 0.744123677309008 0.6362985473204105 0.7480739828962372 0.6971540114025087 0.7738403169897378 0.7058153785632839
0 0.6754040775370582 0.027239594070695552 0.6937885484606613 0.07071409578107184 0.7225561391106043 0.0639847251995439 0.707658921322691 0.016565752565564425 0.6754040775370582 0.027239594070695552
0 0.7201417354618016 0.007134645381984037 0.7356816602052452 0.07403805701254276 0.7714560615735462 0.07054633523375142 0.7517377229190423 0.0026941185860889397 0.7201417354618016 0.007134645381984037
0 0.7733430855188141 0.04725199657924744 0.795254629418472 0.14857050855188142 0.8352576202964652 0.14218158380843784 0.80343503990878 0.04302284834663626 0.7733430855188141 0.04725199657924744
0 0.8124626259977195 0.04175410376282782 0.8412618255416191 0.13749879133409348 0.8777491493728621 0.13045250513112885 0.8449290068415052 0.03258542417331813 0.8124626259977195 0.04175410376282782
0 0.2939451824401368 0.7410194515393387 0.2653345621436716 0.6575296989737742 0.24854892702394527 0.6691004207525656 0.2733038882554162 0.746990180159635 0.2939451824401368 0.7410194515393387
0 0.3046894686431015 0.7410443329532498 0.3281282622576967 0.7331443979475484 0.3000801858608894 0.649192149372862 0.27523141163055875 0.6515329600912201 0.3046894686431015 0.7410443329532498
0 0.024786633979475482 0.6053606841505131 0.012326620296465224 0.6040408905359179 0.02373170125427594 0.6765158289623717 0.04053809692132269 0.6737692576966933 0.024786633979475482 0.6053606841505131