0 0.47261407753705814 0.3695495017103763 0.4695892668187001 0.3349757525655644 0.3877225188141391 0.3412041664766249 0.3938450319270239 0.37311352907639683 0.47261407753705814 0.3695495017103763
0 0.6408945872291905 0.36148275142531355 0.5633532611174459 0.360070212086659 0.5659428905359178 0.389669802736602 0.6459011607753706 0.39016123147092363 0.6408945872291905 0.36148275142531355
0 0.6552136761687571 0.4109761197263398 0.5446493101482326 0.40317911972633985 0.5467850091220069 0.43710154275940705 0.658278701254276 0.436498236031927 0.6552136761687571 0.4109761197263398
0 0.5753965279361459 0.4786897434435576 0.6896326488027366 0.4832536259977195 0.688565668187001 0.4496543409350057 0.5726517685290764 0.4473169931584949 0.5753965279361459 0.4786897434435576
0 0.3575129007981756 0.4145598061573546 0.4929784629418472 0.4120114663625997 0.48849548460661346 0.3798064287343216 0.3520018209806158 0.3801017069555302 0.3575129007981756 0.4145598061573546
0 0.39356009806157355 0.4554974686431015 0.4573879087799316 0.452409645381984 0.4511220353477765 0.418848566704675 0.3930050022805017 0.4206057776510832 0.39356009806157355 0.4554974686431015
0 0.4871238415051311 0.5163612291904219 0.4879434526795895 0.48529014709236035 0.40758181755986317 0.4825562417331813 0.4118337947548461 0.5121340136830103 0.4871238415051311 0.5163612291904219
0 0.4603449042189282 0.552813354618016 0.46106799087799316 0.5230200855188142 0.3990496180159635 0.518242968072976 0.39827336374002276 0.5474285245153934 0.4603449042189282 0.552813354618016
0 0.6776636259977196 0.5629169281641961 0.5623320353477765 0.5505808608893957 0.5644535074116306 0.5819726590649943 0.6810175473204105 0.5917411413911061 0.6776636259977196 0.5629169281641961
0 0.72777238654504 0.6408931356898517 0.7302393204104903 0.6024852234891677 0.5234372405929304 0.588888488027366 0.5226609851767389 0.6180740444697833 0.72777238654504 0.6408931356898517
0 0.817200755986317 0.6164311676168758 0.7559261037628278 0.6106435381984037 0.75510651995439 0.6393338369441277 0.818902961231471 0.6453987423033066 0.817200755986317 0.6164311676168758
0 0.8328427206385405 0.6524981710376283 0.773817150513113 0.6486198483466362 0.7779362474344356 0.6814278791334094 0.8363421755986317 0.682972763968073 0.8328427206385405 0.6524981710376283
0 0.41693599885974914 0.665591409350057 0.4562910102622577 0.6587098939566705 0.44935232953249715 0.6269829623717218 0.41034892246294186 0.6378833340935005 0.41693599885974914 0.665591409350057
0 0.3804606054732041 0.7053871060433295 0.46066637970353475 0.6968282246294184 0.4501253090079818 0.6643519783352339 0.3734401356898518 0.6727253192702395 0.3804606054732041 0.7053871060433295
0 0.7392120262257696 0.6764968095781071 0.735066369441277 0.6457662748004561 0.4897606716077537 0.6226167069555302 0.4934756374002281 0.6555676875712657 0.7392120262257696 0.6764968095781071
0 0.48936374572405933 0.6941962029646522 0.5889465735461801 0.7001725678449259 0.585473 0.6699807172177878 0.4856475438996579 0.6612441858608894 0.48936374572405933 0.6941962029646522
0 0.39992115507411635 0.7660781698973774 0.44269759179019386 0.7649946362599772 0.4403510558722919 0.7334245131128848 0.39793118928164195 0.7338083990877994 0.39992115507411635 0.7660781698973774
0 0.5281545678449259 0.7665067149372863 0.5707971140250855 0.7662738928164196 0.5661791949828963 0.7348944766248575 0.5254098072976054 0.7351339646522235 0.5281545678449259 0.7665067149372863
0 0.6499958928164196 0.7699897366020524 0.7086424458380843 0.7719038814139111 0.7057293101482327 0.7409876807297605 0.6463530752565564 0.7378634287343215 0.6499958928164196 0.7699897366020524
0 0.7568224971493729 0.7731221197263398 0.8244406408209807 0.7752998107183581 0.815860282782212 0.743830968072976 0.7582801619156214 0.7422138335233751 0.7568224971493729 0.7731221197263398
0 0.49185484150513115 0.7987990273660205 0.5738689315849487 0.801384928164196 0.5669510376282783 0.7722635917901939 0.49284897947548456 0.7720907947548461 0.49185484150513115 0.7987990273660205
0 0.39965054275940703 0.8010432451539338 0.476985755986317 0.8000999042189282 0.4710077411630558 0.7698421562143671 0.3988474298745724 0.7728279942987458 0.39965054275940703 0.8010432451539338
0 0.6932050091220068 0.8095419395667047 0.7190334424173318 0.807413873432155 0.7170408232611174 0.7775079486887115 0.6913594424173318 0.7789226488027367 0.6932050091220068 0.8095419395667047