0 0.5501710376282782 0.30216647662485746 0.06271379703534778 0.07183580387685291
0 0.5450399087799316 0.5216647662485747 0.07297605473204105 0.08209806157354618
0 0.5136830102622577 0.2559863169897377 0.055872291904218926 0.06499429874572406
0 0.6174458380843786 0.8500570125427594 0.08551881413911061 0.06841505131128849
0 0.45610034207525657 0.4629418472063854 0.046750285062713795 0.06157354618015964
0 0.8483466362599772 0.02508551881413911 0.0661345496009122 0.05017103762827822
0 0.8363740022805017 0.00798175598631699 0.026225769669327253 0.01596351197263398
0 0.7058152793614595 0.1516533637400228 0.03192702394526796 0.04218928164196123
0 0.6995438996579247 0.11345496009122007 0.026225769669327253 0.0330672748004561
0 0.5057012542759407 0.6607753705815279 0.055872291904218926 0.06271379703534778
0 0.8118586088939567 0.011972633979475485 0.029646522234891677 0.02394526795895097
0 0.9572405929304447 0.2690992018244014 0.03534777651083238 0.04903078677309008