0 0.9382801607753706 0.3421937263397948 0.8566377388825541 0.3324270125427594 0.847053590649943 0.3955344857468643 0.9299300604332954 0.40706219726339793 0.9382801607753706 0.3421937263397948
0 0.6837226636259978 0.5426166830102622 0.7643947765108324 0.5491266579247435 0.7767100330672748 0.4880429977194983 0.6905759007981757 0.47748427480045613 0.6837226636259978 0.5426166830102622
0 0.37412865336374007 0.48694664082098066 0.43484407183580387 0.48932058266818695 0.43834228278221204 0.4721078175598632 0.3758146351197263 0.4668786579247434 0.37412865336374007 0.48694664082098066
0 0.37619046864310146 0.4910129703534778 0.3729729338654504 0.5145136738882554 0.43247003762827824 0.5185438654503991 0.4364308791334094 0.4960808164196123 0.37619046864310146 0.4910129703534778
0 0.6055591334093501 0.8554485712656784 0.6600928836944128 0.8613615678449259 0.6757199338654505 0.8265809885974914 0.6166995701254275 0.8185337856328393 0.6055591334093501 0.8554485712656784
0 0.5797053557582668 0.7971996054732041 0.5778611710376282 0.8181648072976054 0.6154331459521095 0.8257160330672748 0.6234685028506272 0.8011578768529076 0.5797053557582668 0.7971996054732041
0 0.603920850627138 0.854233425313569 0.607138385404789 0.8307327217787913 0.5842365963511973 0.8266597833523376 0.5777105210946408 0.850538109464082 0.603920850627138 0.854233425313569
0 0.5547616488027366 0.78632092018244 0.6158489258836944 0.7970922554161916 0.6214829954389965 0.7730195929304446 0.5620473637400228 0.7607610433295325 0.5547616488027366 0.78632092018244
0 0.376024511972634 0.4604352291904219 0.454971709236032 0.46972785860889393 0.462570251995439 0.4266343785632839 0.3813513637400228 0.41971884834663625 0.376024511972634 0.4604352291904219
0 0.7637129897377423 0.9566128084378563 0.865012015963512 0.9652176214367161 0.8781182668187002 0.9132142827822121 0.7747427229190422 0.8993132371721779 0.7637129897377423 0.9566128084378563
0 0.873666873432155 1 0.8776653990877993 0.9814470524515393 0.8088437605473204 0.9738275210946409 0.8046136339794755 1 0.873666873432155 1
0 0.38746576738882554 0.8893451573546179 0.46794471607753707 0.8952039429874572 0.47994270239452674 0.8534257571265679 0.3931094218928164 0.8468320923603193 0.38746576738882554 0.8893451573546179
0 0.5910516909920183 1 0.5977960091220069 0.9598867126567845 0.5320551562143672 0.9518679247434436 0.5243419851767389 1 0.5910516909920183 1