0 0.4007981755986317 0.32668187001140253 0.09350057012542759 0.059293044469783354
0 0.47947548460661343 0.5330672748004561 0.05815279361459521 0.08323831242873432
0 0.3449258836944128 0.26054732041049034 0.07411630558722919 0.09236031927023945
0 0.44640820980615736 0.2748004561003421 0.05473204104903079 0.06841505131128849
0 0.403078677309008 0.5273660205245154 0.039908779931584946 0.08209806157354618
0 0.8449258836944128 0.557012542759407 0.06841505131128849 0.09692132269099202
0 0.7571265678449259 0.2919042189281642 0.05131128848346636 0.06043329532497149
0 0.7765108323831242 0.5758266818700114 0.04789053591790194 0.046750285062713795
0 0.6545039908779932 0.2936145952109464 0.052451539338654506 0.04903078677309008
0 0.4977194982896237 0.26567844925883694 0.055872291904218926 0.0661345496009122
0 0.48745724059293044 0.28164196123147095 0.029646522234891677 0.03192702394526796
0 0.6847206385404789 0.33409350057012543 0.08893956670467502 0.04218928164196123
0 0.9828962371721779 0.30273660205245156 0.026225769669327253 0.0661345496009122
0 0.35327969441277085 0.5996734595210946 0.36270296579247435 0.5799747502850627 0.3287387149372862 0.5526629578107183 0.3206853911060433 0.5709410570125427 0.35327969441277085 0.5996734595210946