0 0.5381984036488028 0.28335233751425315 0.04104903078677309 0.07183580387685291
0 0.20011402508551882 0.18129988597491448 0.05017103762827822 0.13340935005701254
0 0.5621436716077537 0.5245153933865451 0.06157354618015964 0.05017103762827822
0 0.34891676168757124 0.5883694412770809 0.04903078677309008 0.08779931584948689
0 0.9737742303306728 0.6259977194982896 0.043329532497149374 0.05017103762827822
0 0.7719498289623717 0.4623717217787913 0.04104903078677309 0.07183580387685291
0 0.790193842645382 0.7884834663625998 0.03534777651083238 0.05473204104903079
0 0.6624857468643102 0.44070695553021666 0.059293044469783354 0.05701254275940707
0 0.5347776510832383 0.04789053591790194 0.07069555302166476 0.07525655644241733
0 0.9059293044469784 0.6533637400228051 0.08437856328392246 0.07525655644241733
0 0.3962371721778791 0.6197263397947549 0.03876852907639681 0.046750285062713795
0 0.42873432155074115 0.7616875712656784 0.03420752565564424 0.029646522234891677
0 0.43044469783352335 0.7035347776510832 0.04446978335233751 0.027366020524515394
0 0.41334093500570124 0.7291904218928165 0.03534777651083238 0.029646522234891677
0 0.6031927023945268 0.5267958950969214 0.026225769669327253 0.03078677309007982
0 0.3717217787913341 0.6088939566704675 0.036488027366020526 0.05131128848346636
0 0.6921322690992018 0.5302166476624858 0.04104903078677309 0.07411630558722919
0 0.6419612314709237 0.17559863169897377 0.05815279361459521 0.06499429874572406