0 0.9559457366020525 0.2330652725199544 0.8873078517673888 0.2416275165336374 0.8900685096921324 0.30276246636259974 0.9643146727480046 0.2956208859749145 0.9559457366020525 0.2330652725199544
0 0.9022934538198404 0.477073661345496 0.9051729087799316 0.5389586681870011 0.9781192234891676 0.5381808757126567 0.9730992987457241 0.46816804561003417 0.9022934538198404 0.477073661345496
0 0.8844348221208667 0.6022753979475485 0.8879900900798176 0.6732890809578107 0.9517320684150513 0.6678112006841506 0.946482953249715 0.5916790661345497 0.8844348221208667 0.6022753979475485
0 0.7987328084378563 0.056319705815279356 0.7931356282782211 0.006409785632839224 0.7095876681870011 0.019256891676168755 0.7154825769669327 0.06488738996579248 0.7987328084378563 0.056319705815279356
0 0.5494506818700114 0.21124853819840367 0.5510219384264539 0.2648739030786773 0.5865249806157355 0.2607908289623717 0.5878090456100342 0.20401870581527937 0.5494506818700114 0.21124853819840367
0 0.5462043968072976 0.33644483580387685 0.5533108118586089 0.4007381596351197 0.6353354401368301 0.38928679019384266 0.6348260809578108 0.3277952690992018 0.5462043968072976 0.33644483580387685
0 0.5899929281641961 0.4526514948688712 0.591526677309008 0.5109018118586088 0.64476334663626 0.5070878084378563 0.6428566043329533 0.44831933523375145 0.5899929281641961 0.4526514948688712
0 0.5181804732041049 0.5290610581527937 0.5120993956670468 0.46152522576966937 0.46719802850627135 0.46940693044469783 0.47593082896237177 0.536329976054732 0.5181804732041049 0.5290610581527937
0 0.45118166362599776 0.1594683055872292 0.4114139749144812 0.16576688825541616 0.4122800820980616 0.22951083352337515 0.4526635496009122 0.22542364994298744 0.45118166362599776 0.1594683055872292
0 0.2470163204104903 0.20104063283922463 0.24676744925883695 0.24802864652223489 0.3139040935005701 0.2397041755986317 0.3116646396807297 0.19772812998859748 0.2470163204104903 0.20104063283922463
0 0.2882436237172178 0.12139518700114024 0.28687358152793613 0.07389471037628279 0.2536207103762828 0.07762139224629418 0.2560073204104903 0.1257308882554162 0.2882436237172178 0.12139518700114024
0 0.09744575370581528 0.19394533979475484 0.10699556214367162 0.24938598289623717 0.13779574116305587 0.23988985632839227 0.1367870102622577 0.1869442690992018 0.09744575370581528 0.19394533979475484
0 0.2690923511972634 0.4715377457240593 0.2682394823261117 0.5001488415051312 0.32250983922462945 0.5077157605473205 0.32261181185860893 0.4672933614595211 0.2690923511972634 0.4715377457240593
0 0.12243723375142532 0.43242456556442416 0.12349113797035348 0.40993723261117443 0.10089816419612314 0.4081288779931585 0.10291924743443558 0.43474588369441275 0.12243723375142532 0.43242456556442416
0 0.12822238882554163 0.39610433295324976 0.12682902622576966 0.4455825450399088 0.1550668369441277 0.44418791676168756 0.1558572291904219 0.3984613945267959 0.12822238882554163 0.39610433295324976