0 0.21322690992018245 0.8540478905359179 0.05017103762827822 0.046750285062713795
0 0.2451539338654504 0.9828962371721779 0.05701254275940707 0.0330672748004561
0 0.23831242873432154 0.17217787913340935 0.04789053591790194 0.028506271379703536
0 0.4104903078677309 0.7445838084378563 0.05131128848346636 0.04789053591790194
0 0.6556442417331813 0.8620296465222349 0.06385404789053592 0.04104903078677309
0 0.8198403648802737 0.9258836944127709 0.06385404789053592 0.036488027366020526
0 0.6282782212086659 0.08779931584948689 0.06955530216647662 0.046750285062713795
0 0.6484375005701255 0.5870527343215507 0.6289062497149374 0.6163496088939566 0.6609941402508552 0.6428574218928165 0.681919921322691 0.6079804686431015 0.6484375005701255 0.5870527343215507
0 0.7014511721778791 0.684708984036488 0.7112167970353478 0.6665742189281643 0.6540175781071835 0.6414628905359179 0.644251953249715 0.6554121094640821 0.7014511721778791 0.684708984036488
0 0.7446992189281643 0.684708984036488 0.760044921322691 0.6554121094640821 0.7195878905359179 0.6303007810718357 0.7084257810718357 0.6595976567844926 0.7446992189281643 0.684708984036488
0 0.768416015963512 0.06947460889395667 0.808873046750285 0.0876113283922463 0.8172441402508552 0.07226562485746864 0.771205078677309 0.05691992132269099 0.768416015963512 0.06947460889395667
0 0.8116621094640821 0.06389453135689852 0.8228242189281643 0.04854882782212087 0.7963164059293045 0.035994140250855185 0.7879472656784493 0.052734375142531355 0.8116621094640821 0.06389453135689852
0 0.800501953249715 0.03180859407069555 0.8256132816419612 0.04436328164196123 0.8325898437856328 0.029017578107183584 0.808873046750285 0.009486328392246293 0.800501953249715 0.03180859407069555