0 0.7713797035347777 0.6339794754846066 0.08323831242873432 0.053591790193842644
0 0.9749144811858609 0.9179019384264538 0.05017103762827822 0.04561003420752566
0 0.7696693272519954 0.80672748004561 0.05131128848346636 0.04903078677309008
0 0.9640820980615735 0.8135689851767389 0.07183580387685291 0.053591790193842644
0 0.6949828962371721 0.17274800456100342 0.08095781071835804 0.053591790193842644
0 0.5900798175598632 0.4144811858608894 0.06157354618015964 0.052451539338654506
0 0.7736602052451539 0.928164196123147 0.03534777651083238 0.04104903078677309
0 0.7810718358038768 0.12827822120866592 0.052451539338654506 0.046750285062713795
0 0.7331812998859749 0.9167616875712656 0.037628278221208664 0.043329532497149374
0 0.6863663500570126 0.2562886921322691 0.7082772953249714 0.25180107297605475 0.7124876510832383 0.22162455416191562 0.6826992941847205 0.22017611858608896 0.6863663500570126 0.2562886921322691
0 0.8297681402508551 0.4446386385404789 0.8848116054732041 0.4453541721778791 0.8860878084378564 0.4043201881413911 0.8383411721778791 0.405395622576967 0.8297681402508551 0.4446386385404789
0 0.8422617092360318 0.5034606020524516 0.8831234595210946 0.49349117673888254 0.8804052348916762 0.47415000342075253 0.838160590649943 0.48431378107183576 0.8422617092360318 0.5034606020524516
0 0.5370887981755986 0.9182721140250856 0.5958432850627139 0.9353728198403649 0.6091439179019383 0.8996940376282782 0.5348046362599772 0.8819651870011402 0.5370887981755986 0.9182721140250856
0 0.2992148415051311 0.10783242417331812 0.3274936989737742 0.07849997833523376 0.3129473318129989 0.055186224629418475 0.2773713728620297 0.08272576624857468 0.2992148415051311 0.10783242417331812