0 0.5667046750285063 0.6927023945267959 0.05815279361459521 0.06727480045610035
0 0.5427594070695553 0.47434435575826683 0.0661345496009122 0.07753705815279362
0 0.5347776510832383 0.74230330672748 0.05131128848346636 0.06157354618015964
0 0.5866590649942988 0.14082098061573547 0.08209806157354618 0.06271379703534778
0 0.45952109464082097 0.540478905359179 0.04218928164196123 0.059293044469783354
0 0.8882554161915621 0.9446978335233751 0.06271379703534778 0.04903078677309008
0 0.879133409350057 0.9669327251995439 0.02394526795895097 0.027366020524515394
0 0.7354618015963512 0.8289623717217788 0.028506271379703536 0.039908779931584946
0 0.7326111744583809 0.8677309007981756 0.02394526795895097 0.03078677309007982
0 0.492018244013683 0.3392246294184721 0.052451539338654506 0.05815279361459521
0 0.8540478905359179 0.9623717217787914 0.027366020524515394 0.029646522234891677
0 0.976054732041049 0.6898517673888256 0.03192702394526796 0.046750285062713795