0 0.330672748004561 0.6590649942987458 0.14709236031927023 0.04903078677309008
0 0.28734321550741165 0.39680729760547323 0.039908779931584946 0.05701254275940707
0 0.4492588369441277 0.7605473204104903 0.07069555302166476 0.037628278221208664
0 0.2839224629418472 0.6989737742303307 0.06271379703534778 0.05701254275940707
0 0.31927023945267957 0.9099201824401368 0.07183580387685291 0.037628278221208664
0 0.36259977194982895 0.8198403648802737 0.07183580387685291 0.043329532497149374
0 0.44583808437856326 0.7058152793614595 0.052451539338654506 0.0661345496009122
0 0.2805017103762828 0.7799315849486887 0.05017103762827822 0.03534777651083238
0 0.30444697833523376 0.8323831242873432 0.055872291904218926 0.03534777651083238
0 0.31110546864310146 0.23716601596351197 0.3655136716077537 0.2385605473204105 0.32645117217787917 0.14508984378563283 0.30691992132269097 0.14229882782212086 0.31110546864310146 0.23716601596351197
0 0.02929687457240593 0.9444746088939566 0.09068164082098061 0.931919921322691 0.07951953135689852 0.9054121094640821 0.019531249714937287 0.9179687502850626 0.02929687457240593 0.9444746088939566