0 0.8345611619156214 0.5129658141391106 0.9060582736602053 0.5147570581527936 0.9154534492588369 0.4431705564424173 0.8408079076396808 0.43531931128848345 0.8345611619156214 0.5129658141391106
0 0.6358769167616876 0.019521233751425313 0.5643786659064994 0.01773000912200684 0.5640256670467503 0.08459812200684151 0.640858921322691 0.08717891220068415 0.6358769167616876 0.019521233751425313
0 0.32401753705815284 0.011287647662485746 0.2616399030786773 0.009337222348916761 0.26560857126567844 0.06245392816419612 0.31730675484606613 0.062414834663626004 0.32401753705815284 0.011287647662485746
0 0.13839723033067275 0.09202749372862029 0.14545839794754845 0.14813059179019383 0.19554223261117445 0.14269695781071834 0.19426310148232612 0.09117209578107183 0.13839723033067275 0.09202749372862029
0 0.4931213774230331 0.5523572132269099 0.34249859407069555 0.5473876944127708 0.3463070205245154 0.591389503990878 0.4825702417331813 0.6012318095781072 0.4931213774230331 0.5523572132269099
0 0.42551223375142533 0.5991246659064994 0.4215618244013683 0.6341453523375143 0.48567131584948686 0.6482224743443558 0.48498187571265683 0.6087244994298746 0.42551223375142533 0.5991246659064994
0 0.4225164321550741 0.6888348551881414 0.4926529019384265 0.6997664036488028 0.483697921322691 0.6658365644241734 0.420544771949829 0.6630352337514253 0.4225164321550741 0.6888348551881414
0 0.07610031698973774 0.6173805997719498 0.12175643899657924 0.6196229007981755 0.11848407525655644 0.5410625724059293 0.03826549486887115 0.5405411778791335 0.07610031698973774 0.6173805997719498
0 0.002870368301026226 0.6688067217787913 0.03297156214367161 0.6728395803876853 0.037779921322690986 0.5998140957810718 0.003505647662485747 0.5962885803876853 0.002870368301026226 0.6688067217787913
0 0.6604745028506271 0.7317887981755986 0.6642127970353479 0.6846160296465222 0.5607923842645383 0.683382007981756 0.5674292611174458 0.7151775199543899 0.6604745028506271 0.7317887981755986
0 0.5562138175598631 0.5953242155074117 0.5211726499429875 0.5913764446978336 0.5199965165336374 0.6111525484606614 0.5570732611174458 0.6227398460661345 0.5562138175598631 0.5953242155074117
0 0.6383789156214367 0.5984482953249715 0.613951581527936 0.59279621322691 0.6190952622576967 0.6261379760547321 0.6407448688711517 0.6250803876852908 0.6383789156214367 0.5984482953249715
0 0.6441855302166476 0.6697694492588369 0.676160725199544 0.6722505518814138 0.6757364538198404 0.6479441060433295 0.643734732041049 0.6439432805017103 0.6441855302166476 0.6697694492588369
0 0.5348151117445838 0.6535311539338655 0.5371157730900797 0.6336473956670468 0.5143142291904219 0.6340453979475484 0.5161786818700114 0.6537684287343216 0.5348151117445838 0.6535311539338655
0 0.5513005302166477 0.6622730684150513 0.5132187765108324 0.6583783705815279 0.5196965724059293 0.6810601060433296 0.5562340855188141 0.683576755986317 0.5561525153933865 0.6789035792474345 0.5513005302166477 0.6622730684150513
0 0.6318928722919042 0.6623853694412771 0.5953043340935006 0.6569455621436716 0.592661511972634 0.6797864982896238 0.6341389806157355 0.6822169213226911 0.6318928722919042 0.6623853694412771