0 0.6774738323831243 0.19046969555302165 0.6952760387685291 0.22299845838084378 0.757568118586089 0.19947401140250853 0.7449784253135691 0.16638094982896237 0.6774738323831243 0.19046969555302165
0 0.1199713865450399 0.5644557616875713 0.06547874914481186 0.5819590649942987 0.07607037742303308 0.6093370364880274 0.13291132383124288 0.5927610193842645 0.1199713865450399 0.5644557616875713
0 0.13316540250855188 0.5963945142531357 0.04730438654503991 0.6224804503990877 0.06318296123147092 0.6536240798175598 0.14629585860889396 0.6274243272519954 0.13316540250855188 0.5963945142531357
0 0.14375963169897377 0.6303406966932725 0.01534918472063854 0.6749192748004561 0.026598275940706958 0.7051684002280502 0.15513576282782213 0.6624065701254276 0.14375963169897377 0.6303406966932725
0 0.15344491676168756 0.6643504355758266 0.025816375142531357 0.7070487080957811 0.03944213797035348 0.7386307354618016 0.1648845290763968 0.6973241151653364 0.15344491676168756 0.6643504355758266
0 0.07401453591790194 0.7301505940706956 0.03478331698973774 0.7438476978335233 0.04774485290763968 0.775727354618016 0.08720855188141391 0.7620893489167616 0.07401453591790194 0.7301505940706956
0 0.12597094754846067 0.7155636579247434 0.0848582827822121 0.7284789384264538 0.09807835803876852 0.7607903603192703 0.13546563511972634 0.7468477080957812 0.12597094754846067 0.7155636579247434
0 0.16611110946408209 0.7018029942987457 0.12512548460661346 0.7165350228050171 0.1438671527936146 0.7461711619156215 0.1746333740022805 0.7322427981755986 0.16611110946408209 0.7018029942987457
0 0.17689585632839225 0.7384737297605474 0.04647700684150513 0.7804548734321551 0.06164900798175599 0.8112905496009122 0.1873630467502851 0.7706031619156215 0.17689585632839225 0.7384737297605474
0 0.07960419156214367 0.8100863785632839 0.059988581527936145 0.8169349315849488 0.07230352793614594 0.8493644469783352 0.09182578449258837 0.8411808871151654 0.07960419156214367 0.8100863785632839
0 0.18755356556442418 0.773327716077537 0.09032097833523375 0.8065991117445839 0.10696889281641961 0.838948275940707 0.20087462029646524 0.8070832200684152 0.18755356556442418 0.773327716077537