0 0.750285062713797 0.6704675028506272 0.07753705815279362 0.043329532497149374
0 0.9144811858608894 0.9806157354618016 0.04903078677309008 0.03876852907639681
0 0.7240592930444698 0.8415051311288484 0.04561003420752566 0.043329532497149374
0 0.9224629418472063 0.8768529076396807 0.07867730900798175 0.043329532497149374
0 0.7388825541619156 0.20296465222348917 0.07525655644241733 0.043329532497149374
0 0.6009122006841505 0.427594070695553 0.055872291904218926 0.04561003420752566
0 0.7115165336374002 0.9623717217787914 0.03078677309007982 0.037628278221208664
0 0.830102622576967 0.17103762827822122 0.04789053591790194 0.039908779931584946
0 0.6727480045610034 0.9452679589509693 0.0330672748004561 0.03876852907639681
0 0.7491621094640821 0.2539062497149373 0.7198652348916762 0.2483261721778791 0.7184707035347776 0.28459765678449256 0.7407929692132269 0.28320312542759407 0.7491621094640821 0.2539062497149373
0 0.8956464846066136 0.4589843751425313 0.8482148437856328 0.45340429646522235 0.8342636716077536 0.49107226567844925 0.8886718745724059 0.4994414059293044 0.8956464846066136 0.4589843751425313
0 0.8803007810718357 0.5273437502850628 0.8370527343215507 0.5315292964652223 0.8384492189281643 0.5510605473204105 0.8803007810718357 0.546875 0.8803007810718357 0.5273437502850628
0 0.552455078677309 0.9109941402508552 0.4813066408209806 0.8830917970353478 0.4785156248574687 0.9193632816419612 0.5343183591790194 0.9444746088939566 0.552455078677309 0.9109941402508552
0 0.37667382782212083 0.033482421892816416 0.3376113283922463 0.05580273432155074 0.3557480467502851 0.083705078677309 0.387833984036488 0.058593750285062716 0.37667382782212083 0.033482421892816416