0 0.2220956716077537 0.7818268791334094 0.2323462417331813 0.8157175393386545 0.30136674230330673 0.7963963557582668 0.28587699315849485 0.7627050114025086 0.2220956716077537 0.7818268791334094
0 0.9305239179019384 0.4205011391106043 0.8726651482326111 0.43307175370581524 0.8835990889395666 0.46221070581527934 0.9391799543899657 0.4485512531356899 0.9305239179019384 0.4205011391106043
0 0.9464692485746865 0.3772209566704675 0.8617312075256556 0.39755922576966934 0.8726651482326111 0.4294293854047891 0.9601366738882554 0.4093963557582668 0.9464692485746865 0.3772209566704675
0 0.9865603648802737 0.3283542143671608 0.8553530752565563 0.3620455575826682 0.8644646921322691 0.39482687913340936 0.9956719817559864 0.3593143511972634 0.9865603648802737 0.3283542143671608
0 0.9760820045610034 0.2940774492588369 0.8480637810718358 0.3265330296465222 0.8571753990877994 0.3602243740022805 0.9874715256556442 0.3265330296465222 0.9760820045610034 0.2940774492588369
0 0.970387244013683 0.25649202736602056 0.9300683375142531 0.26734396351197265 0.9410022782212087 0.3001252850627138 0.9810933945267959 0.28919817787913343 0.970387244013683 0.25649202736602056
0 0.9191343968072976 0.26788154846066137 0.8808656031927024 0.2791822326111745 0.888154897377423 0.3110523922462942 0.9300683375142531 0.3010364469783352 0.9191343968072976 0.26788154846066137
0 0.8724373580387685 0.279271070695553 0.8407744880273661 0.29101936259977196 0.8471526191562144 0.3219794994298745 0.8890660592930444 0.3101423694412771 0.8724373580387685 0.279271070695553
0 0.9589977217787914 0.22004555758266817 0.8307517080957811 0.2518644652223489 0.8389521641961231 0.2846457856328392 0.9719817765108323 0.2518644652223489 0.9589977217787914 0.22004555758266817
0 0.9510250570125428 0.18132118472063852 0.9309794994298746 0.18812300684150515 0.9410022782212087 0.21999430558722918 0.9610478358038768 0.21453075142531358 0.9510250570125428 0.18132118472063852
0 0.9157175393386545 0.1892938494868871 0.8198177673888255 0.21453075142531358 0.8307517080957811 0.24913325769669328 0.9300683375142531 0.222725511972634 0.9157175393386545 0.1892938494868871