0 0.23119908779931583 0.10648688483466363 0.2549682052451539 0.15875363625997718 0.4291749885974914 0.09804439908779931 0.3981367605473204 0.04893030672748004 0.23119908779931583 0.10648688483466363
0 0.37788261459521094 0 0.20961616305587227 0.03776261345496009 0.2288823819840365 0.08695828392246295 0.39837515051311284 0.0352729338654504 0.382740078677309 0 0.37788261459521094 0
0 0.19493211288483467 0 0.20871074458380842 0.024373473204104903 0.2703955074116306 0 0.19493211288483467 0
0 0.2036782896237172 0.31268263169897376 0.27512160433295324 0.3093754549600912 0.26227733751425314 0.2620973945267959 0.19546860775370584 0.260931244013683 0.2036782896237172 0.31268263169897376
0 0.28249609806157355 0.32191723033067277 0.20181598061573547 0.3323820592930445 0.21660200570125426 0.35540899429874573 0.28503467502850627 0.3505319521094641 0.28249609806157355 0.32191723033067277
0 0.5214839714937286 0.44379805017103763 0.40302563511972633 0.46491497605473203 0.49229151881413913 0.7457628084378564 0.6021969806157355 0.7142877457240593 0.5214839714937286 0.44379805017103763
0 0.2723222736602053 0.556741267958951 0.3516215336374003 0.5383935074116306 0.30133985176738887 0.37358426339794754 0.22227782212086658 0.37827577080957814 0.22066835347776512 0.38348993272519954 0.2723222736602053 0.556741267958951
0 0.12414063854047891 0.34468776510832383 0.14023278335233752 0.3798794378563284 0.196678157354618 0.36568584720638536 0.18820360889395665 0.3291086852907639 0.1855342702394527 0.3297170889395667 0.12414063854047891 0.34468776510832383
0 0.19989051197263397 0.3774316259977195 0.14148704675028506 0.395080181299886 0.15286513568985177 0.43929801938426455 0.20936348460661344 0.422069582668187 0.19989051197263397 0.3774316259977195
0 0.21611084150513113 0.42707648574686435 0.1511087730900798 0.45292775712656785 0.16869355074116305 0.48966393842645384 0.22678936259977195 0.46790916191562143 0.21611084150513113 0.42707648574686435
0 0.226571007981756 0.48041864538198403 0.1670431345496009 0.4972239863169897 0.182976338654504 0.5415213340935006 0.24109862713797037 0.5182497035347777 0.226571007981756 0.48041864538198403
0 0.24089299429874572 0.5300303683010262 0.18742550741163058 0.547670534777651 0.21615116191562145 0.642279669327252 0.3885750877993158 0.5967181619156214 0.24089299429874572 0.5300303683010262
0 0.385590937286203 0.5936303033067275 0.21046889737742303 0.6415140969213227 0.25884174572405927 0.8069564104903079 0.4284139646522235 0.7507193603192703 0.385590937286203 0.5936303033067275
0 0.10010838768529076 0.8731085062713796 0.049314725199543906 0.8898179749144812 0.05046304218928164 0.9110884082098062 0.10080767502850628 0.8983067810718358 0.10010838768529076 0.8731085062713796