0 0.7103762827822121 0.5963511972633979 0.08209806157354618 0.05131128848346636
0 0.5678449258836944 0.11174458380843785 0.07981755986316989 0.059293044469783354
0 0.4492588369441277 0.6476624857468644 0.06499429874572406 0.04561003420752566
0 0.24629418472063855 0.8814139110604333 0.06499429874572406 0.04903078677309008
0 0.04104903078677309 0.26567844925883694 0.04561003420752566 0.05017103762827822
0 0.33181299885974913 0.12542759407069556 0.09350057012542759 0.04446978335233751
0 0.8643101482326112 0.7001140250855188 0.05815279361459521 0.04903078677309008
0 0.4903078677309008 0.026225769669327253 0.05473204104903079 0.03876852907639681
0 0.029646522234891677 0.03420752565564424 0.05815279361459521 0.05815279361459521
0 0 0.4408476567844926 0.04045703078677309 0.44224414025085523 0.03766796921322691 0.4157363283922463 0 0.41434179703534774 0 0.4408476567844926
0 0.041853515393386546 0.3808593751425313 0.005580078677309009 0.37667382782212083 0 0.4031816408209806 0.0460371094640821 0.40597070353477765 0.041853515393386546 0.3808593751425313