0 0.538160582668187 1 0.6915547685290764 0.9721238722919042 0.6364474230330673 0.8955508950969213 0.49448856556442417 0.984986109464082 0.5044983603192702 1 0.538160582668187 1
0 0.044145117445838086 0.7633133249714937 0.27226280501710376 0.7251559749144811 0.2633718289623717 0.6634963580387685 0.03144752907639681 0.6920208278221209 0.044145117445838086 0.7633133249714937
0 0.23406133295324974 0.6320883204104903 0.25878104446978334 0.6319220513112885 0.2506302212086659 0.5979464697833523 0.22470875256556444 0.5998929737742303 0.23406133295324974 0.6320883204104903
0 0.26839037742303307 0.6176857137970354 0.3291764070695553 0.6120543432155074 0.3315026510832383 0.5683125085518814 0.2550574857468643 0.5789392805017104 0.26839037742303307 0.6176857137970354
0 0.34856586545039914 0.5526272827822121 0.41498232953249714 0.5520857023945268 0.4175980467502851 0.5098330809578107 0.33694500114025083 0.5127439988597492 0.34856586545039914 0.5526272827822121
0 0.42782907069555304 0.4908382987457241 0.4816989737742303 0.49737312314709237 0.4812908221208666 0.46344031698973776 0.42809846522234896 0.45441612428734324 0.42782907069555304 0.4908382987457241
0 0.4920584811858609 0.4551630581527936 0.5558262884834664 0.4489520900798175 0.5497449578107183 0.41766635689851767 0.48638155074116307 0.4160133090079818 0.4920584811858609 0.4551630581527936
0 0.5802658985176739 0.3916354971493729 0.6314437137970353 0.4002402474344356 0.6307033443557583 0.3725550957810718 0.5789839019384265 0.36513931698973773 0.5802658985176739 0.3916354971493729
0 0.9624347742303306 0.2585991425313569 0.8987072690992018 0.2709865142531357 0.8971309828962372 0.28675350513112885 0.9647546966932725 0.2804845450399088 0.9624347742303306 0.2585991425313569
0 0.8794133557582667 0.2592762782212087 0.960986755986317 0.25114973204104907 0.9553900535917902 0.2223571984036488 0.8685281356898518 0.2351097251995439 0.8794133557582667 0.2592762782212087
0 0.4856303112884835 0.9712473888255416 0.6329299110604333 0.8854116351197263 0.542852779931585 0.7483160935005702 0.4033336978335234 0.8343833523375143 0.4856303112884835 0.9712473888255416