0 0 0.5277288791334094 0.021478567844925883 0.6749611927023945 0.09992811744583809 0.6225597765108324 0.01550167730900798 0.47756615165336375 0 0.48713699885974915 0 0.5277288791334094
0 0.3448614435575827 0.2578100353477765 0.32444839110604334 0.02503152793614595 0.25275618358038765 0.03523330900798176 0.2829290980615735 0.2645437069555302 0.3448614435575827 0.2578100353477765
0 0.41081607639680734 0.24736384834663627 0.4097754036488027 0.22139023831242874 0.3772732702394527 0.22961351995438997 0.376576732041049 0.25432397605473206 0.41081607639680734 0.24736384834663627
0 0.43760957810718354 0.3292212234891676 0.42965717787913343 0.25245175712656787 0.3904690364880274 0.26442429532497147 0.393975574686431 0.32536982782212087 0.43760957810718354 0.3292212234891676
0 0.49304869555302167 0.4173050741163056 0.4929543021664766 0.33659957126567847 0.4526897514253136 0.3468214503990878 0.45091310034207527 0.4132163546180159 0.49304869555302167 0.4173050741163056
0 0.5371903534777651 0.4825781334093501 0.5480654344355759 0.4297331197263398 0.5116748494868871 0.42819277423033064 0.5032639737742304 0.48180179931584954 0.5371903534777651 0.4825781334093501
0 0.5805474139110605 0.5525880570125428 0.5844108050171037 0.48932093956670464 0.5450867833523375 0.4936281049030787 0.549068503990878 0.55757382668187 0.5805474139110605 0.5525880570125428
0 0.622805787913341 0.6350714857468642 0.6320220307867731 0.5836423568985177 0.6054972508551881 0.5839988688711517 0.5951116624857469 0.6348452075256557 0.622805787913341 0.6350714857468642
0 0.6992569190421893 0.9043312565564424 0.7031620273660205 0.9721325598631699 0.7251150615735462 0.9705778403648803 0.7149592941847207 0.9064568426453821 0.6992569190421893 0.9043312565564424
0 0.7273357434435577 0.8875833637400228 0.7326104686431014 0.9693906841505131 0.7615807856328392 0.964802236031927 0.7518674652223489 0.8775481755986316 0.7273357434435577 0.8875833637400228
0 0.894545614595211 0 0.9325524663625998 0.058639182440136835 0.9256341584948689 0 0.894545614595211 0
0 0.25033963397947545 0.5341605689851767 0.16919394982896238 0.39172277423033064 0.02954117787913341 0.4691927685290764 0.11018396009122007 0.6193982622576967 0.25033963397947545 0.5341605689851767