0 0.7080957810718358 0.27137970353477764 0.05017103762827822 0.037628278221208664
0 0.701254275940707 0.10547320410490307 0.055872291904218926 0.03876852907639681
0 0.4669327251995439 0.492018244013683 0.052451539338654506 0.04561003420752566
0 0.1362599771949829 0.47377423033067273 0.05701254275940707 0.053591790193842644
0 0.36887115165336376 0.9686431014823261 0.04789053591790194 0.04218928164196123
0 0.3831242873432155 0.9846066134549601 0.04789053591790194 0.03078677309007982
0 0.43842645381984036 0.03477765108323831 0.053591790193842644 0.03876852907639681
0 0.5062713797035348 0.4315849486887115 0.06271379703534778 0.053591790193842644
0 0.12770809578107184 0.030216647662485746 0.06271379703534778 0.026225769669327253
0 0.3557582668187001 0.2879133409350057 0.053591790193842644 0.03078677309007982
0 0.35347776510832385 0.31185860889395667 0.05473204104903079 0.0330672748004561