0 0.7879133409350056 0.7594070695553021 0.11630558722919042 0.1573546180159635
0 0.6334093500570125 0.5860889395667047 0.06499429874572406 0.07525655644241733
0 0.3654503990877993 0.3187001140250855 0.06385404789053592 0.09464082098061574
0 0.7223489167616876 0.8990877993158495 0.06499429874572406 0.07069555302166476
0 0.6470923603192702 0.48916761687571264 0.06499429874572406 0.05815279361459521
0 0.6282782212086659 0.22576966932725198 0.06385404789053592 0.05815279361459521
0 0.9618015963511972 0.34549600912200684 0.037628278221208664 0.0330672748004561
0 0.5781071835803877 0.03876852907639681 0.05473204104903079 0.07753705815279362
0 0.9635119726339795 0.3848346636259977 0.04446978335233751 0.05131128848346636
0 0.8700114025085519 0.7263397947548461 0.055872291904218926 0.05131128848346636
0 0.6163055872291904 0.03591790193842646 0.06955530216647662 0.07183580387685291
0 0.5952109464082098 0.16248574686431014 0.04104903078677309 0.03420752565564424
0 0.6003420752565565 0.04047890535917902 0.10832383124287344 0.08095781071835804
0 0.9686431014823261 0.42930444697833525 0.046750285062713795 0.052451539338654506
0 0.8717217787913341 0.3249714937286203 0.036488027366020526 0.03192702394526796
0 0.4064994298745724 0.798745724059293 0.043329532497149374 0.053591790193842644
0 0.8289623717217788 0.5530216647662486 0.05473204104903079 0.07981755986316989