0 0.7052451539338654 0.7303306727480046 0.037628278221208664 0.05017103762827822
0 0.8717217787913341 0.741733181299886 0.03876852907639681 0.055872291904218926
0 0.5114025085518814 0.468072976054732 0.04561003420752566 0.052451539338654506
0 0.563854047890536 0.14082098061573547 0.053591790193842644 0.05701254275940707
0 0.04732041049030787 0.3204104903078677 0.04218928164196123 0.04789053591790194
0 0.026225769669327253 0.3329532497149373 0.03876852907639681 0.04789053591790194
0 0.9692132269099202 0.48745724059293044 0.03876852907639681 0.053591790193842644
0 0.5672748004561003 0.5131128848346637 0.053591790193842644 0.06271379703534778
0 0.9965792474344356 0.17844925883694412 0.0068415051311288486 0.06271379703534778
0 0.7263397947548461 0.37856328392246297 0.03078677309007982 0.053591790193842644
0 0.7023945267958951 0.37400228050171036 0.0330672748004561 0.05473204104903079