0 0.741733181299886 0.11345496009122007 0.055872291904218926 0.052451539338654506
0 0.693842645381984 0.004561003420752566 0.06043329532497149 0.009122006841505131
0 0.7998859749144812 0.7936145952109465 0.05131128848346636 0.03420752565564424
0 0.5592930444697833 0.24629418472063855 0.05701254275940707 0.053591790193842644
0 0.3015963511972634 0.15963511972633979 0.06841505131128849 0.04903078677309008
0 0.1305587229190422 0.11630558722919042 0.06727480045610035 0.04446978335233751
0 0.42303306727480045 0.9247434435575826 0.07525655644241733 0.05473204104903079
0 0.32279594526795896 0.37782766590649947 0.30627657354618015 0.41499486316989737 0.34205987001140253 0.4316861242873432 0.3578751470923603 0.40022736374002277 0.32279594526795896 0.37782766590649947
0 0.3298904561003421 0.37836157354618016 0.33788330672748007 0.3633261995438996 0.2775400513112885 0.3412185313568985 0.27005729076396806 0.36040825199543897 0.3298904561003421 0.37836157354618016
0 0.2661692132269099 0.3974314937286203 0.27367773090079817 0.36699267274800457 0.23461436944127706 0.34648914139110604 0.2229534424173318 0.37743781299885976 0.2661692132269099 0.3974314937286203
0 0.2372482565564424 0.9632084435575826 0.28481432155074116 0.9728290114025087 0.2860525632839225 0.9600280034207526 0.24368678221208667 0.946956944127708 0.2372482565564424 0.9632084435575826
0 0.2624403808437856 0.9966591163055872 0.2687070171037628 0.9790237183580387 0.24380885974914482 0.9708368608893957 0.2346001220068415 0.9874284994298745 0.2624403808437856 0.9966591163055872