0 0.9228586488027366 0.3045955929304447 0.840675676168757 0.3019816510832383 0.8366281778791334 0.3656842953249715 0.920193984036488 0.3699449794754846 0.9228586488027366 0.3045955929304447
0 0.6867378323831244 0.5264420285062714 0.7676703443557583 0.5258961938426454 0.7746149464082098 0.4639716294184721 0.6878883272519954 0.4609601698973774 0.6867378323831244 0.5264420285062714
0 0.37346995667046745 0.4979667229190422 0.4341612371721779 0.4950399350057012 0.43614594526795897 0.47758777993158497 0.3734004823261117 0.4778281630558723 0.37346995667046745 0.4979667229190422
0 0.37587833067274795 0.5018378802736603 0.37472125997719496 0.5255295838084378 0.4343432132269099 0.5243589247434436 0.43633119954389965 0.5016361436716077 0.37587833067274795 0.5018378802736603
0 0.6361368323831244 0.844895897377423 0.690978417331813 0.8460334629418472 0.7035146761687571 0.8100232485746864 0.6440175416191563 0.8071506316989737 0.6361368323831244 0.844895897377423
0 0.6053047058152793 0.7891218916761688 0.6052947765108324 0.8101680456100342 0.6433819110604333 0.8144159236031927 0.6492463067274801 0.7892508905359179 0.6053047058152793 0.7891218916761688
0 0.6343988768529076 0.8438281607753706 0.6355559475484607 0.8201364583808438 0.6123863272519955 0.8180750410490308 0.6079662189281642 0.8424312884834664 0.6343988768529076 0.8438281607753706
0 0.5795077765108324 0.7804585906499429 0.6413013819840364 0.7858648301026225 0.6448159407069556 0.7613927297605474 0.5845380775370582 0.7543609851767389 0.5795077765108324 0.7804585906499429
0 0.37304797947548457 0.47139096009122006 0.45250466476624857 0.47376752793614596 0.4563184481185861 0.4301757742303307 0.37480589395667047 0.43036525313568985 0.37304797947548457 0.47139096009122006
0 0.8025059110604333 0.931891157354618 0.9041694218928165 0.9316344344355758 0.9126934104903079 0.8786866989737743 0.8084996864310148 0.8738483238312428 0.8025059110604333 0.931891157354618
0 0.9114912896237173 1 0.9181891436716078 0.9466992930444698 0.8489653055872292 0.9451069566704675 0.8449524823261118 1 0.9114912896237173 1
0 0.421827661345496 0.8976715860889395 0.5025109897377423 0.8964938745724059 0.5108221106043329 0.8538289737742303 0.4237445815279361 0.8548284184720639 0.421827661345496 0.8976715860889395
0 0.6335011904218929 1 0.6375056328392247 0.9496132212086659 0.5713160604332953 0.9473546396807297 0.5675384697833523 1 0.6335011904218929 1