0 0.5214087970353477 1 0.5308860923603193 0.9840330068415051 0.3844411071835804 0.9021499122006842 0.3334168050171038 0.9815020444697833 0.4778182497149373 1 0.5214087970353477 1
0 0.7392088415051311 0.7129285621436716 0.9690109042189281 0.7390948620296465 0.977959929304447 0.667235527936146 0.7448606191562144 0.6508881299885975 0.7392088415051311 0.7129285621436716
0 0.7477926396807298 0.6191168323831243 0.7724871755986318 0.617989142531357 0.7801419646522234 0.5853484435575826 0.7541541482326112 0.5847612314709236 0.7477926396807298 0.6191168323831243
0 0.6764539566704676 0.6029605610034208 0.7374514047890536 0.6054029190421892 0.7487381915621436 0.5660117958950969 0.671841629418472 0.5594004184720639 0.6764539566704676 0.6029605610034208
0 0.5876271117445838 0.5475648403648803 0.6539808985176739 0.5446297080957812 0.6634985062713797 0.5041928939566704 0.5828036476624858 0.5055070193842646 0.5876271117445838 0.5475648403648803
0 0.518138465222349 0.496418921322691 0.571592534777651 0.4870737206385405 0.5694173204104903 0.45071555986316986 0.5167701516533637 0.46251125769669327 0.518138465222349 0.496418921322691
0 0.44157857924743443 0.45194377080957815 0.5055840513112885 0.4548088779931585 0.5092042622576967 0.4154156750285063 0.44601420638540473 0.42038264196123143 0.44157857924743443 0.45194377080957815
0 0.36351540250855185 0.40725619726339796 0.4141727434435576 0.39598479931584946 0.41406628050171035 0.3694578369441277 0.36280583010262263 0.37957023831242875 0.36351540250855185 0.40725619726339796
0 0.0898535062713797 0.29216709578107186 0.025565031927023946 0.2831319395667047 0.024393681870011404 0.3051087651083238 0.0922528118586089 0.30782998175598636 0.0898535062713797 0.29216709578107186
0 0.11811363397947548 0.2547600205245154 0.0307033409350057 0.2465709714937286 0.026621193842645382 0.27561695553021665 0.1085081117445838 0.2794631425313569 0.11811363397947548 0.2547600205245154
0 1 0.06655769099201823 0.9987701516533637 0.06633393272519954 0.9337445142531358 0.059810605473204104 1 0.1011299874572406 1 0.06655769099201823
0 0.3874231505131129 0.8918404561003421 0.5390131778791334 0.9698495085518813 0.6140340969213227 0.828865968072976 0.4702018084378563 0.7502185256556442 0.3874231505131129 0.8918404561003421