0 0.3694412770809578 0.7366020524515393 0.08551881413911061 0.059293044469783354
0 0.059293044469783354 0.669327251995439 0.06841505131128849 0.08323831242873432
0 0.7263397947548461 0.3603192702394527 0.052451539338654506 0.04446978335233751
0 0.4218928164196123 0.427594070695553 0.05131128848346636 0.052451539338654506
0 0.9418472063854048 0.9304446978335233 0.08779931584948689 0.04903078677309008
0 0.6750285062713797 0.30216647662485746 0.046750285062713795 0.06841505131128849
0 0.6944127708095781 0.9076396807297605 0.09350057012542759 0.04561003420752566
0 0.09578107183580388 0.7696693272519954 0.04789053591790194 0.06727480045610035
0 0.052451539338654506 0.7594070695553021 0.04218928164196123 0.05017103762827822
0 0.013683010262257697 0.6716077537058153 0.026225769669327253 0.043329532497149374
0 0.314709236031927 0.9680729760547321 0.06955530216647662 0.046750285062713795