0 0.9184056465222349 0.4722895575826682 0.8444896134549601 0.45925042873432154 0.8328417388825542 0.5362720364880273 0.9040397354618016 0.5430463044469783 0.9184056465222349 0.4722895575826682
0 0.5928466738882554 0.09007622462941847 0.6693127400228049 0.09801034549600912 0.6690624321550741 0.030169950969213228 0.5978632964652223 0.02339562371721779 0.5928466738882554 0.09007622462941847
0 0.29647647776510827 0 0.29670120752565565 0.04716944925883694 0.34827618472063854 0.05073673432155074 0.35853707183580386 0.0002022109464082098 0.35654320752565566 0 0.29647647776510827 0
0 0.22120807753705815 0.1223294298745724 0.2235262542759407 0.07084085176738883 0.1677367993158495 0.06779715963511973 0.1708672120866591 0.12425615621436717 0.22120807753705815 0.1223294298745724
0 0.3403063990877993 0.580445803876853 0.4755511254275941 0.5997693762827823 0.48948587913340935 0.5517498449258837 0.339576661345496 0.5362855176738883 0.3403063990877993 0.580445803876853
0 0.4753667423033067 0.6468618928164196 0.4774342212086659 0.6074120410490308 0.418779094640821 0.5936871995438997 0.4123953888255416 0.6283470102622577 0.4753667423033067 0.6468618928164196
0 0.4721694583808438 0.6642954196123148 0.4093655587229191 0.6570955712656785 0.40953272519954387 0.682969882554162 0.4787357993158495 0.6987672748004561 0.4721694583808438 0.6642954196123148
0 0.11654904903078678 0.5143493409350056 0.03656224743443558 0.5082334503990877 0.06894485860889396 0.5875249190421893 0.11433335005701255 0.5929465678449258 0.11654904903078678 0.5143493409350056
0 0 0.6353011790193842 0.022052539338654507 0.6398402941847207 0.03194318700114025 0.567328110604333 0 0.5617687023945268 0 0.6353011790193842
0 0.5478522155074116 0.687175961231471 0.5522549817559863 0.7193569863169897 0.6439148255416192 0.7424183078677309 0.6509346191562143 0.695621220068415 0.5478522155074116 0.687175961231471
0 0.5121941961231471 0.6122766727480046 0.5483723352337514 0.6264220877993159 0.5494274025085518 0.5990132884834664 0.514746976054732 0.5926307856328392 0.5121941961231471 0.6122766727480046
0 0.6100062120866591 0.6341383751425314 0.6316768540478905 0.6345935632839225 0.6311744264538198 0.6078613055872293 0.6072008654503991 0.6005190273660205 0.6100062120866591 0.6341383751425314
0 0.6649883101482326 0.6598424766248575 0.6333436259977195 0.653619070695553 0.6319917833523375 0.6794137742303307 0.663716014823261 0.6841193090079817 0.6649883101482326 0.6598424766248575
0 0.5049288255416192 0.6347173808437857 0.5054129281641961 0.6545224241733181 0.524020511972634 0.6555857388825542 0.5277025895096921 0.6359109030786773 0.5049288255416192 0.6347173808437857
0 0.5432914355758267 0.6870522633979476 0.5435360478905359 0.6823847810718359 0.5398559680729761 0.6654563238312429 0.5021386590649943 0.6589146647662486 0.5070184777651083 0.6819930171037628 0.5432914355758267 0.6870522633979476
0 0.5798945210946408 0.6858122884834663 0.6211014150513113 0.6911301117445838 0.6202441562143671 0.6711901892816419 0.5841242086659065 0.6632113454960091 0.5798945210946408 0.6858122884834663