0 0.38369441277080957 0.8945267958950969 0.07411630558722919 0.09920182440136831
0 0.2411630558722919 0.2976054732041049 0.07183580387685291 0.06385404789053592
0 0.2377423033067275 0.8204104903078677 0.06499429874572406 0.07639680729760548
0 0.31356898517673887 0.2023945267958951 0.09236031927023945 0.07753705815279362
0 0.1573546180159635 0.5627137970353477 0.07639680729760548 0.1402508551881414
0 0.22462941847206386 0.7388825541619156 0.06841505131128849 0.07297605473204105
0 0.2799315849486887 0.13511972633979474 0.07183580387685291 0.05815279361459521
0 0.12998859749144812 0.8557582668187002 0.06271379703534778 0.06727480045610035
0 0.806157354618016 0.6168757126567845 0.043329532497149374 0.055872291904218926
0 0.8380843785632839 0.6157354618015963 0.04789053591790194 0.07411630558722919
0 0.7474344355758267 0.5895096921322691 0.05017103762827822 0.07525655644241733
0 0.44811858608893956 0.42303306727480045 0.04903078677309008 0.05815279361459521
0 0.7200684150513113 0.5820980615735462 0.04789053591790194 0.07297605473204105
0 0.734321550741163 0.5860889395667047 0.07981755986316989 0.08323831242873432
0 0.4589509692132269 0.427594070695553 0.07639680729760548 0.06841505131128849