0 0.09122006841505131 0.45381984036488027 0.09007981755986318 0.059293044469783354
0 0.6545039908779932 0.20980615735461802 0.053591790193842644 0.06385404789053592
0 0.13911060433295325 0.2976054732041049 0.06841505131128849 0.053591790193842644
0 0.7605473204104903 0.2645381984036488 0.06385404789053592 0.08209806157354618
0 0.37856328392246297 0.1733181299885975 0.1322690992018244 0.05473204104903079
0 0.21664766248574688 0.2702394526795895 0.06385404789053592 0.05815279361459521
0 0.8209806157354618 0.22006841505131128 0.04789053591790194 0.06499429874572406
0 0.08551881413911061 0.19726339794754846 0.059293044469783354 0.053591790193842644
0 0.4378563283922463 0.82212086659065 0.05017103762827822 0.03534777651083238
0 0.44469783352337516 0.8529076396807298 0.06841505131128849 0.036488027366020526
0 0.4549600912200684 0.7594070695553021 0.06955530216647662 0.03876852907639681
0 0.5667046750285063 0.43557582668187 0.05131128848346636 0.04104903078677309
0 0.4572405929304447 0.7309007981755986 0.06727480045610035 0.036488027366020526
0 0.45610034207525657 0.7457240592930444 0.07297605473204105 0.06841505131128849
0 0.56442417331813 0.4469783352337514 0.05815279361459521 0.06727480045610035