0 0.42303306727480045 0.3112884834663626 0.05473204104903079 0.06499429874572406
0 0.4583808437856328 0.5279361459521095 0.06271379703534778 0.07411630558722919
0 0.4526795895096921 0.25997719498289623 0.04789053591790194 0.059293044469783354
0 0.4321550741163056 0.863169897377423 0.07867730900798175 0.05815279361459521
0 0.5381984036488028 0.4572405929304447 0.03876852907639681 0.05701254275940707
0 0.08893956670467502 0.07639680729760548 0.06043329532497149 0.04561003420752566
0 0.09692132269099202 0.053591790193842644 0.02280501710376283 0.026225769669327253
0 0.24743443557582667 0.18358038768529075 0.026225769669327253 0.03876852907639681
0 0.24857468643101482 0.14481185860889395 0.02280501710376283 0.029646522234891677
0 0.5165336374002281 0.6602052451539339 0.04903078677309008 0.055872291904218926
0 0.12200684150513112 0.05701254275940707 0.026225769669327253 0.028506271379703536
0 0.014823261117445839 0.3352337514253136 0.029646522234891677 0.04561003420752566