0 0.40364880273660203 0.7525655644241733 0.09350057012542759 0.07069555302166476
0 0.08722919042189281 0.7291904218928165 0.07981755986316989 0.09236031927023945
0 0.7046750285062714 0.33010262257696693 0.05815279361459521 0.05131128848346636
0 0.4127708095781072 0.43899657924743446 0.05815279361459521 0.059293044469783354
0 0.9754846066134549 0.8648802736602053 0.04903078677309008 0.06043329532497149
0 0.6459521094640821 0.2799315849486887 0.055872291904218926 0.07411630558722919
0 0.7491448118586089 0.8768529076396807 0.09920182440136831 0.05815279361459521
0 0.13740022805017105 0.8232611174458381 0.05701254275940707 0.07297605473204105
0 0.09293044469783353 0.8192702394526796 0.04903078677309008 0.055872291904218926
0 0.04218928164196123 0.7377423033067275 0.03192702394526796 0.046750285062713795
0 0.3808437856328392 0.9806157354618016 0.07525655644241733 0.03876852907639681