0 0.44013683010262256 0.5114025085518814 0.06271379703534778 0.06385404789053592
0 0.54903078677309 0.7753705815279361 0.059293044469783354 0.08095781071835804
0 0.7331812998859749 0.3808437856328392 0.052451539338654506 0.05017103762827822
0 0.5992018244013683 0.20581527936145952 0.055872291904218926 0.06043329532497149
0 0.7702394526795895 0.3187001140250855 0.04446978335233751 0.04903078677309008
0 0.8038768529076397 0.5387685290763968 0.046750285062713795 0.04789053591790194
0 0.12827822120866592 0.3620296465222349 0.04446978335233751 0.052451539338654506
0 0.007411630558722919 0.4766248574686431 0.014823261117445839 0.04561003420752566
0 0.5581527936145952 0.6088939566704675 0.052451539338654506 0.04218928164196123
0 0.5475303660205245 0.6372464652223488 0.5327111425313569 0.6163588050171037 0.49940703192702396 0.6465110695553022 0.5194859669327252 0.6640395222348917 0.5475303660205245 0.6372464652223488
0 0.3801943454960091 0.9003196088939567 0.33339671835803875 0.8421131356898518 0.3138978928164196 0.8567863865450399 0.3640545222348917 0.9202506305587229 0.3801943454960091 0.9003196088939567
0 0.8299859167616875 0.13482300798175598 0.810561661345496 0.13686457924743445 0.8220920604332953 0.1931669737742303 0.844364465222349 0.17820024287343214 0.8299859167616875 0.13482300798175598