0 0.9062539749144811 0.4923318825541619 0.8347364914481186 0.4928750581527936 0.8396271676168757 0.5706187548460661 0.9143983625997719 0.5640714503990878 0.9062539749144811 0.4923318825541619
0 0.5559520889395667 0.9833201014823261 0.6274707115165337 0.9827769657924743 0.6336327468643101 0.9152165404789053 0.5567661539338654 0.9164560125427594 0.5559520889395667 0.9833201014823261
0 0.2531129600912201 0.9864280900798176 0.31551513340935006 0.9855666009122007 0.30969766590649944 0.9343300820980616 0.25800803762827823 0.9333887366020525 0.2531129600912201 0.9864280900798176
0 0.1393714275940707 0.8456282120866591 0.13133220182440136 0.9015995313568986 0.18717463625997718 0.9034297936145952 0.18935280501710378 0.8519351026225769 0.1393714275940707 0.8456282120866591
0 0.3433496111744584 0.44987074344355754 0.4940361847206386 0.4475307126567845 0.48433963511972633 0.398479417331813 0.3479253956670467 0.405942102622577 0.3433496111744584 0.44987074344355754
0 0.42391492930444696 0.3645061436716078 0.427253542759407 0.3995904401368301 0.4868816670467503 0.39102995667046747 0.4882603363740023 0.35155003078677305 0.42391492930444696 0.3645061436716078
0 0.496140425313569 0.30013579703534776 0.42582385632839226 0.30984163055872294 0.42340223033067276 0.335602913340935 0.48659465108323835 0.3339041835803877 0.496140425313569 0.30013579703534776
0 0.12390175484606614 0.3737940581527936 0.07821345381984036 0.3752392086659065 0.03904336031927024 0.45140661915621433 0.11925882326111745 0.45228531014823264 0.12390175484606614 0.3737940581527936
0 0.03605915849486887 0.3190359737742304 0.0058921664766248575 0.32254288027366024 0.005261733181299886 0.3950610638540479 0.039592315849486893 0.3921342531356899 0.03605915849486887 0.3190359737742304
0 0.667409779931585 0.31827799657924744 0.6644953340935006 0.27104717103762827 0.5711743568985177 0.286032054732041 0.563983582668187 0.3177068950969213 0.667409779931585 0.31827799657924744
0 0.5227641641961231 0.40900698631698973 0.5578688928164196 0.40567136830102624 0.5592066738882554 0.378274913340935 0.5219333511972634 0.3892133683010262 0.5227641641961231 0.40900698631698973
0 0.6155537434435576 0.4092066488027366 0.640076 0.4039817434435576 0.6429063865450398 0.37739499885974914 0.621278534777651 0.3759597343215507 0.6155537434435576 0.4092066488027366
0 0.6791400809578108 0.33085011174458384 0.6471264549600912 0.33277279133409354 0.6462249977194983 0.3585871596351197 0.678291669327252 0.3551454503990878 0.6791400809578108 0.33085011174458384
0 0.5394425883694413 0.36702071835803873 0.5374892976054731 0.3470998380843786 0.5188598460661346 0.34653734777651085 0.516651464082098 0.366224834663626 0.5394425883694413 0.36702071835803873
0 0.5594293774230331 0.3174326237172178 0.5228535062713797 0.31931122234891673 0.5159808472063854 0.3418764503990878 0.5541247719498289 0.3386469635119726 0.5592662611174458 0.3221036647662486 0.5594293774230331 0.3174326237172178
0 0.5980288962371723 0.34474163169897376 0.6347067993158495 0.3399412098061574 0.6372986738882555 0.3201518791334093 0.5957851060433296 0.32185805017103764 0.5980288962371723 0.34474163169897376