0 0.43899657924743446 0.5017103762827823 0.06043329532497149 0.06157354618015964
0 0.5051311288483467 0.7793614595210946 0.05473204104903079 0.07867730900798175
0 0.7491448118586089 0.41904218928164194 0.05017103762827822 0.04789053591790194
0 0.6442417331812998 0.22519954389965793 0.053591790193842644 0.05815279361459521
0 0.7953249714937286 0.36316989737742306 0.04218928164196123 0.04789053591790194
0 0.7941847206385405 0.5855188141391106 0.04446978335233751 0.04561003420752566
0 0.15450399087799316 0.3055872291904219 0.04218928164196123 0.05131128848346636
0 0.013683010262257697 0.3996579247434436 0.020524515393386546 0.04561003420752566
0 0.5399087799315849 0.6168757126567845 0.05131128848346636 0.039908779931584946
0 0.5254751117445838 0.6429921208665906 0.5141058859749145 0.6200433854047891 0.4764949521094641 0.6446145142531357 0.4935846282782212 0.6650681995438996 0.5254751117445838 0.6429921208665906
0 0.3190455678449259 0.8766492770809579 0.2819295952109464 0.8118386602052451 0.26037543101482324 0.8232809703534778 0.2999865541619156 0.8938100900798175 0.3190455678449259 0.8766492770809579
0 0.8830495096921324 0.19094011288483465 0.8635450273660205 0.1899179258836944 0.8661258335233751 0.2473308962371722 0.8904653397947548 0.23603260319270242 0.8830495096921324 0.19094011288483465