0 0.4224629418472064 0.282212086659065 0.05815279361459521 0.08665906499429875
0 0.8928164196123147 0.4663625997719498 0.0661345496009122 0.08437856328392246
0 0.3483466362599772 0.5376282782212086 0.05131128848346636 0.06841505131128849
0 0.09806157354618016 0.7194982896237172 0.05473204104903079 0.06955530216647662
0 0.6927023945267959 0.976054732041049 0.053591790193842644 0.04789053591790194
0 0.8586088939566705 0.7001140250855188 0.052451539338654506 0.09692132269099202
0 0.33238312428734323 0.11972633979475485 0.053591790193842644 0.06271379703534778
0 0.9709236031927024 0.5507411630558723 0.043329532497149374 0.05815279361459521
0 0.9230330672748005 0.9885974914481186 0.06271379703534778 0.02280501710376283
0 0.5420342155074116 1 0.5436481311288484 0.9679167810718359 0.5174842725199544 0.9628280239452679 0.5155211653363739 1 0.5420342155074116 1
0 0.5796745496009121 1 0.5787571619156214 0.9667868882554163 0.5541060136830103 0.9604306180159635 0.553046984036488 1 0.5796745496009121 1