0 0.7756277229190421 0.8887619589509692 0.7509500456100342 0.8369179954389966 0.5778293169897377 0.9006583147092361 0.6097199771949829 0.9492232348916763 0.7756277229190421 0.8887619589509692
0 0.7984067651083238 0.9570990889395667 0.778284897377423 0.9082471527936146 0.6097199771949829 0.9628826875712657 0.6264249885974915 0.9988610478905359 0.7984067651083238 0.9570990889395667
0 0.7995457183580388 0.9704703876852908 0.7312085883694414 0.9988610478905359 0.8147313671607753 0.9962710706955531 0.7995457183580388 0.9704703876852908
0 0.7995457183580388 0.6821173124287344 0.7281710022805017 0.686670842645382 0.7418384287343216 0.7337175393386545 0.8086573352337515 0.7337175393386545 0.7995457183580388 0.6821173124287344
0 0.7205787480045609 0.6742596807297605 0.8010639407069556 0.6623883831242874 0.785878291904219 0.6396230068415052 0.7175411619156215 0.6456936214367162 0.7205787480045609 0.6742596807297605
0 0.4795001596351197 0.5565683375142532 0.597571913340935 0.533387244013683 0.5034181550741164 0.2541400912200684 0.394078748004561 0.28752847434435574 0.4795001596351197 0.5565683375142532
0 0.7798042599771949 0.6168587696693273 0.7813224834663627 0.6116173124287343 0.7266527787913342 0.43929384948688716 0.6476858084378563 0.4590227787913341 0.7008361505131129 0.622929385404789 0.7798042599771949 0.6168587696693273
0 0.8147313671607753 0.6654236898517675 0.8173896818700114 0.6647687924743444 0.8785126887115166 0.6487289293044469 0.8618088152793615 0.6138234629418472 0.8056197502850626 0.629 0.8147313671607753 0.6654236898517675
0 0.8022028928164195 0.6173120729760547 0.8602894538198403 0.5986469247434436 0.8481413899657926 0.5546343968072975 0.7919523238312429 0.5728462417331813 0.8022028928164195 0.6173120729760547
0 0.7851186111744585 0.5679578586088939 0.8496596134549601 0.5409760820980616 0.8314363785632839 0.5045523922462942 0.7737290889395667 0.5273177673888255 0.7851186111744585 0.5679578586088939
0 0.7737290889395667 0.5148063785632839 0.8329546020524515 0.49696469213226907 0.8162507297605474 0.45295216419612316 0.7585434401368302 0.47723462371721775 0.7737290889395667 0.5148063785632839
0 0.7585434401368302 0.4654521641961232 0.8116949201824402 0.44688154846066136 0.7813224834663627 0.3527881550741163 0.6097199771949829 0.40135193614595216 0.7585434401368302 0.4654521641961232
0 0.6127575632839224 0.404387244013683 0.787017244013683 0.35345444241733187 0.7357643968072975 0.18888154846066132 0.5671994766248575 0.24806947662485745 0.6127575632839224 0.404387244013683
0 0.8933190661345496 0.11996924857468644 0.9438133717217788 0.10237585404789054 0.9422940091220068 0.08112870125427595 0.8921801140250855 0.09478701596351198 0.8933190661345496 0.11996924857468644