0 0.34207525655644244 0.08551881413911061 0.05701254275940707 0.055872291904218926
0 0.17103762827822122 0.07981755986316989 0.04446978335233751 0.04903078677309008
0 0.11630558722919042 0.19840364880273662 0.059293044469783354 0.05701254275940707
0 0.475484606613455 0.4469783352337514 0.03876852907639681 0.059293044469783354
0 0.8483466362599772 0.6921322690992018 0.05815279361459521 0.08095781071835804
0 0.24059293044469784 0.5860889395667047 0.08665906499429875 0.06499429874572406
0 0.17445838084378562 0.2291904218928164 0.06271379703534778 0.06043329532497149
0 0.8107183580387686 0.9657924743443558 0.06043329532497149 0.06271379703534778
0 0.4880273660205245 0.7240592930444698 0.04789053591790194 0.05131128848346636
0 0.935005701254276 0.9224629418472063 0.04789053591790194 0.05473204104903079
0 0.014823261117445839 0.2862029646522235 0.029646522234891677 0.04446978335233751
0 0.20296465222348917 0.12770809578107184 0.05701254275940707 0.029646522234891677
0 0.8779931584948689 0.14937286202964653 0.05473204104903079 0.0661345496009122
0 0.013683010262257697 0.39680729760547323 0.026225769669327253 0.04561003420752566