0 0.798745724059293 0.15621436716077536 0.05131128848346636 0.04903078677309008
0 0.7713797035347777 0.026225769669327253 0.05815279361459521 0.03534777651083238
0 0.750285062713797 0.8369441277080958 0.04903078677309008 0.029646522234891677
0 0.5980615735461802 0.2588369441277081 0.052451539338654506 0.05017103762827822
0 0.35689851767388825 0.13283922462941847 0.06499429874572406 0.043329532497149374
0 0.1949828962371722 0.06328392246294184 0.06499429874572406 0.03876852907639681
0 0.35746864310148235 0.9076396807297605 0.07069555302166476 0.04903078677309008
0 0.34408958494868874 0.35161098859749146 0.3219593637400228 0.3857363968072976 0.3546910205245154 0.40781990193842643 0.3752328198403649 0.3792225051311289 0.34408958494868874 0.35161098859749146
0 0.3510132291904219 0.35324814937286203 0.36125972519954386 0.33964824287343215 0.30511779703534775 0.30837299087799314 0.29472522690992015 0.3261558939566705 0.3510132291904219 0.35324814937286203
0 0.2850933078677309 0.36211508779931584 0.2972710638540479 0.33322561117445837 0.2618960957810718 0.30686365564424173 0.24553729532497148 0.3356071265678449 0.2850933078677309 0.36211508779931584
0 0.16802140136830104 0.9164021505131129 0.21349686088939568 0.9333452451539338 0.21672237628278224 0.9208955427594071 0.17692295324971494 0.9013579418472063 0.16802140136830104 0.9164021505131129
0 0.1876705313568985 0.9533819064994299 0.1966187993158495 0.9369439475484607 0.17330788483466364 0.9249629543899658 0.16161701824401367 0.9399097571265678 0.1876705313568985 0.9533819064994299
0 0.15117571151653364 0.9590882941847206 0.17419642987457243 0.9794353500570125 0.18334145952109462 0.9574188289623716 0.15868358152793616 0.9439954173318129 0.15117571151653364 0.9590882941847206