0 0.8095781071835804 0.2668187001140251 0.14253135689851767 0.09122006841505131
0 0.6100342075256556 0.38540478905359177 0.0661345496009122 0.053591790193842644
0 0.29646522234891676 0.5974914481185861 0.08665906499429875 0.04789053591790194
0 0.9338654503990877 0.3580387685290764 0.06157354618015964 0.05473204104903079
0 0.5176738882554162 0.35347776510832385 0.04789053591790194 0.05701254275940707
0 0.9885974914481186 0.7366020524515393 0.021664766248574687 0.06499429874572406
0 0.2554161915621437 0.3215507411630559 0.04789053591790194 0.055872291904218926
0 0.43671607753705816 0.01710376282782212 0.027366020524515394 0.0330672748004561
0 0.05473204104903079 0.33409350057012543 0.08779931584948689 0.03876852907639681
0 0.475484606613455 0.02280501710376283 0.04561003420752566 0.036488027366020526
0 0.7924743443557583 0.18015963511972635 0.04218928164196123 0.04903078677309008
0 0.05017103762827822 0.29418472063854045 0.09806157354618016 0.05131128848346636
0 0.18700114025085518 0.34207525655644244 0.027366020524515394 0.036488027366020526
0 0.05131128848346636 0.31014823261117447 0.10148232611174458 0.09007981755986318
0 0.5199543899657925 0.026225769669327253 0.04561003420752566 0.03876852907639681
0 0.3990877993158495 0.10148232611174458 0.026225769669327253 0.03192702394526796
0 0.7753705815279361 0.6488027366020525 0.04789053591790194 0.03534777651083238
0 0.6145952109464082 0.18700114025085518 0.07297605473204105 0.04104903078677309