0 0.8693437594070695 0.2759760433295325 0.8094918757126568 0.27962777194982896 0.8118439361459521 0.32846189167616874 0.8819268551881414 0.32528390193842643 0.8693437594070695 0.2759760433295325
0 0.8693487890535918 0.7986165598631698 0.8682571277080958 0.7360753454960092 0.8221526111744584 0.7323184036488027 0.8356079064994298 0.8057218939566705 0.8693487890535918 0.7986165598631698
0 0.6653769236031928 0.1570227685290764 0.6703972348916761 0.22079891334093502 0.702475456100342 0.22284485632839227 0.6965593420752566 0.15256796237172177 0.6653769236031928 0.1570227685290764
0 0.6748669635119726 0.029129570125427592 0.678630778791334 0.09553351767388825 0.7311462850627137 0.09201098631698974 0.7256948939566705 0.03084823603192702 0.6748669635119726 0.029129570125427592
0 0.8830926351197264 0.6159087320410491 0.8783679806157354 0.5690707137970353 0.8405389680729761 0.5723380319270239 0.8465874754846067 0.613938921322691 0.8830926351197264 0.6159087320410491
0 0.473821574686431 0.2268360250855188 0.4774489543899658 0.2854236031927024 0.508056606613455 0.2848893443557583 0.4998871037628278 0.2276845541619156 0.473821574686431 0.2268360250855188
0 0.4338987776510832 0.7006471265678449 0.4388963420752565 0.7631201630558723 0.47578323261117444 0.7693188472063854 0.4690792234891676 0.7013365553021665 0.4338987776510832 0.7006471265678449
0 0.2322455496009122 0.19195329418472065 0.23425367844925882 0.23232120296465222 0.2757605245153934 0.23029319384264538 0.2725440250855188 0.18733936602052453 0.2322455496009122 0.19195329418472065
0 0.23361687457240593 0.1958387331812999 0.2250761584948689 0.15428134549600914 0.1848758038768529 0.1569377331812999 0.18941249486887116 0.2005208392246294 0.23361687457240593 0.1958387331812999
0 0.04380687343215507 0.14180563055872292 0.04750361117445838 0.20430137286202965 0.08926211630558722 0.20878535689851768 0.08552102736602053 0.14368337742303308 0.04380687343215507 0.14180563055872292
0 0.059734310148232606 0.3826452976054732 0.06571544241733182 0.42685437286202965 0.132477409350057 0.42177966362599767 0.127376417331813 0.3775552246294185 0.059734310148232606 0.3826452976054732
0 0.26863954846066135 0.9423685689851767 0.26405971265678446 0.8952030022805016 0.22124826339794756 0.9050736761687571 0.2245572212086659 0.9454188779931585 0.26622590307867733 0.9446915484606614 0.26863954846066135 0.9423685689851767