0 0.4960091220068415 0.08836944127708096 0.06955530216647662 0.09692132269099202
0 0.80672748004561 0.6180159635119726 0.06955530216647662 0.06043329532497149
0 0.6567844925883695 0.1168757126567845 0.06157354618015964 0.07411630558722919
0 0.765678449258837 0.7297605473204105 0.08893956670467502 0.07297605473204105
0 0.8095781071835804 0.33979475484606614 0.07069555302166476 0.1379703534777651
0 0.69327251995439 0.19099201824401368 0.06499429874572406 0.07069555302166476
0 0.8169897377423033 0.7844925883694412 0.07069555302166476 0.055872291904218926
0 0.749714937286203 0.05188141391106044 0.06043329532497149 0.06499429874572406
0 0.17274800456100342 0.47776510832383123 0.04104903078677309 0.053591790193842644
0 0.14310148232611175 0.4880273660205245 0.04446978335233751 0.07183580387685291
0 0.23717217787913342 0.4868871151653364 0.046750285062713795 0.07411630558722919
0 0.571835803876853 0.5581527936145952 0.046750285062713795 0.055872291904218926
0 0.26567844925883694 0.48574686431014824 0.04446978335233751 0.07069555302166476
0 0.2508551881413911 0.4863169897377423 0.07639680729760548 0.08095781071835804
0 0.5604332953249715 0.5575826681870011 0.07411630558722919 0.0661345496009122