0 0.4840877993158495 0.36765906499429873 0.4840877993158495 0.3329532497149373 0.40198973774230334 0.3320228050171038 0.4053078677309008 0.3643443557582668 0.4840877993158495 0.36765906499429873
0 0.6524310148232612 0.3742896237172178 0.5753078677309008 0.3661242873432155 0.5753078677309008 0.3958369441277081 0.6549190421892817 0.40329532497149373 0.6524310148232612 0.3742896237172178
0 0.6623819840364881 0.424842645381984 0.5529179019384265 0.4074389965792474 0.5520889395667047 0.4414184720638541 0.6632109464082098 0.4505347776510833 0.6623819840364881 0.424842645381984
0 0.5769669327251995 0.4853420752565564 0.6903705815279362 0.4998449258836944 0.692236031927024 0.46628050171037627 0.5769669327251995 0.4538494868871152 0.5769669327251995 0.4853420752565564
0 0.3655017103762828 0.402466362599772 0.5006738882554163 0.4117343215507412 0.49901482326111746 0.3792611174458381 0.3630148232611174 0.36765906499429873 0.3655017103762828 0.402466362599772
0 0.39784378563283923 0.4463899657924743 0.4616978335233751 0.4488768529076397 0.4583808437856328 0.41489737742303306 0.4003318129988598 0.4115826681870012 0.39784378563283923 0.4463899657924743
0 0.48574686431014824 0.5151767388825542 0.4892713797035348 0.4842953249714937 0.4094538198403649 0.4745678449258837 0.41111174458380845 0.5044036488027366 0.48574686431014824 0.5151767388825542
0 0.4558928164196123 0.5491562143671608 0.45920980615735457 0.519539338654504 0.39784378563283923 0.5093751425313569 0.3945267958950969 0.5383819840364881 0.4558928164196123 0.5491562143671608
0 0.6715039908779932 0.5781619156214367 0.5576864310148233 0.5558209806157355 0.5570638540478906 0.5872782212086659 0.6723329532497149 0.6071687571265678 0.6715039908779932 0.5781619156214367
0 0.7146259977194983 0.6602086659064995 0.7204310148232611 0.6221619156214366 0.5156009122006842 0.5905929304446979 0.5122839224629419 0.619599771949829 0.7146259977194983 0.6602086659064995
0 0.8058460661345496 0.6436339794754846 0.7453090079817559 0.632527936145952 0.7419920182440136 0.6610376282782212 0.8050171037628279 0.6726396807297605 0.8058460661345496 0.6436339794754846
0 0.818285062713797 0.6809270239452679 0.7598221208665907 0.6719190421892817 0.7610661345496009 0.7049612314709236 0.8191151653363741 0.7115906499429875 0.818285062713797 0.6809270239452679
0 0.4028198403648803 0.6577217787913341 0.4426248574686431 0.6542964652223489 0.43847776510832387 0.6220855188141391 0.39867274800456104 0.62954503990878 0.4028198403648803 0.6577217787913341
0 0.3630148232611174 0.6941870011402509 0.4436613454960091 0.6926510832383125 0.43599087799315844 0.6593797035347776 0.35886773090079815 0.6610376282782212 0.3630148232611174 0.6941870011402509
0 0.7229190421892816 0.6966738882554161 0.7214675028506271 0.6656989737742303 0.47911288483466363 0.6212576966932725 0.4799418472063854 0.6544070695553021 0.7229190421892816 0.6966738882554161
0 0.47247890535917897 0.6925302166476626 0.5711619156214367 0.7071630558722919 0.570332953249715 0.6767833523375142 0.4716488027366021 0.6593797035347776 0.47247890535917897 0.6925302166476626
0 0.3771117445838084 0.7563432155074116 0.4198198403648803 0.7589920182440136 0.4202337514253136 0.7273375142531356 0.3779418472063854 0.7240228050171037 0.3771117445838084 0.7563432155074116
0 0.5048198403648803 0.7679464082098062 0.5473204104903079 0.771431014823261 0.5454549600912201 0.7397685290763969 0.5048198403648803 0.7364538198403648 0.5048198403648803 0.7679464082098062
0 0.6258939566704675 0.7820353477765108 0.6841505131128849 0.7890535917901939 0.6839429874572406 0.7580011402508553 0.6250649942987457 0.7497137970353478 0.6258939566704675 0.7820353477765108
0 0.7320410490307868 0.7944663625997719 0.799212086659065 0.8025290763968073 0.7934070695553022 0.7704321550741163 0.7361870011402508 0.7638027366020524 0.7320410490307868 0.7944663625997719
0 0.46584378563283924 0.7969521094640821 0.5473204104903079 0.8066761687571267 0.5429669327251996 0.7770627137970354 0.4691619156214367 0.7704321550741163 0.46584378563283924 0.7969521094640821
0 0.3737947548460661 0.79115165336374 0.45091790193842646 0.7969521094640821 0.447599771949829 0.7662884834663626 0.3754538198403649 0.7629737742303307 0.3737947548460661 0.79115165336374
0 0.6654914481185861 0.8252029646522234 0.6914070695553022 0.8253340935005701 0.6920285062713797 0.7953683010262258 0.6663215507411631 0.794539338654504 0.6654914481185861 0.8252029646522234