0 0.40364880273660203 0.3249714937286203 0.09236031927023945 0.05815279361459521
0 0.4789053591790194 0.5324971493728621 0.05701254275940707 0.08209806157354618
0 0.34891676168757124 0.2576966932725199 0.07297605473204105 0.09122006841505131
0 0.45039908779931587 0.27366020524515394 0.053591790193842644 0.06727480045610035
0 0.40250855188141393 0.5256556442417332 0.03876852907639681 0.08095781071835804
0 0.8437856328392246 0.5632839224629419 0.06727480045610035 0.09578107183580388
0 0.7605473204104903 0.29646522234891676 0.05017103762827822 0.059293044469783354
0 0.7753705815279361 0.580387685290764 0.046750285062713795 0.04561003420752566
0 0.6579247434435576 0.29646522234891676 0.05131128848346636 0.04789053591790194
0 0.5017103762827823 0.26567844925883694 0.05473204104903079 0.06499429874572406
0 0.49144811858608894 0.28164196123147095 0.029646522234891677 0.03192702394526796
0 0.6875712656784493 0.33751425313568983 0.08779931584948689 0.04104903078677309
0 0.9863169897377423 0.3112884834663626 0.02508551881413911 0.0661345496009122
0 0.32784570353477765 0.549666015963512 0.3194746088939567 0.5678007810718357 0.35156249942987455 0.5970976567844926 0.36132812542759407 0.5775664059293044 0.32784570353477765 0.549666015963512