0 0.3449258836944128 0.6733181299885975 0.15051311288483465 0.06157354618015964
0 0.27936145952109465 0.41562143671607754 0.04446978335233751 0.06043329532497149
0 0.47206385404789053 0.7639680729760547 0.07411630558722919 0.043329532497149374
0 0.30216647662485746 0.7172177879133409 0.06727480045610035 0.06271379703534778
0 0.3557582668187001 0.9241733181299886 0.07525655644241733 0.043329532497149374
0 0.39110604332953247 0.830672748004561 0.07525655644241733 0.04903078677309008
0 0.4640820980615735 0.709806157354618 0.05815279361459521 0.07069555302166476
0 0.3055872291904219 0.798175598631699 0.053591790193842644 0.039908779931584946
0 0.33409350057012543 0.8483466362599772 0.059293044469783354 0.039908779931584946
0 0.2889167787913341 0.2546294218928164 0.3432394834663626 0.2512766590649943 0.29617911972633976 0.1615661607753706 0.2764789384264538 0.16048802622576966 0.2889167787913341 0.2546294218928164
0 0.06982655644241734 0.9838077297605474 0.12988352223489166 0.9659507810718357 0.11645358038768529 0.9405166818700114 0.05778795553021664 0.9582538643101483 0.06982655644241734 0.9838077297605474