0 0.48175598631698974 0.08893956670467502 0.07297605473204105 0.09806157354618016
0 0.8107183580387686 0.6071835803876853 0.07183580387685291 0.06271379703534778
0 0.6436716077537058 0.11174458380843785 0.06385404789053592 0.07639680729760548
0 0.7730900798175598 0.7206385404789054 0.09122006841505131 0.07639680729760548
0 0.8038768529076397 0.3289623717217788 0.07525655644241733 0.13911060433295325
0 0.6824401368301026 0.18415051311288483 0.06727480045610035 0.07183580387685291
0 0.8266818700114025 0.7730900798175598 0.07183580387685291 0.05701254275940707
0 0.734321550741163 0.043329532497149374 0.06271379703534778 0.06727480045610035
0 0.17217787913340935 0.48916761687571264 0.043329532497149374 0.05473204104903079
0 0.14253135689851767 0.500570125427594 0.046750285062713795 0.07297605473204105
0 0.23660205245153934 0.4960091220068415 0.04903078677309008 0.07525655644241733
0 0.5741163055872291 0.5558722919042189 0.04903078677309008 0.05701254275940707
0 0.2651083238312429 0.49372862029646525 0.046750285062713795 0.07183580387685291
0 0.250285062713797 0.49486887115165334 0.07867730900798175 0.08323831242873432
0 0.5627137970353477 0.5553021664766249 0.07525655644241733 0.06841505131128849