0 0.08038768529076397 0.6927023945267959 0.07297605473204105 0.052451539338654506
0 0.5917901938426454 0.5507411630558723 0.06841505131128849 0.0661345496009122
0 0.8825541619156214 0.49486887115165334 0.0661345496009122 0.05815279361459521
0 0.04503990877993159 0.80672748004561 0.06271379703534778 0.06955530216647662
0 0.838654503990878 0.8523375142531356 0.07411630558722919 0.06385404789053592
0 0.6761687571265679 0.9521094640820981 0.0661345496009122 0.05815279361459521
0 0.7941847206385405 0.8779931584948689 0.06157354618015964 0.05701254275940707
0 0.2879133409350057 0.30444697833523376 0.05017103762827822 0.03534777651083238
0 0.3015963511972634 0.26738882554161914 0.05131128848346636 0.036488027366020526
0 0.29817559863169896 0.8295324971493728 0.10148232611174458 0.046750285062713795
0 0.8990877993158495 0.07183580387685291 0.05701254275940707 0.055872291904218926
0 0.468072976054732 0.5045610034207526 0.07069555302166476 0.052451539338654506