0 0.6904218928164196 0.43899657924743446 0.07525655644241733 0.10148232611174458
0 0.47206385404789053 0.4732041049030787 0.09122006841505131 0.07183580387685291
0 0.7668187001140251 0.3979475484606613 0.10376282782212087 0.08893956670467502
0 0.7314709236031927 0.4942987457240593 0.07639680729760548 0.06499429874572406
0 0.49315849486887114 0.3996579247434436 0.08665906499429875 0.053591790193842644
0 0.37229190421892816 0.8255416191562144 0.10718358038768529 0.08437856328392246
0 0.6499429874572406 0.7947548460661346 0.06727480045610035 0.06043329532497149
0 0.36830102622576966 0.7548460661345496 0.053591790193842644 0.05473204104903079
0 0.669897377423033 0.693842645381984 0.05701254275940707 0.059293044469783354
0 0.7297605473204105 0.5461801596351197 0.07411630558722919 0.0661345496009122
0 0.7160775370581528 0.5330672748004561 0.036488027366020526 0.03534777651083238
0 0.6237172177879133 0.7149372862029647 0.05701254275940707 0.09350057012542759
0 0.43300951083238315 0.3357626077537058 0.4503185484606614 0.34907555074116303 0.48409507753705816 0.32153194070695557 0.4678907787913341 0.3098543694412771 0.43300951083238315 0.3357626077537058