0 0.8392246294184721 0.8129988597491448 0.07525655644241733 0.05701254275940707
0 0.39680729760547323 0.5199543899657925 0.07183580387685291 0.06955530216647662
0 0.1379703534777651 0.3768529076396807 0.06955530216647662 0.06157354618015964
0 0.8380843785632839 0.9321550741163056 0.06727480045610035 0.07183580387685291
0 0.06898517673888255 0.7303306727480046 0.07639680729760548 0.06727480045610035
0 0.19270239452679588 0.8751425313568986 0.06955530216647662 0.06157354618015964
0 0.1031927023945268 0.7685290763968073 0.06385404789053592 0.06043329532497149
0 0.7622576966932725 0.37970353477765106 0.05131128848346636 0.037628278221208664
0 0.7605473204104903 0.33979475484606614 0.052451539338654506 0.039908779931584946
0 0.5900798175598632 0.8757126567844926 0.10262257696693272 0.053591790193842644
0 0.5290763968072976 0.5142531356898518 0.07297605473204105 0.055872291904218926