0 0.022425313568985177 0.5780581527936146 0.11820638540478906 0.5871744583808438 0.11972633979475485 0.5263990877993159 0.028506271379703536 0.5218415051311288 0.022425313568985177 0.5780581527936146
0 0.02394526795895097 0.6920114025085519 0.08361801596351197 0.6940330672748005 0.08779931584948689 0.6464298745724059 0.026986316989737743 0.6418722919042189 0.02394526795895097 0.6920114025085519
0 0.06043329532497149 0.6342748004561004 0.14253135689851767 0.6408209806157354 0.14253135689851767 0.6145233751425314 0.05739224629418472 0.6130034207525656 0.06043329532497149 0.6342748004561004
0 0.2702394526795895 0.2817787913340935 0.3310524515393387 0.2772212086659065 0.32193044469783355 0.25594982896237173 0.2580763968072976 0.2574686431014823 0.2702394526795895 0.2817787913340935
0 0.9498289623717218 0.22708095781071835 0.9007981755986317 0.21892816419612315 0.8981379703534778 0.24835233751425315 0.9437480045610035 0.26050741163055874 0.9498289623717218 0.22708095781071835
0 0.9574310148232612 0.18150057012542758 0.8874948688711516 0.17141733181299887 0.8890159635119727 0.2073295324971494 0.9574310148232612 0.21340706955530214 0.9574310148232612 0.18150057012542758
0 0.9102998859749144 0.13591904218928164 0.8076773090079817 0.11820638540478906 0.8069179019384265 0.15870923603192702 0.9102998859749144 0.1663067274800456 0.9102998859749144 0.13591904218928164
0 0.914860889395667 0.09337628278221209 0.8133785632839224 0.07449600912200684 0.8114789053591791 0.11160889395667047 0.9102998859749144 0.12680273660205246 0.914860889395667 0.09337628278221209
0 0.286963511972634 0.7588643101482326 0.36754047890535924 0.7725381984036488 0.37666248574686434 0.7543055872291904 0.2900034207525656 0.7375929304446979 0.286963511972634 0.7588643101482326
0 0.3812234891676169 0.7436704675028506 0.38008323831242874 0.7187377423033067 0.29304446978335236 0.7026465222348917 0.28848346636259975 0.7269566704675029 0.3812234891676169 0.7436704675028506
0 0.39186659064994295 0.9791744583808438 0.3914857468643102 0.9961995438996579 0.464842645381984 0.9974070695553021 0.4618015963511973 0.9852519954389967 0.39186659064994295 0.9791744583808438