0 0.2614652748004561 0.09988313683010262 0.26745611174458384 0.18188913454960093 0.3312328643101482 0.17925572063854048 0.3267352041049031 0.09570233409350057 0.2614652748004561 0.09988313683010262
0 0.5067777582668187 0.31152119270239453 0.49777516191562143 0.23108909236031927 0.43546391790193845 0.2306554127708096 0.4415343557582668 0.31722171835803875 0.5067777582668187 0.31152119270239453
0 0.5112038529076397 0.6260494332953249 0.5019491311288483 0.5659965587229191 0.4843851220068415 0.5658469703534778 0.4911828757126568 0.6282235803876853 0.5112038529076397 0.6260494332953249
0 0.5148020592930445 0.6232496077537059 0.5384849236031927 0.6219238825541619 0.5310884868871152 0.5627509110604333 0.5082823831242873 0.5631489931584949 0.5148020592930445 0.6232496077537059
0 0.8287763477765109 0.3285575005701254 0.8241751755986317 0.2738974367160775 0.7870518323831243 0.2651939452679589 0.7904140957810719 0.32466541847206387 0.8287763477765109 0.3285575005701254
0 0.7765307126567844 0.3650506978335234 0.7974626111744585 0.36286065108323834 0.7977060296465222 0.32453813683010263 0.7720658574686431 0.32133632953249713 0.7765307126567844 0.3650506978335234
0 0.8278961265678448 0.3303975438996579 0.8042132622576967 0.3317232702394527 0.8045850228050172 0.3549814412770809 0.8292698711516534 0.3568314150513113 0.8278961265678448 0.3303975438996579
0 0.7706113831242873 0.3916118688711516 0.7695288164196122 0.3295916704675029 0.7448234059293045 0.32865439566704674 0.7441309338654505 0.3893370684150513 0.7706113831242873 0.3916118688711516
0 0.48481778335233755 0.6292470228050171 0.47887584606613454 0.5499771915621436 0.43512424401368305 0.5507408779931585 0.4438330661345496 0.63178709350057 0.48481778335233755 0.6292470228050171
0 0.8979047343215507 0.15400632953249713 0.8870226864310149 0.05292657582668187 0.8334740057012542 0.049983827822120866 0.8395533454960091 0.1541125165336374 0.8979047343215507 0.15400632953249713
0 0.96998030672748 0.10439424401368301 0.9670110763968073 0.03875761915621437 0.900539558722919 0.03740894982896237 0.9061918072976055 0.10642001596351197 0.96998030672748 0.10439424401368301
0 0.9036643340935006 0.536176102622577 0.8940593694412771 0.4560578700114025 0.8507594435575827 0.45225197491448116 0.8608554937286204 0.5387480136830103 0.9036643340935006 0.536176102622577
0 0.995767835803877 0.38038303192702394 0.9900647001140251 0.31479412656784495 0.9327769407069556 0.31625025769669324 0.9374494264538198 0.38231332269099205 0.995767835803877 0.38038303192702394