0 0.6265063660205246 0.9183924298745724 0.6206467388825542 0.9927507491448119 0.6837052428734322 0.9953716259977196 0.6871919224629419 0.9262896864310148 0.6265063660205246 0.9183924298745724
0 0.37937464538198407 0.9642254777651084 0.4491955245153934 0.9714394184720638 0.4527205108323831 0.9001628301026227 0.3912756636259977 0.8922523204104903 0.37937464538198407 0.9642254777651084
0 0.2562957787913341 0.9157291345496009 0.33218279361459524 0.9237799714937286 0.33252198859749144 0.8608344572405929 0.2619697970353478 0.852004314709236 0.2562957787913341 0.9157291345496009
0 0.937045023945268 0.7898837251995439 0.8910841151653364 0.7877654241733181 0.88506538654504 0.8712386602052452 0.9351890022805017 0.8743932805017104 0.937045023945268 0.7898837251995439
0 0.720550141391106 0.626748709236032 0.7762367924743444 0.6378716419612314 0.7757776579247434 0.5988405803876853 0.7226941368301026 0.5910760182440137 0.720550141391106 0.626748709236032
0 0.5855304754846066 0.6525045370581528 0.6461762497149373 0.6626808072976055 0.6530470843785633 0.573903503990878 0.5884965051311288 0.5697375381984037 0.5855304754846066 0.6525045370581528
0 0.46788198061573544 0.6413332805017105 0.5260887297605473 0.6496605450399088 0.5310020672748005 0.5968477149372862 0.473370370581528 0.5882431014823261 0.46788198061573544 0.6413332805017105
0 0.5358242941847207 0.4730087947548461 0.46840152565564425 0.4699878597491448 0.46822343899657926 0.5128578711516534 0.5357892177879133 0.5185966533637401 0.5358242941847207 0.4730087947548461
0 0.7816122314709236 0.4605826955530216 0.7786248072976055 0.501062378563284 0.8438354686431015 0.511056031927024 0.8445381619156215 0.4707987662485747 0.7816122314709236 0.4605826955530216
0 0.7886565610034207 0.36193120410490304 0.8303837730900798 0.3670148369441277 0.8383476579247435 0.30277345952109463 0.7921167126567845 0.2943689874572406 0.7886565610034207 0.36193120410490304
0 0.9587450421892816 0.3307090410490308 0.9109520079817559 0.32470526681870016 0.9096240638540479 0.35720471379703533 0.9566408072976055 0.3641038574686431 0.9587450421892816 0.3307090410490308
0 0.8190545952109464 0.18846609007981757 0.871370984036488 0.19666658950969212 0.8713078129988597 0.15670729076396808 0.8150511311288484 0.15648484948688712 0.8190545952109464 0.18846609007981757
0 0.5232223021664766 0.32386648688711517 0.5630128871151653 0.3309861858608894 0.5681265416191562 0.27754277651083237 0.5400982120866591 0.2717345997719498 0.5232223021664766 0.32386648688711517
0 0.6597787001140251 0.1229146716077537 0.6332151083238312 0.12028305473204104 0.632111897377423 0.13990761117445838 0.6540745895096921 0.1448503888255416 0.6597787001140251 0.1229146716077537
0 0.6148611870011402 0.16999881299885974 0.6597557708095781 0.17871752451539338 0.6668757628278221 0.15191181984036486 0.6183911915621436 0.1419478244013683 0.6148611870011402 0.16999881299885974