0 0.3124287343215507 0.36259977194982895 0.1516533637400228 0.0661345496009122
0 0.3015963511972634 0.6282782212086659 0.046750285062713795 0.06157354618015964
0 0.41790193842645385 0.24743443557582667 0.07525655644241733 0.04561003420752566
0 0.2611174458380844 0.3289623717217788 0.06955530216647662 0.06385404789053592
0 0.2708095781071836 0.11516533637400228 0.07639680729760548 0.04561003420752566
0 0.3244013683010262 0.19954389965792474 0.07639680729760548 0.05131128848346636
0 0.42132269099201825 0.30216647662485746 0.06043329532497149 0.07183580387685291
0 0.24800456100342075 0.2491448118586089 0.053591790193842644 0.04104903078677309
0 0.26567844925883694 0.19384264538198404 0.059293044469783354 0.04218928164196123
0 0.3519519179019384 0.878565464082098 0.3709974469783352 0.8734149908779932 0.398377566704675 0.7758804834663626 0.3445448654503991 0.7838953124287343 0.3519519179019384 0.878565464082098
0 0 0.14604860205245154 0.03324642189281642 0.14885344925883695 0.04109484036488027 0.12118290421892816 0 0.11790610376282783 0 0.14604860205245154