0 0.23760185860889396 0.7499502234891676 0.23696864994298747 0.6365578871151653 0.21956176396807298 0.6359538392246294 0.214882425313569 0.7483692542759407 0.23760185860889396 0.7499502234891676
0 0.1661714047890536 0.8062352371721779 0.16684863511972636 0.7621144754846066 0.1264924857468643 0.7610486157354618 0.12437918586088939 0.8024343454960091 0.1661714047890536 0.8062352371721779
0 0.3195555302166477 0.7301484367160775 0.24619268643101483 0.6102192793614596 0.2291959543899658 0.6198056944127709 0.3022667445838085 0.7410755553021665 0.3195555302166477 0.7301484367160775
0 0.324902236031927 0.698659078677309 0.30513998745724064 0.6231096088939567 0.28336147320410493 0.6274181619156214 0.30475089509692127 0.6988207799315849 0.324902236031927 0.698659078677309
0 0.38596975712656784 0 0.3777583397947548 0.04745425655644241 0.38794202736602057 0.047043149372862025 0.3833435267958951 0.06666251197263398 0.40539059521094645 0.0669975290763968 0.41868278449258833 0 0.38596975712656784 0
0 0.43354596237172177 0 0.42436817217787914 0.04433260433295325 0.44286926795895093 0.049235677309007984 0.4431659863169897 0.06677952109464082 0.45244748004561003 0.06624161915621436 0.46423916647662483 0 0.43354596237172177 0
0 0.5010401995438997 0.06109573090079817 0.5104629452679589 0.007150086659064994 0.47899391106043326 0.0018062371721778792 0.46826479475484606 0.059713526795895096 0.5010401995438997 0.06109573090079817
0 0.7163756248574686 0.13373275940706955 0.7242749247434436 0.09062699429874572 0.689321810718358 0.08387232383124286 0.6775429224629419 0.12182702166476625 0.7163756248574686 0.13373275940706955
0 0.6372863432155074 0.04800308779931585 0.6453724982896237 0.016668442417331814 0.6176427343215508 0.012771278221208666 0.612912424173318 0.04457755758266819 0.6372863432155074 0.04800308779931585
0 0.6621827229190421 0.05426554275940707 0.6688442234891676 0.019967179019384267 0.6524878164196123 0.018819892816419614 0.6452847810718358 0.05004836031927024 0.6621827229190421 0.05426554275940707
0 0.6733574515393387 0.02060147092360319 0.6706596841505131 0.03979709007981756 0.6875587548460661 0.04401442987457241 0.6897498996579248 0.02405673660205245 0.6733574515393387 0.02060147092360319
0 0.6859218722919043 0.06220768985176739 0.6883339954389965 0.045044548460661346 0.6678250182440137 0.04031986887115166 0.6625830524515394 0.06169112770809578 0.6859218722919043 0.06220768985176739
0 0.6810690330672748 0.20154280843785632 0.6914232656784493 0.16062439224629418 0.6118400353477765 0.14391270581527937 0.6001377445838084 0.18648399543899657 0.6810690330672748 0.20154280843785632
0 0.5491959965792474 0.2686776442417332 0.5339198597491448 0.35772609806157357 0.6031778015963513 0.3693019977194983 0.6219517548460661 0.27706046864310147 0.5491959965792474 0.2686776442417332
0 0.8296618768529077 0.574541645381984 0.8150781094640821 0.6528383797035348 0.8370747069555302 0.656441046750285 0.8513525655644242 0.5757984070695553 0.8296618768529077 0.574541645381984