0 0.5039908779931584 0.7200684150513113 0.046750285062713795 0.07411630558722919
0 0.855188141391106 0.7559863169897377 0.06157354618015964 0.13568985176738882
0 0.43443557582668185 0.4880273660205245 0.06499429874572406 0.05473204104903079
0 0.6316989737742303 0.38426453819840367 0.055872291904218926 0.09122006841505131
0 0.01710376282782212 0.4669327251995439 0.03420752565564424 0.053591790193842644
0 0.24002280501710377 0.5889395667046751 0.046750285062713795 0.07411630558722919
0 0.16020524515393386 0.27194982896237174 0.039908779931584946 0.05815279361459521
0 0.3517673888255416 0.5895096921322691 0.06385404789053592 0.06157354618015964
0 0.5524515393386545 0.9503990877993158 0.07639680729760548 0.08095781071835804
0 0.07240592930444698 0.42702394526795895 0.09007981755986318 0.08095781071835804
0 0.5792474344355758 0.36259977194982895 0.04218928164196123 0.04903078677309008
0 0.5199543899657925 0.2291904218928164 0.036488027366020526 0.0330672748004561
0 0.5290763968072976 0.28677309007981755 0.046750285062713795 0.03078677309007982
0 0.5416191562143672 0.2588369441277081 0.037628278221208664 0.03192702394526796
0 0.3939566704675028 0.49372862029646525 0.028506271379703536 0.0330672748004561
0 0.6054732041049031 0.36830102622576966 0.04104903078677309 0.053591790193842644
0 0.3055872291904219 0.507411630558723 0.046750285062713795 0.07639680729760548
0 0.4224629418472064 0.8454960091220068 0.06271379703534778 0.06955530216647662