0 0.9666277776510833 0.571006369441277 0.8754310250855188 0.5660038916761688 0.870589897377423 0.6266052075256557 0.9667991835803876 0.6275506898517673 0.9666277776510833 0.571006369441277
0 0.955592771949829 0.6905384937286203 0.8946365153933865 0.6887144207525656 0.8938190216647662 0.7364939030786773 0.9533761972633978 0.7407208129988598 0.955592771949829 0.6905384937286203
0 0.9283710285062713 0.6586494846066134 0.8435394401368301 0.6512616522234892 0.8407905917901938 0.677415196123147 0.92312317331813 0.6794864606613455 0.9283710285062713 0.6586494846066134
0 0.7659497502850627 0.28408515735461803 0.7026042611174459 0.27590009806157356 0.6913087605473204 0.296101441277081 0.7513122223489167 0.30699074686431016 0.7659497502850627 0.28408515735461803
0 0.08371668529076397 0.21543507981755985 0.13034741505131128 0.20811413911060433 0.1307774458380844 0.17857308779931585 0.08116305587229192 0.1815561071835804 0.08371668529076397 0.21543507981755985
0 0.07503195895096922 0.16716249486887114 0.14370750057012543 0.16826957126567846 0.1489741094640821 0.1327130992018244 0.07836709578107183 0.13543078221208665 0.07503195895096922 0.16716249486887114
0 0.12682822462941848 0.1252467172177879 0.2304380250855188 0.1284972063854048 0.2339164789053592 0.08813685404789053 0.1300046031927024 0.09502549942987457 0.12682822462941848 0.1252467172177879
0 0.1309575165336374 0.08595913340935006 0.23082533409350056 0.08117812998859748 0.23281543557582668 0.044069985176738886 0.1299155142531357 0.052239038768529075 0.1309575165336374 0.08595913340935006
0 0.6840109726339795 0.7582419908779932 0.5960796864310148 0.765804755986317 0.6032458950969213 0.7848909954389967 0.684810762827822 0.7797146009122007 0.6840109726339795 0.7582419908779932
0 0.6866343922462942 0.7478228768529076 0.6846394766248575 0.7231691470923604 0.5963955245153933 0.730074189281642 0.5926553409350057 0.754751141391106 0.6866343922462942 0.7478228768529076
0 0.5564510125427594 1 0.5574536738882554 0.9878525096921322 0.4872665028506271 0.9865865541619157 0.4829715621436716 0.998357165336374 0.5015367263397947 1 0.5564510125427594 1