0 0.9026544150513113 0.24509624401368302 0.8495899714937286 0.26702679817559866 0.9041824982896236 0.44324618129988597 0.9543498905359178 0.41394091790193843 0.9026544150513113 0.24509624401368302
0 1 0.3743606020524516 0.9720900535917901 0.22592490877993157 0.9222519703534777 0.24346248802736603 0.9679906225769669 0.41465579817559867 1 0.4017843591790194 1 0.3743606020524516
0 1 0.21794688939566703 0.9855026362599771 0.2254873158494869 1 0.2662897685290764 1 0.21794688939566703
0 0.6975447388825542 0.21039608209806157 0.6983565644241734 0.2819112953249715 0.7460540832383125 0.2707248335233751 0.7495511140250855 0.20399749942987458 0.6975447388825542 0.21039608209806157
0 0.6855650638540478 0.28884359407069554 0.6779223044469783 0.20784740820980616 0.6543933717217788 0.22182079817559863 0.6568791778791334 0.29038198517673885 0.6855650638540478 0.28884359407069554
0 0.5554179338654504 0.5234323044469784 0.5384480068415052 0.40430915849486887 0.2546559258836944 0.4837192155074116 0.2822761687571266 0.5946561904218928 0.5554179338654504 0.5234323044469784
0 0.4512391345496009 0.27048072633979475 0.4668082143671608 0.350372007981756 0.6332718665906499 0.3058727149372862 0.6313424424173318 0.2266951174458381 0.6261876259977195 0.22490465792474346 0.4512391345496009 0.27048072633979475
0 0.6683349247434436 0.12978992018244015 0.6326030820980616 0.1446440912200684 0.6448181117445838 0.2015504298745724 0.6816687491448118 0.19435756784492586 0.681153874572406 0.19166862143671606 0.6683349247434436 0.12978992018244015
0 0.6329673785632839 0.20435090535917902 0.6173678255416192 0.1453670912200684 0.572779834663626 0.15519506955530216 0.5880260125427593 0.2122602645381984 0.6329673785632839 0.20435090535917902
0 0.5827866795895097 0.2188287730900798 0.5592196955530216 0.15296410490307868 0.5218921927023945 0.1692560969213227 0.5416062029646522 0.22807574914481188 0.5827866795895097 0.2188287730900798
0 0.5291119600912201 0.22742095324971492 0.5143943489167617 0.1673428449258837 0.46956792588369445 0.18172038768529075 0.49079694070695556 0.24061943671607755 0.5291119600912201 0.22742095324971492
0 0.4790306294184721 0.24000279019384266 0.46326719726339793 0.1859522417331813 0.3677131847206385 0.21135858608893957 0.40722942987457245 0.3852675496009122 0.4790306294184721 0.24000279019384266
0 0.4104195530216648 0.38239298175598635 0.36867659977194983 0.2057065017103763 0.2016468802736602 0.2482760285062714 0.25193168757126566 0.4197075929304447 0.4104195530216648 0.38239298175598635
0 0.14107479703534778 0.08733069099201825 0.12614818129988598 0.035984818700114024 0.10485062941847206 0.036390109464082096 0.11586746750285062 0.08715014595210946 0.14107479703534778 0.08733069099201825