0 0.7194982896237172 0.28278221208665905 0.04789053591790194 0.03534777651083238
0 0.7217787913340935 0.11630558722919042 0.053591790193842644 0.036488027366020526
0 0.467502850627138 0.4903078677309008 0.05017103762827822 0.043329532497149374
0 0.1379703534777651 0.4549600912200684 0.05473204104903079 0.05131128848346636
0 0.3443557582668187 0.9612314709236032 0.04561003420752566 0.039908779931584946
0 0.3580387685290764 0.9817559863169898 0.04561003420752566 0.036488027366020526
0 0.4629418472063854 0.03192702394526796 0.05131128848346636 0.036488027366020526
0 0.5096921322690992 0.4321550741163056 0.06043329532497149 0.05017103762827822
0 0.15279361459521096 0.011402508551881414 0.06157354618015964 0.02280501710376283
0 0.3671607753705815 0.2805017103762828 0.052451539338654506 0.028506271379703536
0 0.3637400228050171 0.30444697833523376 0.053591790193842644 0.03078677309007982