0 0.7451539338654504 0.61345496009122 0.06499429874572406 0.08893956670467502
0 0.6995438996579247 0.927594070695553 0.08779931584948689 0.07411630558722919
0 0.3449258836944128 0.2839224629418472 0.04789053591790194 0.055872291904218926
0 0.43329532497149376 0.5832383124287344 0.055872291904218926 0.05473204104903079
0 0.8985176738882554 0.037058152793614595 0.05473204104903079 0.07411630558722919
0 0.290193842645382 0.3392246294184721 0.07183580387685291 0.05131128848346636
0 0.8928164196123147 0.27765108323831245 0.052451539338654506 0.09692132269099202
0 0.7970353477765109 0.8842645381984037 0.07069555302166476 0.052451539338654506
0 0.790193842645382 0.928164196123147 0.052451539338654506 0.04561003420752566
0 0.7052451539338654 0.9732041049030786 0.04561003420752566 0.029646522234891677
0 0.9771949828962372 0.6522234891676169 0.04561003420752566 0.07297605473204105