0 0.9163819840364881 0.4504298745724059 0.841884834663626 0.4412770809578107 0.8342839224629419 0.5188027366020525 0.9057388825541619 0.5218415051311288 0.9163819840364881 0.4504298745724059
0 0.5712656784492588 0.0857787913340935 0.6480421892816419 0.08970011402508551 0.6442417331812998 0.021965792474344353 0.5727856328392247 0.01892702394526796 0.5712656784492588 0.0857787913340935
0 0.27328050171037627 0.058429874572405935 0.3249714937286203 0.059293044469783354 0.3325735461801596 0.008290763968072976 0.2702394526795895 0.005251995438996579 0.27328050171037627 0.058429874572405935
0 0.20182440136830102 0.13743785632839225 0.20144469783352337 0.08589851767388826 0.14557240592930445 0.0857787913340935 0.1516533637400228 0.14199657924743445 0.20182440136830102 0.13743785632839225
0 0.34473546180159637 0.5886932725199544 0.48080615735461796 0.6009122006841505 0.4922086659064994 0.5522291904218928 0.3416955530216647 0.5446316989737743 0.34473546180159637 0.5886932725199544
0 0.48308665906499426 0.6479498289623716 0.48308665906499426 0.6084458380843786 0.4237936145952109 0.5978095781071836 0.41923261117445837 0.6327559863169898 0.48308665906499426 0.6479498289623716
0 0.48080615735461796 0.665526795895097 0.4177115165336374 0.6616237172177879 0.41923261117445837 0.6874538198403649 0.48916761687571264 0.6996077537058153 0.48080615735461796 0.665526795895097
0 0.11782554161915622 0.5343979475484606 0.037628278221208664 0.5324766248574687 0.07411630558722919 0.6099646522234892 0.11972633979475485 0.6130034207525656 0.11782554161915622 0.5343979475484606
0 0.03610832383124288 0.5917320410490308 0.0019007981755986318 0.5876088939566705 0 0.6601049030786773 0.030026225769669325 0.6646624857468643 0.03610832383124288 0.5917320410490308
0 0.5575826681870011 0.6844150513112884 0.5636636259977196 0.7163215507411631 0.6564047890535918 0.7345541619156214 0.6609657924743444 0.6874538198403649 0.5575826681870011 0.6844150513112884
0 0.5180535917901938 0.611484606613455 0.5549224629418472 0.6237172177879133 0.5545416191562144 0.596290763968073 0.5195746864310148 0.5917320410490308 0.5180535917901938 0.611484606613455
0 0.6168757126567845 0.6281972633979476 0.6385404789053591 0.6275176738882554 0.6366396807297605 0.60084834663626 0.6123147092360319 0.5947708095781072 0.6168757126567845 0.6281972633979476
0 0.673127708095781 0.6509885974914481 0.6412006841505131 0.6464298745724059 0.6412006841505131 0.6722599771949829 0.673127708095781 0.6752987457240592 0.673127708095781 0.6509885974914481
0 0.5119726339794755 0.6342748004561004 0.5134925883694413 0.6540273660205245 0.5321303215507411 0.654115377423033 0.5347776510832383 0.6342748004561004 0.5119726339794755 0.6342748004561004
0 0.5104526795895097 0.6585849486887114 0.5165336374002281 0.6813762827822121 0.5530216647662486 0.6845302166476624 0.5530216647662486 0.6798563283922463 0.548460661345496 0.6631436716077537 0.5104526795895097 0.6585849486887114
0 0.5895096921322691 0.6813762827822121 0.6309384264538198 0.6845302166476624 0.6290387685290765 0.6646624857468643 0.592550741163056 0.6585849486887114 0.5895096921322691 0.6813762827822121