0 0.3322600695553022 0.6660063614595211 0.4877024811858609 0.27723539452679585 0.4452414583808438 0.25557458608893957 0.2858131391106043 0.642780085518814 0.3322600695553022 0.6660063614595211
0 0.1718752998859749 0.9273734982896237 0.2242851094640821 0.9374681185860889 0.3084412006841505 0.7208294811858609 0.26450471949828963 0.7001601277080958 0.1718752998859749 0.9273734982896237
0 0.10602153705815279 0.885292449258837 0.14371997833523376 0.9045414218928164 0.20877527137970353 0.7600368278221208 0.16621039338654503 0.734160771949829 0.10602153705815279 0.885292449258837
0 0.05869443443557583 0.797767889395667 0.01782573432155074 0.8958955302166477 0.058597209806157353 0.916232228050171 0.10005063055872293 0.8112868540478905 0.05869443443557583 0.797767889395667
0 0 0.9502020228050171 0.04308556100342075 0.9547304971493729 0.051310898517673884 0.940690102622577 0.006216717217787913 0.9191343340935006 0 0.9344305997719499 0 0.9502020228050171
0 0 0.8244137742303307 0.01043888141391106 0.8290020980615735 0.1544167172177879 0.468455330672748 0.10478878563283922 0.44642304446978337 0 0.7202359931584948 0 0.8244137742303307
0 0 0.6392775655644242 0.05691690307867731 0.49489670125427593 0.007130093500570125 0.4743760433295325 0 0.537730850627138 0 0.6392775655644242
0 0.4625585404789054 0.13853833181299885 0.47297493956670467 0.11211637970353477 0.3560631014823261 0.06160996351197263 0.3405707787913341 0.08788135689851767 0.4625585404789054 0.13853833181299885
0 0.47870402280501706 0.144821417331813 0.49691698403648804 0.16049405701254277 0.513217614595211 0.1362188882554162 0.49227092360319274 0.1172011220068415 0.47870402280501706 0.144821417331813
0 0.31216153819840364 0.043237343215507415 0.29371364652223486 0.07340127822120868 0.3237594002280502 0.08420314139110605 0.3380892485746865 0.05819250855188141 0.31216153819840364 0.043237343215507415
0 0.5467119384264538 0.2681508312428734 0.5924311311288484 0.16747519840364883 0.520921023945268 0.13550022234891676 0.4739407719498289 0.24827222006841504 0.5467119384264538 0.2681508312428734
0 0.06542536488027366 0 0.18634865792474345 0.04835838312428734 0.2001771277080958 0 0.06542536488027366 0
0 0.2958636225769669 0.09655788369441277 0.27057957126567844 0.16269232269099201 0.478156645381984 0.25177312656784495 0.5006365404789054 0.18305089509692135 0.2958636225769669 0.09655788369441277