0 0.7428734321550741 0.6180159635119726 0.06385404789053592 0.08893956670467502
0 0.6921322690992018 0.9310148232611174 0.08665906499429875 0.07297605473204105
0 0.34891676168757124 0.28107183580387685 0.046750285062713795 0.05473204104903079
0 0.4315849486887115 0.5815279361459521 0.05473204104903079 0.053591790193842644
0 0.9059293044469784 0.04047890535917902 0.053591790193842644 0.08095781071835804
0 0.29304446978335236 0.33580387685290763 0.07069555302166476 0.05017103762827822
0 0.8968072976054732 0.2844925883694413 0.05017103762827822 0.09578107183580388
0 0.790193842645382 0.8893956670467503 0.06955530216647662 0.05131128848346636
0 0.7822120866590649 0.9332953249714937 0.052451539338654506 0.04446978335233751
0 0.6966932725199544 0.9766248574686431 0.04446978335233751 0.028506271379703536
0 0.976054732041049 0.6607753705815279 0.04789053591790194 0.07183580387685291