0 0.33561345496009126 0.6980889395667047 0.7373625997719498 0.5800079817559863 0.7202588369441277 0.5355153933865451 0.317369441277081 0.6494686431014822 0.33561345496009126 0.6980889395667047
0 0.27632041049030787 0.7132827822120866 0.2603568985176739 0.6674264538198403 0.03610832383124288 0.7284766248574687 0.040669327251995444 0.781654503990878 0.27632041049030787 0.7132827822120866
0 0.2322314709236032 0.8074846066134549 0.21094640820980615 0.762448118586089 0.06043329532497149 0.8120421892816418 0.07563625997719498 0.8515461801596351 0.2322314709236032 0.8074846066134549
0 0.14861231470923603 0.8652200684150513 0.039908779931584946 0.8954766248574686 0.055872291904218926 0.9381505131128849 0.15773432155074116 0.9077628278221208 0.14861231470923603 0.8652200684150513
0 0 0.9563831242873433 0.03154732041049031 0.9472668187001141 0.014823261117445839 0.9001664766248575 0 0.90687913340935 0 0.9563831242873433
0 0.01786431014823261 0.9761356898517675 0.020904218928164194 0.9980992018244014 0.0999623717217788 0.9988597491448119 0.08171835803876853 0.9639806157354618 0.01786431014823261 0.9761356898517675
0 0.495248574686431 0.8469874572405929 0.12162713797035347 0.9524891676168756 0.13645039908779932 0.9988597491448119 0.5119726339794755 0.8986465222348917 0.495248574686431 0.8469874572405929
0 0.26719840364880276 0.9943683010262259 0.47396465222348916 0.9928483466362599 0.4587605473204105 0.9411892816419613 0.26719840364880276 0.9943683010262259
0 0.8931961231470923 0.7016339794754846 0.9209429874572407 0.6889726339794755 0.8829338654503991 0.5674218928164196 0.8555678449258837 0.5750193842645381 0.8931961231470923 0.7016339794754846
0 0.8798939566704675 0.5477001140250856 0.863169897377423 0.5248802736602053 0.8373238312428734 0.5385541619156214 0.8510068415051311 0.5583055872291904 0.8798939566704675 0.5477001140250856
0 0.9224629418472063 0.7072052451539339 0.895096921322691 0.7187377423033067 0.9026989737742304 0.7497480045610034 0.9346259977194983 0.7345541619156214 0.9224629418472063 0.7072052451539339
0 0.7476248574686432 0.5522291904218928 0.8646898517673888 0.5172941847206385 0.8403648802736602 0.44283352337514253 0.7354618015963512 0.4777787913340935 0.7476248574686432 0.5522291904218928
0 0.9977194982896237 0.9958871151653365 0.9692132269099202 0.849866590649943 0.9163819840364881 0.8591425313568984 0.9559099201824401 0.9988597491448119 0.9977194982896237 0.9958871151653365
0 0.8152793614595211 0.5324971493728621 0.7445838084378563 0.5476704675028506 0.8114789053591791 0.7634218928164196 0.8798939566704675 0.7451892816419612 0.8152793614595211 0.5324971493728621