0 0.49486887115165334 0.43899657924743446 0.05815279361459521 0.05701254275940707
0 0.22120866590649943 0.5199543899657925 0.07639680729760548 0.05131128848346636
0 0.5940706955530216 0.7445838084378563 0.04561003420752566 0.04789053591790194
0 0.7822120866590649 0.629418472063854 0.055872291904218926 0.05017103762827822
0 0.6522234891676169 0.7879133409350056 0.04561003420752566 0.039908779931584946
0 0.4298745724059293 0.798175598631699 0.043329532497149374 0.04218928164196123
0 0.6761687571265679 0.14481185860889395 0.04903078677309008 0.039908779931584946
0 0.5746864310148233 0.009122006841505131 0.04446978335233751 0.018244013683010263
0 0.38540478905359177 0.5461801596351197 0.037628278221208664 0.04903078677309008
0 0.35435351539338655 0.48409570353477765 0.33482226567844925 0.5022324218928164 0.3585371094640821 0.5329238278221209 0.3808593751425313 0.5203691402508552 0.35435351539338655 0.48409570353477765
0 0.16462109350057014 0.2776230467502851 0.09626171835803876 0.32087109350057014 0.11439648460661345 0.33900585974914477 0.17717578107183582 0.29854882782212083 0.16462109350057014 0.2776230467502851
0 0.7714843751425314 0.8524003911060434 0.784041015963512 0.8761152348916762 0.8286835940706955 0.8663496088939566 0.8286835940706955 0.8468183591790195 0.7714843751425314 0.8524003911060434