0 0.5630922098061574 1 0.5729548175598632 0.9794992155074116 0.4199305176738883 0.9106912314709236 0.37601637286202966 0.9941884663625997 0.5207182166476625 1 0.5630922098061574 1
0 0.7568565267958951 0.6912698814139111 0.9880646659064993 0.6973080399087799 0.9907166841505131 0.6249421938426454 0.7570796168757127 0.6289729464082099 0.7568565267958951 0.6912698814139111
0 0.7572314298745724 0.5970670057012543 0.7817337115165336 0.5937913363740023 0.7865145461801596 0.560607685290764 0.7605744435575826 0.5622876955530216 0.7572314298745724 0.5970670057012543
0 0.6847561003420753 0.5871897890535919 0.7457342998859748 0.5843065758266819 0.7535449749144811 0.5440816396807298 0.6763648072976054 0.5441973968072976 0.6847561003420753 0.5871897890535919
0 0.59143921322691 0.5397466351197263 0.6572846898517674 0.5310395598631699 0.663241779931585 0.48992710490307867 0.5829685233751425 0.49826925085518814 0.59143921322691 0.5397466351197263
0 0.5177573318129989 0.49485167616875714 0.570193503990878 0.48088320752565566 0.5648577445838084 0.44485298403648804 0.5134389771949829 0.46119229874572404 0.5177573318129989 0.49485167616875714
0 0.43761251311288485 0.4572184025085519 0.5016241368301027 0.4544941619156215 0.501797228050171 0.4149353397947549 0.4392805290763968 0.4253907822120867 0.43761251311288485 0.4572184025085519
0 0.35595161345496007 0.4195045324971494 0.40543381984036486 0.40386094640820985 0.40301578449258835 0.3774442063854048 0.35283174914481186 0.39198576966932724 0.35595161345496007 0.4195045324971494
0 0.07330040592930445 0.3287045849486887 0.008469103762827822 0.3253069201824402 0.00921761801596351 0.34730220638540477 0.07705569213226911 0.344098755986317 0.07330040592930445 0.3287045849486887
0 0.09819275370581527 0.28897682212086656 0.010401361459521096 0.2884372451539339 0.00886627251995439 0.3177284823261117 0.09077680273660205 0.31442311858608896 0.09819275370581527 0.28897682212086656
0 1 0.02831827708095781 0.9590756921322691 0.024513480045610037 0.8937289521094641 0.02368233409350057 1 0.07771149942987457 1 0.02831827708095781
0 0.422002685290764 0.9001611037628278 0.5798148038768529 0.9646613671607753 0.6422627206385405 0.8176758072976055 0.492123181299886 0.7518634526795894 0.422002685290764 0.9001611037628278