0 0.7924743443557583 0.24572405929304447 0.14823261117445838 0.10148232611174458
0 0.6020524515393386 0.37799315849486886 0.06955530216647662 0.05815279361459521
0 0.30387685290763966 0.6111744583808438 0.09007981755986318 0.053591790193842644
0 0.9230330672748005 0.32839224629418473 0.06499429874572406 0.059293044469783354
0 0.507411630558723 0.3523375142531357 0.05131128848346636 0.06043329532497149
0 0.9954389965792474 0.701254275940707 0.009122006841505131 0.0661345496009122
0 0.2434435575826682 0.3392246294184721 0.05131128848346636 0.059293044469783354
0 0.403078677309008 0.02280501710376283 0.029646522234891677 0.03534777651083238
0 0.04446978335233751 0.3654503990877993 0.08893956670467502 0.04446978335233751
0 0.44241733181299886 0.02565564424173318 0.04789053591790194 0.039908779931584946
0 0.7696693272519954 0.16077537058152794 0.04561003420752566 0.05131128848346636
0 0.04389965792474344 0.3255416191562144 0.08779931584948689 0.05815279361459521
0 0.17673888255416192 0.36431014823261115 0.029646522234891677 0.03876852907639681
0 0.046180159635119726 0.34150513112884834 0.09236031927023945 0.09692132269099202
0 0.4868871151653364 0.026225769669327253 0.04789053591790194 0.04218928164196123
0 0.3717217787913341 0.10946408209806158 0.028506271379703536 0.03420752565564424
0 0.7850627137970353 0.629418472063854 0.05017103762827822 0.03876852907639681
0 0.5923603192702395 0.17958950969213228 0.07525655644241733 0.04561003420752566