0 0.34542662143671604 0.7528648221208666 0.2323546738882554 0.74432330672748 0.23234696351197262 0.7670976795895098 0.3448149543899658 0.7702714424173318 0.34542662143671604 0.7528648221208666
0 0.21528455758266818 0.8140556431014823 0.1712240307867731 0.8116535153933866 0.17210038540478906 0.8536090672748005 0.21353271835803878 0.8543878380843786 0.21528455758266818 0.8140556431014823
0 0.3723445062713797 0.7455005438996579 0.2578250228050171 0.6639505724059294 0.24571851767388825 0.6804350068415052 0.36159581071835806 0.7617871573546181 0.3723445062713797 0.7455005438996579
0 0.3635975324971494 0.6857976510832383 0.2896106419612315 0.6608134777651083 0.2880436488027366 0.6809044515393387 0.3577802827822121 0.7072225655644242 0.3635975324971494 0.6857976510832383
0 1 0.6151242656784492 0.9253480809578107 0.6245836670467503 0.9241443557582668 0.6466003990877993 0.944036701254276 0.643381677309008 0.9429162177879135 0.653511881413911 1 0.6476962417331812 1 0.6151242656784492
0 1 0.5701556305587229 0.9293846704675028 0.5776941391106043 0.9282006351197264 0.5869155017103762 0.9456810444697833 0.5884352941847207 0.9492816031927024 0.6072333432155074 1 0.6003793557582668 1 0.5701556305587229
0 0.9923792132269099 0.5239420148232611 0.9379076818700114 0.529578748004561 0.9370002212086659 0.562370732041049 0.9955148768529076 0.5557071596351197 0.9923792132269099 0.5239420148232611
0 0.9240204218928164 0.3048278152793615 0.8804686328392246 0.30970096579247436 0.8896365370581527 0.3492695769669327 0.9283204321550741 0.34016696693272525 0.9240204218928164 0.3048278152793615
0 0.9922948586088939 0.38869712656784494 0.9604724811858609 0.39457779019384265 0.9621894287343216 0.41913128848346637 0.9942481995438998 0.41663119498289625 0.9922948586088939 0.38869712656784494
0 0.9906414629418472 0.3650524697833524 0.9559619657924744 0.3693052098061574 0.9589901334093501 0.386456165336374 0.9906449897377423 0.38144906385404787 0.9906414629418472 0.3650524697833524
0 0.9709864971493729 0.36185816647662483 0.990323542759407 0.36050598859749144 0.98802017331813 0.3439124458380844 0.9679582497149374 0.3447060741163056 0.9709864971493729 0.36185816647662483
0 0.9669847183580388 0.3438608654503991 0.9496951242873432 0.3450698711516534 0.948582393386545 0.36838787343215507 0.9702672554161916 0.3646494595210946 0.9669847183580388 0.3438608654503991
0 0.8519019179019384 0.332716677309008 0.8103609019384265 0.34019136259977195 0.8197375507411632 0.42197595667046756 0.863021449258837 0.41327179589509694 0.8519019179019384 0.332716677309008
0 0.6442934595210946 0.4760872930444698 0.7341906054732041 0.4670600741163056 0.7309033865450398 0.39389678905359177 0.6375769475484607 0.4061905655644242 0.6442934595210946 0.4760872930444698
0 0.3695126647662486 0.17502793842645384 0.448635984036488 0.16594140022805018 0.44889535005701253 0.14421588141391106 0.3674531778791334 0.15283361459521094 0.3695126647662486 0.17502793842645384