0 0.5176738882554162 0.08893956670467502 0.06499429874572406 0.09350057012542759
0 0.8004561003420753 0.6339794754846066 0.06727480045610035 0.05815279361459521
0 0.6767388825541619 0.1259977194982896 0.05815279361459521 0.07183580387685291
0 0.7531356898517674 0.7434435575826682 0.08665906499429875 0.06955530216647662
0 0.8175598631698974 0.3563283922462942 0.06385404789053592 0.13568985176738882
0 0.7092360319270239 0.20125427594070697 0.06271379703534778 0.06727480045610035
0 0.8015963511972634 0.8004561003420753 0.06841505131128849 0.052451539338654506
0 0.7730900798175598 0.06556442417331813 0.05815279361459521 0.06271379703534778
0 0.17445838084378562 0.4606613454960091 0.03876852907639681 0.052451539338654506
0 0.14424173318129987 0.4692132269099202 0.04104903078677309 0.07069555302166476
0 0.23831242873432154 0.4732041049030787 0.043329532497149374 0.07183580387685291
0 0.5689851767388826 0.5621436716077537 0.04446978335233751 0.053591790193842644
0 0.2668187001140251 0.4732041049030787 0.04104903078677309 0.06955530216647662
0 0.2519954389965792 0.4732041049030787 0.07297605473204105 0.07753705815279362
0 0.5575826681870011 0.5604332953249715 0.07069555302166476 0.06271379703534778