0 0.2771702816419612 0.5110550900798175 0.6475633648802736 0.3158265769669327 0.619609298745724 0.27206189395667046 0.251189748004561 0.4710908437856328 0.2771702816419612 0.5110550900798175
0 0.9062515689851768 0.18006763511972634 0.8907339315849487 0.12900010604332954 0.6744476704675028 0.2448723568985177 0.6995964082098062 0.2864076134549601 0.9062515689851768 0.18006763511972634
0 0.8650838985176739 0.10338562485746865 0.8419998129988598 0.06790576510832383 0.6979874994298746 0.14356246180159635 0.7281710456100342 0.18318938198403648 0.8650838985176739 0.10338562485746865
0 0.8049821356898518 0 0.7500076932725199 0.02998673204104903 0.7677754994298746 0.06970325883694413 0.8678129087799316 0.01750714481185861 0.856655377423033 0 0.8049821356898518 0
0 0.6268599669327252 0 0.40540572405929304 0.11255411174458381 0.4325048460661346 0.15960717445838085 0.7356318563283922 0 0.6268599669327252 0
0 0.4797893876852907 0 0.42299748004561005 0.01250851881413911 0.44860986202964653 0.05987759863169897 0.5635600057012543 0 0.4797893876852907 0
0 0.11141635803876854 0.5136678643101482 0.1366047582668187 0.5005466807297606 0.07347409350057012 0.3845222770809578 0.04896600684150513 0.4026758392246294 0.11141635803876854 0.5136678643101482
0 0.16203164310148233 0.5324219076396807 0.144541086659065 0.5159469555302166 0.11849022690992018 0.5323266431014823 0.13959333637400229 0.5511706875712656 0.16203164310148233 0.5324219076396807
0 0.05417543557582668 0.33943541277080963 0.026105070695553022 0.36093523489167617 0.04368849372862029 0.3851576716077537 0.06805876054732041 0.3681874709236032 0.05417543557582668 0.33943541277080963
0 0.17895848802736603 0.6266830900798176 0.2743036522234892 0.5706908836944128 0.2469272805017104 0.5003962451539339 0.13968383352337516 0.5589070182440137 0.17895848802736603 0.6266830900798176
0 0.140559165336374 0.3070946134549601 0.07742992018244015 0.33915308779931586 0.18485371151653363 0.5337632565564424 0.2508496875712657 0.5042230798175599 0.140559165336374 0.3070946134549601