0 0.9048300091220068 0.5348389931584948 0.8336475290763968 0.5279035803876853 0.830384984036488 0.6057326043329532 0.9054309555302167 0.6070368848346637 0.9048300091220068 0.5348389931584948
0 0.5051248700114025 0.9865210091220069 0.57630848004561 0.9934565803876854 0.5894987457240594 0.9269103660205246 0.5129236761687571 0.9201083021664767 0.5051248700114025 0.9865210091220069
0 0.20361985290763968 0.9579566636259976 0.26577023033067276 0.9636226966932726 0.2653403055872292 0.9120587662485747 0.2140322371721779 0.9057195393386546 0.20361985290763968 0.9579566636259976
0 0.10521900342075258 0.8060388745724059 0.09137322120866591 0.8608632485746864 0.14671842987457243 0.8685206077537059 0.1542673283922463 0.8175356909920182 0.10521900342075258 0.8060388745724059
0 0.34944769327251995 0.4337709327251995 0.4995533888255416 0.44719475598631697 0.49503721436716075 0.39739860319270237 0.3585902029646522 0.3905612371721779 0.34944769327251995 0.4337709327251995
0 0.4384946966932725 0.35729533751425313 0.4381477126567845 0.39253641847206383 0.4983440022805017 0.39025566704675024 0.5038418950969213 0.35113612656784493 0.4384946966932725 0.35729533751425313
0 0.5170530672748005 0.30082723831242875 0.4461071630558723 0.3031298198403649 0.44100601596351197 0.328496850627138 0.5040298278221208 0.3334128323831243 0.5170530672748005 0.30082723831242875
0 0.13915417331813 0.3351724561003421 0.09356509806157354 0.3318339623717218 0.04664792018244014 0.4034897286202965 0.12633210604332953 0.41274840592930445 0.13915417331813 0.3351724561003421
0 0.057516566704675025 0.27153229076396806 0.027148261117445838 0.27186667616875715 0.018941067274800456 0.3439216989737742 0.053389518814139114 0.3445994458380844 0.057516566704675025 0.27153229076396806
0 0.6854878141391106 0.3367725758266819 0.687526298745724 0.289495842645382 0.5931501972633979 0.2946439395667047 0.5826878916761687 0.3253936214367161 0.6854878141391106 0.3367725758266819
0 0.5321508198403648 0.4118849589509692 0.5674119076396807 0.41223705701254276 0.571606070695553 0.38513051881413907 0.5333935541619157 0.39211292816419613 0.5321508198403648 0.4118849589509692
0 0.6244112177879134 0.4217826795895097 0.6493452896237172 0.41914967046750284 0.6549392428734321 0.39300442759407067 0.633579897377423 0.38931629874572404 0.6244112177879134 0.4217826795895097
0 0.6958397115165337 0.3505019692132269 0.6638004834663626 0.3490677822120867 0.6602056282782212 0.3746465074116305 0.6924563922462942 0.37457553363740026 0.6958397115165337 0.3505019692132269
0 0.553126637400228 0.3718720661345496 0.55326634663626 0.3518561391106043 0.5347977457240594 0.34934942303306726 0.5305435575826681 0.3686982212086659 0.553126637400228 0.3718720661345496
0 0.5781873044469783 0.32464480843785637 0.541615433295325 0.32268989623717215 0.5324217137970354 0.3444131208665906 0.5706942565564423 0.3451884515393387 0.5775368244013683 0.3292732109464082 0.5781873044469783 0.32464480843785637
0 0.6137208027366021 0.35583896237172175 0.6506995610034207 0.354898724059293 0.6553457856328392 0.3354887251995439 0.6138812896237171 0.3328462006841505 0.6137208027366021 0.35583896237172175