0 0.20125427594070697 0.8437856328392246 0.05473204104903079 0.05701254275940707
0 0.06841505131128849 0.8346636259977195 0.04218928164196123 0.06157354618015964
0 0.8683010262257697 0.7006841505131128 0.036488027366020526 0.052451539338654506
0 0.2748004561003421 0.6305587229190421 0.055872291904218926 0.059293044469783354
0 0.11630558722919042 0.40935005701254273 0.05131128848346636 0.06955530216647662
0 0.02508551881413911 0.2588369441277081 0.046750285062713795 0.06955530216647662
0 0.8836944127708096 0.30216647662485746 0.05815279361459521 0.07639680729760548
0 0.3620699350057012 0.3395944629418472 0.3313565644241733 0.36625865336374 0.3630336681870011 0.393256023945268 0.3884938905359179 0.36893414709236033 0.3620699350057012 0.3395944629418472
0 0.32189986088939565 0.38492658722919043 0.33394137742303304 0.3728870684150513 0.29927900570125426 0.3209173705815279 0.2831155313568985 0.33368370239452677 0.32189986088939565 0.38492658722919043
0 0.30663423261117445 0.3224545176738883 0.3335477434435576 0.3063746362599772 0.30179262257696693 0.27089277537058154 0.27560558722919043 0.29109269099201823 0.30663423261117445 0.3224545176738883
0 0.8892544287343215 0.15597508779931585 0.8661472622576967 0.11330021664766249 0.8524883192702394 0.12420888711516534 0.8773747913340935 0.16090187685290766 0.8892544287343215 0.15597508779931585
0 0.8904691368301025 0.1387604401368301 0.905501763968073 0.12761153363740024 0.8885347776510832 0.10368653249714936 0.8753604891676169 0.11734381870011402 0.8904691368301025 0.1387604401368301
0 0.929426425313569 0.11064262371721778 0.90607351995439 0.09067770353477765 0.8921724196123146 0.10021302964652223 0.9088969099201823 0.12276276168757126 0.929426425313569 0.11064262371721778