0 0.6587799315849487 0.1829247434435576 0.7155074116305588 0.18129988597491448 0.7146522234891676 0.13506385404789054 0.6530786773090079 0.13506385404789054 0.6587799315849487 0.1829247434435576
0 0.6986887115165337 0.19432041049030788 0.628563283922463 0.18557582668187 0.6393956670467503 0.26611060433295325 0.7032497149372862 0.26611060433295325 0.6986887115165337 0.19432041049030788
0 0.43072976054732043 0.2205290763968073 0.4831812998859749 0.21978335233751425 0.4831812998859749 0.19659977194982897 0.427309007981756 0.200018244013683 0.43072976054732043 0.2205290763968073
0 0.3486316989737742 0.22508779931584946 0.4147662485746864 0.22548460661345496 0.4056442417331813 0.20115735461801595 0.3543329532497149 0.20343671607753705 0.3486316989737742 0.22508779931584946
0 0.15136830102622578 0.29801824401368304 0.25513112884834666 0.29247434435575825 0.24942987457240592 0.27066932725199544 0.14794754846066135 0.2786453819840365 0.15136830102622578 0.29801824401368304
0 0.2539908779931585 0.31511060433295324 0.2522805017103763 0.29817559863169896 0.193557582668187 0.30371493728620297 0.20039908779931584 0.3230877993158495 0.2539908779931585 0.31511060433295324
0 0.9700684150513113 0.8734823261117446 0.9962941847206386 0.8797035347776511 0.9988597491448119 0.8233432155074116 0.9666476624857469 0.8210638540478905 0.9700684150513113 0.8734823261117446
0 0.5447548460661346 0.3698084378563284 0.5031356898517674 0.36659064994298746 0.5037058152793614 0.396018244013683 0.5458950969213227 0.39943671607753706 0.5447548460661346 0.3698084378563284
0 0.6667616875712656 0.5589714937286203 0.5983466362599772 0.5587217787913341 0.5983466362599772 0.6079714937286204 0.6564994298745724 0.6205062713797035 0.6667616875712656 0.5589714937286203
0 0.6644811858608894 0.6250638540478906 0.7169327251995439 0.6231470923603193 0.7135119726339795 0.5749247434435576 0.6644811858608894 0.5703660205245155 0.6644811858608894 0.6250638540478906
0 0.17160775370581527 0.941126567844926 0.3107183580387685 0.9395667046750285 0.30387685290763966 0.9046613454960092 0.1636259977194983 0.9092189281641961 0.17160775370581527 0.941126567844926
0 0.16020524515393386 0.9775917901938426 0.1952679589509692 0.9780501710376283 0.18985176738882553 0.9434047890535918 0.153363740022805 0.9445450399087799 0.16020524515393386 0.9775917901938426