0 0.0952109464082098 0.7212086659064995 0.07069555302166476 0.04789053591790194
0 0.5952109464082098 0.5444697833523375 0.06499429874572406 0.06271379703534778
0 0.8814139110604333 0.468072976054732 0.06271379703534778 0.05473204104903079
0 0.06727480045610035 0.8375142531356898 0.059293044469783354 0.06499429874572406
0 0.862599771949829 0.8278221208665907 0.06955530216647662 0.059293044469783354
0 0.7069555302166477 0.9384264538198404 0.06271379703534778 0.05473204104903079
0 0.8198403648802737 0.8563283922462942 0.05815279361459521 0.053591790193842644
0 0.2748004561003421 0.3198403648802737 0.04789053591790194 0.03192702394526796
0 0.2862029646522235 0.28164196123147095 0.04903078677309008 0.0330672748004561
0 0.3215507411630559 0.8426453819840365 0.10034207525655645 0.039908779931584946
0 0.8683010262257697 0.04503990877993159 0.053591790193842644 0.052451539338654506
0 0.468072976054732 0.5068415051311288 0.06841505131128849 0.04789053591790194
0 0.012542759407069556 0.9378563283922463 0.02508551881413911 0.039908779931584946