0 0.32633979475484604 0.241212086659065 0.21436716077537057 0.2522234891676169 0.215963511972634 0.2749418472063854 0.3281641961231471 0.25853363740022806 0.32633979475484604 0.241212086659065
0 0.1895096921322691 0.16645838084378564 0.14823261117445838 0.17012542759407068 0.15028506271379705 0.2120399087799316 0.19407069555302164 0.20657012542759406 0.1895096921322691 0.16645838084378564
0 0.3436716077537058 0.24850513112884834 0.233751425313569 0.33774230330672744 0.24697833523375143 0.3533420752565564 0.3555302166476625 0.2640022805017104 0.3436716077537058 0.24850513112884834
0 0.3436716077537058 0.30320296465222346 0.2759407069555302 0.33432155074116304 0.2789053591790194 0.3542542759407069 0.35096921322690994 0.3241698973774231 0.3436716077537058 0.30320296465222346
0 0.9329532497149373 0.3259931584948689 0.912884834663626 0.3241698973774231 0.9156214367160775 0.3460490307867731 0.9908779931584949 0.350285062713797 0.9885974914481186 0.3177890535917902 0.9311288483466363 0.3159657924743443 0.9329532497149373 0.3259931584948689
0 0.9229190421892817 0.39254275940706956 0.9977194982896237 0.3952770809578107 0.9949828962371722 0.36519384264538196 0.9407069555302167 0.3616875712656784 0.9384264538198404 0.380690992018244 0.9210946408209806 0.38342645381984036 0.9229190421892817 0.39254275940706956
0 0.9904218928164197 0.4098631698973774 0.9315849486887116 0.4072976054732041 0.9347776510832383 0.4399464082098062 0.989509692132269 0.44176966932725203 0.9904218928164197 0.4098631698973774
0 0.9384264538198404 0.6295655644241733 0.8992018244013683 0.6231835803876853 0.8928164196123147 0.6632953249714938 0.9366020524515393 0.6651185860889395 0.9384264538198404 0.6295655644241733
0 0.9988597491448119 0.5486887115165336 0.9667046750285062 0.5484310148232611 0.9667046750285062 0.5730444697833523 0.9988597491448119 0.576690992018244 0.9988597491448119 0.5486887115165336
0 0.9977194982896237 0.5840364880273661 0.9657924743443558 0.5812497149372862 0.9639680729760547 0.5985701254275941 0.9988597491448119 0.6003933865450398 0.9977194982896237 0.5840364880273661
0 0.9776510832383124 0.6222725199543899 0.9977194982896237 0.6216647662485747 0.9988597491448119 0.604950969213227 0.9794754846066135 0.604950969213227 0.9776510832383124 0.6222725199543899
0 0.978563283922463 0.6022166476624857 0.9566704675028507 0.6000000000000001 0.9594070695553022 0.6231835803876853 0.976738882554162 0.6231835803876853 0.978563283922463 0.6022166476624857
0 0.8681870011402508 0.561193842645382 0.8244013683010262 0.5555302166476624 0.8207525655644241 0.637769669327252 0.8627137970353478 0.6423283922462942 0.8681870011402508 0.561193842645382
0 0.6437856328392246 0.5839840364880273 0.7377423033067275 0.5897377423033068 0.7359179019384264 0.5165233751425313 0.6456100342075257 0.5137890535917902 0.6437856328392246 0.5839840364880273
0 0.3919931584948689 0.8555667046750285 0.4738380843785633 0.8584823261117446 0.47206385404789053 0.8368278221208666 0.39249942987457237 0.8332827822120866 0.3919931584948689 0.8555667046750285