0 0.6934199464082098 0.07996581984036488 0.6528485838084379 0.12155344127708095 0.8106263705815279 0.21715566362599772 0.8447429441277081 0.1709729418472064 0.6934199464082098 0.07996581984036488
0 0.7192893808437856 0.03442745952109464 0.6960262930444698 0.06655732953249716 0.8510692485746865 0.15235275940706955 0.8801428107183581 0.1082378038768529 0.7192893808437856 0.03442745952109464
0 0.9036418494868872 0.07290040250855188 0.8221478107183581 0.054421112884834665 0.8838122018244013 0.095329496009122 0.9036418494868872 0.07290040250855188
0 0.8475818392246294 0.3294711060433296 0.7819905849486887 0.316721457240593 0.7595973340935006 0.3602959064994299 0.8287918415051312 0.37838471265678447 0.8475818392246294 0.3294711060433296
0 0.7413439714937287 0.3984919908779932 0.807267228050171 0.4174904104903079 0.8265177126567845 0.39804085746864315 0.749776409350057 0.3710303694412771 0.7413439714937287 0.3984919908779932
0 0.3554833409350057 0.6883570980615735 0.45644307183580385 0.741994984036488 0.6021498289623718 0.485843771949829 0.4906705473204105 0.4405594287343215 0.3554833409350057 0.6883570980615735
0 0.7109052497149372 0.602838196123147 0.7974513842645382 0.4441122725199544 0.7969611721778791 0.43867742531356896 0.7206022576966933 0.4176505176738882 0.6371535815279361 0.5684041345496009 0.7109052497149372 0.602838196123147
0 0.8999371619156215 0.42622726567844926 0.8429977069555302 0.39881928050171034 0.8405131938426454 0.39766918472063856 0.8246190148232612 0.43168509122006843 0.8768799087799316 0.4573041710376283 0.8999371619156215 0.42622726567844926
0 0.8004880558722919 0.4841992782212087 0.8521697867730901 0.5127978996579247 0.8724926419612316 0.47191196579247435 0.8190347730900798 0.4425063101482326 0.8004880558722919 0.4841992782212087
0 0.7739123899657925 0.5254141094640822 0.8262155963511973 0.5587722907639681 0.8510539863169897 0.5264949635119727 0.7928471505131129 0.4876939144811859 0.7739123899657925 0.5254141094640822
0 0.7494494298745724 0.5716795267958952 0.8014631630558723 0.6065269190421894 0.8262581242873432 0.5665102736602052 0.7715251049030787 0.5376956282782211 0.7494494298745724 0.5716795267958952
0 0.5888811744583808 0.6177711801596351 0.7480644526795894 0.6981860091220068 0.7958327286202964 0.6116167103762827 0.7472012314709237 0.5832455085518814 0.5888811744583808 0.6177711801596351
0 0.5178942223489168 0.7601241151653363 0.6720685416191562 0.8503882964652223 0.7537817183580388 0.6986185746864311 0.5924421151653364 0.6153712371721779 0.5178942223489168 0.7601241151653363
0 0.807656378563284 0.9725995735461802 0.8542434104903078 0.9955691288483467 0.8597890057012543 0.9750022542759408 0.8135794013683011 0.9480973318129988 0.807656378563284 0.9725995735461802