0 0.27879133409350054 0.7155074116305588 0.036488027366020526 0.04903078677309008
0 0.11231470923603193 0.7149372862029647 0.037628278221208664 0.05473204104903079
0 0.4908779931584949 0.467502850627138 0.04446978335233751 0.05131128848346636
0 0.46123147092360317 0.13740022805017105 0.052451539338654506 0.055872291904218926
0 0.9640820980615735 0.3523375142531357 0.04104903078677309 0.046750285062713795
0 0.9823261117445838 0.36659064994298746 0.03534777651083238 0.046750285062713795
0 0.03249714937286203 0.4549600912200684 0.037628278221208664 0.052451539338654506
0 0.4321550741163056 0.508551881413911 0.05131128848346636 0.06157354618015964
0 0.01767388825541619 0.14424173318129987 0.02394526795895097 0.06157354618015964
0 0.28278221208665905 0.36316989737742306 0.029646522234891677 0.052451539338654506
0 0.30672748004561 0.3603192702394527 0.03192702394526796 0.053591790193842644