0 0.8296755712656785 0.7190233397947549 0.8609876636259978 0.7024944583808438 0.828851732041049 0.6384287149372861 0.7987349760547321 0.6600624846066135 0.8296755712656785 0.7190233397947549
0 0.339813921322691 0.09255511630558724 0.3631935518814139 0.14695227137970351 0.3897108449258837 0.130659244013683 0.3656970250855188 0.07870590193842646 0.339813921322691 0.09255511630558724
0 0.2942864047890536 0.08516099543899658 0.3304197833523375 0.16446143443557582 0.3596181037628278 0.14764726795895095 0.32326278335233755 0.06560532269099202 0.2942864047890536 0.08516099543899658
0 0.23866773660205243 0.05513067958950969 0.2967756054732041 0.1774987103762828 0.3272160638540479 0.16229952793614594 0.26732046978335233 0.04027899543899658 0.23866773660205243 0.05513067958950969
0 0.20702009806157354 0.07195683808437857 0.26330640592930443 0.19143018928164196 0.2946401664766249 0.17605736602052452 0.23670615393386546 0.05458375712656784 0.20702009806157354 0.07195683808437857
0 0.17121183694412773 0.08471860661345497 0.1895576031927024 0.12222609350057012 0.21965034435575828 0.10523806955530216 0.2012742542759407 0.06796853021664766 0.17121183694412773 0.08471860661345497
0 0.1921716054732041 0.13285657126567846 0.21056669327251995 0.16826598745724058 0.24046044583808437 0.15502950399087798 0.22263106043329534 0.11579726453819841 0.1921716054732041 0.13285657126567846
0 0.2122620843785633 0.17652243101482326 0.22983608779931586 0.20536188483466364 0.2590103945267959 0.1931934652223489 0.2393932850627138 0.15430872405929305 0.2122620843785633 0.17652243101482326
0 0.13760821550741165 0.10285318472063854 0.19331301254275943 0.22267162485746864 0.22392732725199543 0.2083668631698974 0.1663650456100342 0.08403635005701254 0.13760821550741165 0.10285318472063854
0 0.10111657354618017 0.11806832839224629 0.11161829988597492 0.1364477434435576 0.14099159749144813 0.12052778107183582 0.13180355074116304 0.10189301254275941 0.10111657354618017 0.11806832839224629
0 0.11567975028506272 0.15120589167616874 0.1587515188141391 0.24052828620296465 0.19063198517673888 0.22319276396807297 0.14575891790193843 0.13073969555302167 0.11567975028506272 0.15120589167616874