0 0.7867730900798175 0.1459521094640821 0.05017103762827822 0.046750285062713795
0 0.7548460661345496 0.01710376282782212 0.05701254275940707 0.0330672748004561
0 0.7616875712656784 0.8278221208665907 0.04789053591790194 0.028506271379703536
0 0.5895096921322691 0.2554161915621437 0.05131128848346636 0.04789053591790194
0 0.3443557582668187 0.1379703534777651 0.06385404789053592 0.04104903078677309
0 0.18015963511972635 0.07411630558722919 0.06385404789053592 0.036488027366020526
0 0.3717217787913341 0.9122006841505131 0.06955530216647662 0.046750285062713795
0 0.35156249942987455 0.41294726567844925 0.37109375028506275 0.3836503911060433 0.33900585974914477 0.3571425781071836 0.31808007867730903 0.39201953135689854 0.35156249942987455 0.41294726567844925
0 0.29854882782212083 0.315291015963512 0.2887832029646522 0.3334257810718358 0.3459824218928164 0.3585371094640821 0.3557480467502851 0.3445878905359179 0.29854882782212083 0.315291015963512
0 0.2553007810718358 0.315291015963512 0.239955078677309 0.3445878905359179 0.2804121094640821 0.3696992189281642 0.2915742189281642 0.3404023432155074 0.2553007810718358 0.315291015963512
0 0.23158398403648803 0.9305253911060434 0.19112695324971493 0.9123886716077536 0.18275585974914482 0.9277343751425314 0.228794921322691 0.943080078677309 0.23158398403648803 0.9305253911060434
0 0.1883378905359179 0.9361054686431015 0.17717578107183582 0.9514511721778791 0.20368359407069556 0.9640058597491448 0.21205273432155075 0.9472656248574686 0.1883378905359179 0.9361054686431015
0 0.19949804675028507 0.9681914059293045 0.17438671835803876 0.9556367183580388 0.16741015621436714 0.9709824218928165 0.19112695324971493 0.9905136716077536 0.19949804675028507 0.9681914059293045