0 0.27863586887115166 0.47219316419612317 0.6773029247434437 0.34424869441277084 0.6573732006841505 0.29629472291904224 0.25998975712656786 0.42832459179019383 0.27863586887115166 0.47219316419612317
0 0.9556353671607754 0.25547297035347777 0.949221259977195 0.20248666248574687 0.7160998677309008 0.2790408392246294 0.7336540182440137 0.3243121140250855 0.9556353671607754 0.25547297035347777
0 0.9284088175598632 0.1728072417331813 0.9118364446978335 0.13385789167616877 0.7568743534777651 0.18335771835803877 0.7797182006841505 0.22762393272519957 0.9284088175598632 0.1728072417331813
0 0.9285659247434436 0.04661656328392246 0.8278264618015964 0.08054067046750285 0.8384276328392246 0.12273916077537059 0.9460090102622577 0.08870733637400229 0.9285659247434436 0.04661656328392246
0 0.9709155735461802 0.08314487001140251 0.9854955370581527 0.07591897833523376 0.9837678722919042 0.026445143671607753 0.9525579236031927 0.03665688141391106 0.9709155735461802 0.08314487001140251
0 0.8894982052451539 0 0.9018341459521094 0.021704209806157355 0.9652250900798175 0.0073280661345496 0.9639487616875713 0 0.8894982052451539 0
0 0.8090084697833524 0 0.4741220969213227 0.10201416191562143 0.49263884378563283 0.15305809578107185 0.8623507229190421 0.03458145381984037 0.8499500456100343 0 0.8090084697833524 0
0 0.663569677309008 0 0.5088193283922463 0.006543262257696693 0.5258170467502851 0.05764024287343216 0.7084614161915621 0 0.663569677309008 0
0 0.114946417331813 0.44598337742303307 0.14203061915621437 0.4374354538198404 0.10000647662485747 0.3122111972633979 0.07271838996579248 0.325833181299886 0.114946417331813 0.44598337742303307
0 0.16153613683010262 0.473241755986317 0.14717214709236032 0.4539798928164196 0.11867275484606614 0.46558705131128847 0.13618302736602053 0.48780932953249717 0.16153613683010262 0.473241755986317
0 0.08883025997719499 0.26445812656784495 0.05745294298745724 0.2807569509692132 0.07056305245153933 0.3076647229190422 0.0975099236031927 0.2951841904218928 0.08883025997719499 0.26445812656784495
0 0.1618375416191562 0.5690102155074116 0.2654571448118586 0.5304251710376283 0.2507032166476625 0.45644460889395666 0.13492874914481187 0.495443842645382 0.1618375416191562 0.5690102155074116
0 0 0.08532050855188142 0.018862436716077537 0.16672184378563285 0.07133777080957811 0.1556077708095781 0.026957854047890535 0.017355169897377423 0 0.020220358038768527 0 0.08532050855188142
0 0.1795175473204105 0.24760903420752564 0.11178048232611174 0.268218189281642 0.1837785644241733 0.47852573774230334 0.25390150969213227 0.4608944241733181 0.1795175473204105 0.24760903420752564